#depth	N	N+	N+2	N+3	N+4	N+5	N+6	N+7
 4.62852e+21	0.00e+00	1.76e-28	2.14e-22	2.68e-17	1.19e-12	1.16e-07	6.84e-04	9.99e-01
 1.05465e+22	0.00e+00	1.48e-27	1.28e-21	1.15e-16	3.65e-12	2.41e-07	9.76e-04	9.99e-01
 1.27170e+22	0.00e+00	6.24e-27	4.28e-21	3.09e-16	7.81e-12	3.96e-07	1.24e-03	9.99e-01
 1.43030e+22	0.00e+00	1.96e-26	1.12e-20	6.81e-16	1.43e-11	5.88e-07	1.50e-03	9.98e-01
 1.51841e+22	0.00e+00	2.61e-26	1.43e-20	8.31e-16	1.67e-11	6.49e-07	1.58e-03	9.98e-01
 1.55050e+22	0.00e+00	3.30e-26	1.74e-20	9.76e-16	1.89e-11	7.04e-07	1.64e-03	9.98e-01
 1.57808e+22	2.03e-33	4.09e-26	2.08e-20	1.13e-15	2.12e-11	7.58e-07	1.70e-03	9.98e-01
 1.60821e+22	2.75e-33	5.31e-26	2.60e-20	1.35e-15	2.44e-11	8.30e-07	1.78e-03	9.98e-01
 1.63923e+22	3.62e-33	6.73e-26	3.17e-20	1.59e-15	2.76e-11	9.00e-07	1.85e-03	9.98e-01
 1.66612e+22	4.65e-33	8.36e-26	3.80e-20	1.85e-15	3.09e-11	9.70e-07	1.92e-03	9.98e-01
 1.69582e+22	6.24e-33	1.08e-25	4.71e-20	2.20e-15	3.55e-11	1.06e-06	2.00e-03	9.98e-01
 1.72649e+22	8.21e-33	1.36e-25	5.74e-20	2.59e-15	4.01e-11	1.15e-06	2.08e-03	9.98e-01
 1.75292e+22	1.05e-32	1.68e-25	6.86e-20	2.99e-15	4.49e-11	1.24e-06	2.15e-03	9.98e-01
 1.78177e+22	1.40e-32	2.16e-25	8.45e-20	3.55e-15	5.13e-11	1.35e-06	2.25e-03	9.98e-01
 1.81244e+22	1.84e-32	2.74e-25	1.03e-19	4.17e-15	5.81e-11	1.46e-06	2.34e-03	9.98e-01
 1.84003e+22	2.38e-32	3.41e-25	1.24e-19	4.86e-15	6.53e-11	1.58e-06	2.43e-03	9.98e-01
 1.86479e+22	2.99e-32	4.15e-25	1.46e-19	5.55e-15	7.24e-11	1.69e-06	2.51e-03	9.97e-01
 1.88785e+22	3.70e-32	4.99e-25	1.71e-19	6.30e-15	7.99e-11	1.80e-06	2.59e-03	9.97e-01
 1.91437e+22	4.77e-32	6.22e-25	2.06e-19	7.35e-15	9.00e-11	1.95e-06	2.68e-03	9.97e-01
 1.94292e+22	6.19e-32	7.77e-25	2.48e-19	8.55e-15	1.01e-10	2.11e-06	2.79e-03	9.97e-01
 1.96865e+22	7.85e-32	9.54e-25	2.95e-19	9.84e-15	1.13e-10	2.26e-06	2.88e-03	9.97e-01
 1.99663e+22	1.04e-31	1.21e-24	3.61e-19	1.16e-14	1.28e-10	2.46e-06	3.00e-03	9.97e-01
 2.02502e+22	1.34e-31	1.51e-24	4.34e-19	1.35e-14	1.44e-10	2.65e-06	3.12e-03	9.97e-01
 2.04872e+22	1.66e-31	1.82e-24	5.08e-19	1.53e-14	1.59e-10	2.83e-06	3.22e-03	9.97e-01
 2.07430e+22	2.14e-31	2.26e-24	6.10e-19	1.78e-14	1.79e-10	3.06e-06	3.34e-03	9.97e-01
 2.10197e+22	2.76e-31	2.81e-24	7.34e-19	2.07e-14	2.00e-10	3.30e-06	3.46e-03	9.97e-01
 2.12719e+22	3.46e-31	3.42e-24	8.64e-19	2.36e-14	2.22e-10	3.53e-06	3.58e-03	9.96e-01
 2.15053e+22	4.29e-31	4.11e-24	1.01e-18	2.69e-14	2.45e-10	3.77e-06	3.70e-03	9.96e-01
 2.17659e+22	5.53e-31	5.12e-24	1.21e-18	3.12e-14	2.76e-10	4.07e-06	3.83e-03	9.96e-01
 2.20399e+22	7.06e-31	6.31e-24	1.45e-18	3.60e-14	3.08e-10	4.38e-06	3.98e-03	9.96e-01
 2.22807e+22	8.82e-31	7.64e-24	1.70e-18	4.11e-14	3.40e-10	4.68e-06	4.11e-03	9.96e-01
 2.25434e+22	1.14e-30	9.56e-24	2.05e-18	4.79e-14	3.84e-10	5.07e-06	4.27e-03	9.96e-01
 2.28221e+22	1.47e-30	1.19e-23	2.46e-18	5.55e-14	4.29e-10	5.47e-06	4.43e-03	9.96e-01
 2.30651e+22	1.84e-30	1.44e-23	2.88e-18	6.32e-14	4.74e-10	5.85e-06	4.58e-03	9.95e-01
 2.32861e+22	2.26e-30	1.71e-23	3.34e-18	7.13e-14	5.21e-10	6.22e-06	4.72e-03	9.95e-01
 2.35351e+22	2.88e-30	2.11e-23	3.98e-18	8.23e-14	5.82e-10	6.70e-06	4.89e-03	9.95e-01
 2.38028e+22	3.69e-30	2.61e-23	4.75e-18	9.50e-14	6.49e-10	7.21e-06	5.07e-03	9.95e-01
 2.40439e+22	4.59e-30	3.14e-23	5.55e-18	1.08e-13	7.16e-10	7.70e-06	5.24e-03	9.95e-01
 2.43066e+22	5.97e-30	3.94e-23	6.71e-18	1.26e-13	8.06e-10	8.34e-06	5.45e-03	9.95e-01
 2.45847e+22	7.75e-30	4.91e-23	8.06e-18	1.46e-13	9.02e-10	9.01e-06	5.66e-03	9.94e-01
 2.48191e+22	9.52e-30	5.86e-23	9.35e-18	1.65e-13	9.90e-10	9.59e-06	5.84e-03	9.94e-01
 2.50603e+22	1.22e-29	7.23e-23	1.11e-17	1.90e-13	1.10e-09	1.03e-05	6.06e-03	9.94e-01
 2.53182e+22	1.54e-29	8.85e-23	1.32e-17	2.17e-13	1.22e-09	1.11e-05	6.28e-03	9.94e-01
 2.55537e+22	1.92e-29	1.07e-22	1.54e-17	2.46e-13	1.34e-09	1.18e-05	6.49e-03	9.94e-01
 2.58157e+22	2.53e-29	1.35e-22	1.87e-17	2.88e-13	1.51e-09	1.28e-05	6.76e-03	9.93e-01
 2.60834e+22	3.19e-29	1.64e-22	2.20e-17	3.29e-13	1.68e-09	1.38e-05	7.00e-03	9.93e-01
 2.63118e+22	3.99e-29	1.98e-22	2.57e-17	3.72e-13	1.84e-09	1.47e-05	7.24e-03	9.93e-01
 2.65265e+22	4.87e-29	2.35e-22	2.97e-17	4.18e-13	2.00e-09	1.56e-05	7.47e-03	9.93e-01
 2.67700e+22	6.28e-29	2.92e-22	3.54e-17	4.81e-13	2.23e-09	1.68e-05	7.76e-03	9.92e-01
 2.70270e+22	8.04e-29	3.60e-22	4.21e-17	5.52e-13	2.47e-09	1.81e-05	8.05e-03	9.92e-01
 2.72543e+22	9.99e-29	4.32e-22	4.89e-17	6.23e-13	2.70e-09	1.92e-05	8.32e-03	9.92e-01
 2.75023e+22	1.31e-28	5.44e-22	5.92e-17	7.24e-13	3.02e-09	2.08e-05	8.68e-03	9.91e-01
 2.77499e+22	1.64e-28	6.57e-22	6.90e-17	8.18e-13	3.30e-09	2.22e-05	8.98e-03	9.91e-01
 2.79596e+22	2.01e-28	7.78e-22	7.93e-17	9.14e-13	3.58e-09	2.36e-05	9.25e-03	9.91e-01
 2.81951e+22	2.61e-28	9.70e-22	9.50e-17	1.05e-12	3.97e-09	2.54e-05	9.63e-03	9.90e-01
 2.84385e+22	3.28e-28	1.18e-21	1.11e-16	1.19e-12	4.34e-09	2.71e-05	9.98e-03	9.90e-01
 2.86551e+22	4.11e-28	1.42e-21	1.30e-16	1.34e-12	4.73e-09	2.89e-05	1.03e-02	9.90e-01
 2.88999e+22	5.42e-28	1.79e-21	1.57e-16	1.56e-12	5.27e-09	3.13e-05	1.08e-02	9.89e-01
 2.91407e+22	6.80e-28	2.17e-21	1.83e-16	1.76e-12	5.74e-09	3.33e-05	1.12e-02	9.89e-01
 2.93395e+22	8.32e-28	2.56e-21	2.10e-16	1.96e-12	6.20e-09	3.53e-05	1.15e-02	9.88e-01
 2.95612e+22	1.08e-27	3.18e-21	2.50e-16	2.24e-12	6.82e-09	3.80e-05	1.20e-02	9.88e-01
 2.97904e+22	1.36e-27	3.86e-21	2.92e-16	2.52e-12	7.41e-09	4.05e-05	1.24e-02	9.88e-01
 2.99940e+22	1.68e-27	4.62e-21	3.37e-16	2.83e-12	8.03e-09	4.30e-05	1.28e-02	9.87e-01
 3.02232e+22	2.21e-27	5.80e-21	4.05e-16	3.26e-12	8.87e-09	4.64e-05	1.34e-02	9.87e-01
 3.04508e+22	2.79e-27	7.02e-21	4.73e-16	3.66e-12	9.61e-09	4.94e-05	1.38e-02	9.86e-01
 3.06395e+22	3.41e-27	8.31e-21	5.42e-16	4.07e-12	1.04e-08	5.23e-05	1.43e-02	9.86e-01
 3.08478e+22	4.38e-27	1.02e-20	6.40e-16	4.63e-12	1.13e-08	5.60e-05	1.48e-02	9.85e-01
 3.10669e+22	5.51e-27	1.24e-20	7.46e-16	5.20e-12	1.23e-08	5.96e-05	1.54e-02	9.85e-01
 3.12663e+22	6.95e-27	1.50e-20	8.70e-16	5.85e-12	1.33e-08	6.35e-05	1.59e-02	9.84e-01
 3.14587e+22	8.60e-27	1.79e-20	1.00e-15	6.53e-12	1.43e-08	6.73e-05	1.64e-02	9.83e-01
 3.16468e+22	1.07e-26	2.14e-20	1.16e-15	7.28e-12	1.54e-08	7.14e-05	1.70e-02	9.83e-01
 3.18623e+22	1.40e-26	2.68e-20	1.39e-15	8.35e-12	1.69e-08	7.69e-05	1.77e-02	9.82e-01
 3.20811e+22	1.77e-26	3.26e-20	1.62e-15	9.41e-12	1.84e-08	8.20e-05	1.83e-02	9.82e-01
 3.22672e+22	2.19e-26	3.89e-20	1.87e-15	1.05e-11	1.98e-08	8.69e-05	1.89e-02	9.81e-01
 3.24721e+22	2.86e-26	4.85e-20	2.23e-15	1.20e-11	2.17e-08	9.34e-05	1.97e-02	9.80e-01
 3.26838e+22	3.62e-26	5.90e-20	2.61e-15	1.35e-11	2.35e-08	9.96e-05	2.04e-02	9.79e-01
 3.28718e+22	4.54e-26	7.11e-20	3.03e-15	1.51e-11	2.53e-08	1.06e-04	2.11e-02	9.79e-01
 3.30835e+22	6.00e-26	8.96e-20	3.65e-15	1.74e-11	2.79e-08	1.14e-04	2.20e-02	9.78e-01
 3.32972e+22	7.63e-26	1.09e-19	4.28e-15	1.97e-11	3.02e-08	1.22e-04	2.28e-02	9.77e-01
 3.34811e+22	9.57e-26	1.32e-19	4.97e-15	2.21e-11	3.26e-08	1.29e-04	2.36e-02	9.76e-01
 3.36877e+22	1.27e-25	1.66e-19	6.00e-15	2.54e-11	3.59e-08	1.40e-04	2.46e-02	9.75e-01
 3.39027e+22	1.64e-25	2.06e-19	7.12e-15	2.90e-11	3.92e-08	1.50e-04	2.55e-02	9.74e-01
 3.40955e+22	2.07e-25	2.50e-19	8.32e-15	3.27e-11	4.25e-08	1.60e-04	2.64e-02	9.73e-01
 3.42839e+22	2.66e-25	3.08e-19	9.83e-15	3.70e-11	4.62e-08	1.70e-04	2.74e-02	9.72e-01
 3.44633e+22	3.31e-25	3.70e-19	1.14e-14	4.14e-11	4.98e-08	1.81e-04	2.83e-02	9.72e-01
 3.46600e+22	4.42e-25	4.70e-19	1.38e-14	4.79e-11	5.49e-08	1.95e-04	2.95e-02	9.70e-01
 3.48602e+22	5.69e-25	5.79e-19	1.63e-14	5.44e-11	5.97e-08	2.09e-04	3.05e-02	9.69e-01
 3.50211e+22	6.96e-25	6.84e-19	1.87e-14	6.03e-11	6.39e-08	2.20e-04	3.14e-02	9.68e-01
 3.51861e+22	8.94e-25	8.43e-19	2.21e-14	6.85e-11	6.97e-08	2.35e-04	3.25e-02	9.67e-01
 3.53454e+22	1.08e-24	9.90e-19	2.51e-14	7.55e-11	7.43e-08	2.47e-04	3.34e-02	9.66e-01
 3.54756e+22	1.31e-24	1.16e-18	2.86e-14	8.32e-11	7.93e-08	2.60e-04	3.43e-02	9.65e-01
 3.56034e+22	1.58e-24	1.35e-18	3.23e-14	9.14e-11	8.44e-08	2.73e-04	3.52e-02	9.65e-01
 3.57280e+22	1.87e-24	1.56e-18	3.62e-14	9.98e-11	8.95e-08	2.85e-04	3.60e-02	9.64e-01
 3.58680e+22	2.35e-24	1.89e-18	4.23e-14	1.12e-10	9.68e-08	3.03e-04	3.71e-02	9.63e-01
 3.60077e+22	2.83e-24	2.20e-18	4.79e-14	1.23e-10	1.03e-07	3.17e-04	3.81e-02	9.62e-01
 3.61229e+22	3.38e-24	2.56e-18	5.40e-14	1.35e-10	1.09e-07	3.32e-04	3.90e-02	9.61e-01
 3.62302e+22	3.99e-24	2.93e-18	6.04e-14	1.47e-10	1.16e-07	3.47e-04	3.99e-02	9.60e-01
 3.63516e+22	4.92e-24	3.49e-18	6.95e-14	1.64e-10	1.24e-07	3.65e-04	4.10e-02	9.59e-01
 3.64776e+22	5.89e-24	4.06e-18	7.85e-14	1.80e-10	1.32e-07	3.83e-04	4.19e-02	9.58e-01
 3.65915e+22	7.07e-24	4.73e-18	8.89e-14	1.97e-10	1.41e-07	4.01e-04	4.29e-02	9.57e-01
 3.67039e+22	8.44e-24	5.49e-18	1.00e-13	2.16e-10	1.50e-07	4.19e-04	4.39e-02	9.56e-01
 3.68106e+22	1.00e-23	6.33e-18	1.13e-13	2.36e-10	1.59e-07	4.38e-04	4.49e-02	9.55e-01
 3.69113e+22	1.19e-23	7.31e-18	1.26e-13	2.58e-10	1.69e-07	4.56e-04	4.59e-02	9.54e-01
 3.70260e+22	1.49e-23	8.84e-18	1.48e-13	2.90e-10	1.82e-07	4.83e-04	4.72e-02	9.52e-01
 3.71396e+22	1.77e-23	1.02e-17	1.66e-13	3.18e-10	1.94e-07	5.04e-04	4.82e-02	9.51e-01
 3.72519e+22	2.26e-23	1.25e-17	1.96e-13	3.60e-10	2.10e-07	5.34e-04	4.97e-02	9.50e-01
 3.73625e+22	2.69e-23	1.45e-17	2.21e-13	3.95e-10	2.24e-07	5.58e-04	5.08e-02	9.49e-01
 3.74711e+22	3.39e-23	1.77e-17	2.59e-13	4.46e-10	2.42e-07	5.90e-04	5.22e-02	9.47e-01
 3.75820e+22	4.13e-23	2.08e-17	2.96e-13	4.94e-10	2.59e-07	6.18e-04	5.34e-02	9.46e-01
 3.76961e+22	5.34e-23	2.59e-17	3.54e-13	5.65e-10	2.84e-07	6.57e-04	5.51e-02	9.44e-01
 3.78100e+22	6.54e-23	3.07e-17	4.06e-13	6.28e-10	3.04e-07	6.90e-04	5.64e-02	9.43e-01
 3.79058e+22	7.87e-23	3.59e-17	4.62e-13	6.93e-10	3.25e-07	7.21e-04	5.77e-02	9.42e-01
 3.80125e+22	1.04e-22	4.54e-17	5.59e-13	8.01e-10	3.58e-07	7.68e-04	5.95e-02	9.40e-01
 3.81172e+22	1.24e-22	5.29e-17	6.34e-13	8.81e-10	3.81e-07	8.02e-04	6.07e-02	9.38e-01
 3.82191e+22	1.63e-22	6.66e-17	7.65e-13	1.02e-09	4.19e-07	8.53e-04	6.26e-02	9.37e-01
 3.83190e+22	1.96e-22	7.76e-17	8.68e-13	1.12e-09	4.47e-07	8.90e-04	6.39e-02	9.35e-01
 3.84164e+22	2.55e-22	9.70e-17	1.04e-12	1.29e-09	4.90e-07	9.45e-04	6.58e-02	9.33e-01
 3.85153e+22	3.14e-22	1.16e-16	1.21e-12	1.44e-09	5.28e-07	9.92e-04	6.73e-02	9.32e-01
 3.86159e+22	4.20e-22	1.48e-16	1.47e-12	1.67e-09	5.84e-07	1.06e-03	6.95e-02	9.29e-01
 3.87160e+22	5.17e-22	1.77e-16	1.70e-12	1.87e-09	6.29e-07	1.11e-03	7.11e-02	9.28e-01
 3.88154e+22	6.90e-22	2.26e-16	2.08e-12	2.18e-09	6.96e-07	1.18e-03	7.33e-02	9.26e-01
 3.89166e+22	8.70e-22	2.76e-16	2.45e-12	2.47e-09	7.56e-07	1.25e-03	7.51e-02	9.24e-01
 3.90049e+22	1.09e-21	3.34e-16	2.87e-12	2.78e-09	8.19e-07	1.31e-03	7.70e-02	9.22e-01
 3.91045e+22	1.47e-21	4.31e-16	3.54e-12	3.26e-09	9.11e-07	1.40e-03	7.94e-02	9.19e-01
 3.92045e+22	1.86e-21	5.26e-16	4.17e-12	3.70e-09	9.90e-07	1.48e-03	8.14e-02	9.17e-01
 3.93050e+22	2.53e-21	6.85e-16	5.18e-12	4.36e-09	1.11e-06	1.58e-03	8.41e-02	9.14e-01
 3.94071e+22	3.24e-21	8.45e-16	6.16e-12	4.98e-09	1.21e-06	1.67e-03	8.63e-02	9.12e-01
 3.95113e+22	4.50e-21	1.12e-15	7.75e-12	5.93e-09	1.36e-06	1.79e-03	8.93e-02	9.09e-01
 3.96159e+22	5.78e-21	1.38e-15	9.25e-12	6.78e-09	1.48e-06	1.90e-03	9.16e-02	9.06e-01
 3.97211e+22	8.05e-21	1.84e-15	1.17e-11	8.10e-09	1.67e-06	2.04e-03	9.48e-02	9.03e-01
 3.98236e+22	1.02e-20	2.24e-15	1.38e-11	9.19e-09	1.82e-06	2.15e-03	9.72e-02	9.01e-01
 3.99227e+22	1.40e-20	2.94e-15	1.72e-11	1.09e-08	2.04e-06	2.31e-03	1.00e-01	8.97e-01
 4.00228e+22	1.76e-20	3.59e-15	2.03e-11	1.23e-08	2.22e-06	2.43e-03	1.03e-01	8.95e-01
 4.01243e+22	2.41e-20	4.69e-15	2.53e-11	1.46e-08	2.48e-06	2.60e-03	1.06e-01	8.91e-01
 4.02281e+22	3.07e-20	5.77e-15	3.01e-11	1.67e-08	2.71e-06	2.75e-03	1.09e-01	8.88e-01
 4.03347e+22	4.20e-20	7.55e-15	3.76e-11	1.98e-08	3.04e-06	2.95e-03	1.13e-01	8.84e-01
 4.04439e+22	5.41e-20	9.37e-15	4.49e-11	2.27e-08	3.34e-06	3.13e-03	1.16e-01	8.81e-01
 4.05565e+22	7.48e-20	1.24e-14	5.65e-11	2.70e-08	3.76e-06	3.36e-03	1.20e-01	8.77e-01
 4.06712e+22	9.58e-20	1.53e-14	6.74e-11	3.09e-08	4.12e-06	3.56e-03	1.23e-01	8.74e-01
 4.07887e+22	1.32e-19	2.01e-14	8.46e-11	3.69e-08	4.64e-06	3.83e-03	1.27e-01	8.69e-01
 4.09083e+22	1.69e-19	2.49e-14	1.01e-10	4.22e-08	5.09e-06	4.06e-03	1.30e-01	8.66e-01
 4.10306e+22	2.33e-19	3.28e-14	1.27e-10	5.03e-08	5.74e-06	4.37e-03	1.35e-01	8.61e-01
 4.11536e+22	2.96e-19	4.02e-14	1.50e-10	5.74e-08	6.28e-06	4.63e-03	1.38e-01	8.57e-01
 4.12775e+22	4.03e-19	5.24e-14	1.87e-10	6.80e-08	7.06e-06	4.97e-03	1.43e-01	8.52e-01
 4.14043e+22	5.11e-19	6.43e-14	2.22e-10	7.76e-08	7.73e-06	5.26e-03	1.47e-01	8.48e-01
 4.15149e+22	6.39e-19	7.80e-14	2.61e-10	8.78e-08	8.42e-06	5.55e-03	1.50e-01	8.44e-01
 4.16387e+22	8.55e-19	1.00e-13	3.21e-10	1.03e-07	9.42e-06	5.95e-03	1.55e-01	8.39e-01
 4.17625e+22	1.05e-18	1.20e-13	3.73e-10	1.16e-07	1.02e-05	6.26e-03	1.59e-01	8.35e-01
 4.18864e+22	1.39e-18	1.52e-13	4.56e-10	1.35e-07	1.14e-05	6.70e-03	1.64e-01	8.30e-01
 4.20131e+22	1.72e-18	1.83e-13	5.31e-10	1.53e-07	1.24e-05	7.06e-03	1.67e-01	8.26e-01
 4.21251e+22	2.13e-18	2.19e-13	6.18e-10	1.72e-07	1.34e-05	7.43e-03	1.71e-01	8.21e-01
 4.22525e+22	2.80e-18	2.78e-13	7.53e-10	2.00e-07	1.49e-05	7.94e-03	1.76e-01	8.16e-01
 4.23792e+22	3.38e-18	3.27e-13	8.63e-10	2.23e-07	1.61e-05	8.32e-03	1.80e-01	8.12e-01
 4.25049e+22	4.40e-18	4.10e-13	1.04e-09	2.58e-07	1.79e-05	8.88e-03	1.85e-01	8.06e-01
 4.26331e+22	5.33e-18	4.83e-13	1.20e-09	2.88e-07	1.93e-05	9.31e-03	1.89e-01	8.01e-01
 4.27644e+22	6.92e-18	6.05e-13	1.45e-09	3.34e-07	2.14e-05	9.93e-03	1.95e-01	7.95e-01
 4.28983e+22	8.41e-18	7.16e-13	1.66e-09	3.73e-07	2.31e-05	1.04e-02	1.99e-01	7.91e-01
 4.30354e+22	1.09e-17	8.99e-13	2.01e-09	4.33e-07	2.57e-05	1.11e-02	2.05e-01	7.84e-01
 4.31750e+22	1.33e-17	1.06e-12	2.32e-09	4.85e-07	2.78e-05	1.17e-02	2.09e-01	7.79e-01
 4.33179e+22	1.73e-17	1.34e-12	2.81e-09	5.63e-07	3.09e-05	1.25e-02	2.15e-01	7.73e-01
 4.34575e+22	2.06e-17	1.55e-12	3.18e-09	6.22e-07	3.32e-05	1.31e-02	2.19e-01	7.68e-01
 4.35930e+22	2.64e-17	1.92e-12	3.81e-09	7.17e-07	3.67e-05	1.39e-02	2.25e-01	7.61e-01
 4.37305e+22	3.14e-17	2.23e-12	4.32e-09	7.92e-07	3.94e-05	1.45e-02	2.29e-01	7.56e-01
 4.38707e+22	3.99e-17	2.74e-12	5.14e-09	9.08e-07	4.34e-05	1.54e-02	2.35e-01	7.49e-01
 4.40152e+22	4.83e-17	3.24e-12	5.91e-09	1.01e-06	4.69e-05	1.62e-02	2.40e-01	7.44e-01
 4.41654e+22	6.14e-17	3.98e-12	7.02e-09	1.16e-06	5.18e-05	1.72e-02	2.46e-01	7.37e-01
 4.43204e+22	7.51e-17	4.73e-12	8.13e-09	1.31e-06	5.63e-05	1.81e-02	2.51e-01	7.30e-01
 4.44817e+22	9.62e-17	5.86e-12	9.73e-09	1.51e-06	6.23e-05	1.93e-02	2.58e-01	7.23e-01
 4.46473e+22	1.18e-16	7.01e-12	1.13e-08	1.70e-06	6.78e-05	2.04e-02	2.64e-01	7.16e-01
 4.48185e+22	1.52e-16	8.72e-12	1.36e-08	1.97e-06	7.53e-05	2.17e-02	2.71e-01	7.08e-01
 4.49953e+22	1.89e-16	1.05e-11	1.59e-08	2.23e-06	8.23e-05	2.30e-02	2.77e-01	7.00e-01
 4.51792e+22	2.46e-16	1.32e-11	1.93e-08	2.59e-06	9.18e-05	2.46e-02	2.84e-01	6.91e-01
 4.53687e+22	3.08e-16	1.60e-11	2.27e-08	2.95e-06	1.01e-04	2.60e-02	2.91e-01	6.83e-01
 4.55397e+22	3.82e-16	1.93e-11	2.65e-08	3.35e-06	1.10e-04	2.75e-02	2.97e-01	6.75e-01
 4.57362e+22	5.02e-16	2.44e-11	3.23e-08	3.92e-06	1.23e-04	2.95e-02	3.05e-01	6.65e-01
 4.59364e+22	6.29e-16	2.96e-11	3.81e-08	4.47e-06	1.35e-04	3.12e-02	3.12e-01	6.57e-01
 4.61416e+22	8.34e-16	3.78e-11	4.67e-08	5.26e-06	1.52e-04	3.35e-02	3.20e-01	6.46e-01
 4.63495e+22	1.05e-15	4.61e-11	5.53e-08	6.01e-06	1.68e-04	3.55e-02	3.28e-01	6.37e-01
 4.65611e+22	1.41e-15	5.94e-11	6.84e-08	7.13e-06	1.89e-04	3.82e-02	3.37e-01	6.25e-01
 4.67747e+22	1.78e-15	7.26e-11	8.10e-08	8.16e-06	2.08e-04	4.05e-02	3.44e-01	6.15e-01
 4.69912e+22	2.41e-15	9.44e-11	1.01e-07	9.74e-06	2.36e-04	4.37e-02	3.53e-01	6.03e-01
 4.72087e+22	3.03e-15	1.15e-10	1.20e-07	1.11e-05	2.60e-04	4.63e-02	3.61e-01	5.93e-01
 4.73895e+22	3.74e-15	1.38e-10	1.40e-07	1.26e-05	2.84e-04	4.88e-02	3.67e-01	5.84e-01
 4.75862e+22	4.94e-15	1.76e-10	1.71e-07	1.48e-05	3.19e-04	5.23e-02	3.76e-01	5.71e-01
 4.77822e+22	6.07e-15	2.10e-10	1.99e-07	1.67e-05	3.48e-04	5.51e-02	3.83e-01	5.62e-01
 4.79772e+22	8.00e-15	2.67e-10	2.44e-07	1.97e-05	3.91e-04	5.90e-02	3.91e-01	5.49e-01
 4.81746e+22	9.89e-15	3.21e-10	2.85e-07	2.23e-05	4.27e-04	6.22e-02	3.98e-01	5.39e-01
 4.83753e+22	1.32e-14	4.11e-10	3.52e-07	2.65e-05	4.82e-04	6.68e-02	4.07e-01	5.26e-01
 4.85783e+22	1.63e-14	4.97e-10	4.13e-07	3.01e-05	5.29e-04	7.05e-02	4.14e-01	5.15e-01
 4.87845e+22	2.18e-14	6.39e-10	5.11e-07	3.58e-05	5.99e-04	7.57e-02	4.23e-01	5.01e-01
 4.89948e+22	2.75e-14	7.81e-10	6.07e-07	4.12e-05	6.61e-04	8.02e-02	4.30e-01	4.89e-01
 4.92103e+22	3.71e-14	1.01e-09	7.60e-07	4.94e-05	7.54e-04	8.64e-02	4.39e-01	4.74e-01
 4.94299e+22	4.70e-14	1.25e-09	9.07e-07	5.72e-05	8.37e-04	9.17e-02	4.46e-01	4.61e-01
 4.96547e+22	6.40e-14	1.63e-09	1.15e-06	6.92e-05	9.60e-04	9.91e-02	4.55e-01	4.45e-01
 4.98818e+22	8.12e-14	2.01e-09	1.37e-06	8.04e-05	1.07e-03	1.05e-01	4.62e-01	4.31e-01
 5.00738e+22	1.01e-13	2.44e-09	1.62e-06	9.22e-05	1.18e-03	1.11e-01	4.68e-01	4.19e-01
 5.02827e+22	1.33e-13	3.10e-09	2.00e-06	1.10e-04	1.34e-03	1.19e-01	4.76e-01	4.04e-01
 5.04922e+22	1.64e-13	3.74e-09	2.35e-06	1.26e-04	1.48e-03	1.26e-01	4.81e-01	3.91e-01
 5.06971e+22	2.12e-13	4.68e-09	2.87e-06	1.49e-04	1.67e-03	1.35e-01	4.87e-01	3.76e-01
 5.09060e+22	2.62e-13	5.66e-09	3.39e-06	1.72e-04	1.85e-03	1.43e-01	4.92e-01	3.63e-01
 5.11108e+22	3.31e-13	6.97e-09	4.08e-06	2.01e-04	2.08e-03	1.52e-01	4.97e-01	3.49e-01
 5.13200e+22	4.09e-13	8.42e-09	4.84e-06	2.33e-04	2.31e-03	1.61e-01	5.02e-01	3.35e-01
 5.15255e+22	5.07e-13	1.02e-08	5.75e-06	2.71e-04	2.58e-03	1.70e-01	5.06e-01	3.21e-01
 5.17328e+22	6.21e-13	1.23e-08	6.79e-06	3.13e-04	2.87e-03	1.80e-01	5.09e-01	3.08e-01
 5.19380e+22	7.56e-13	1.47e-08	7.99e-06	3.62e-04	3.20e-03	1.90e-01	5.11e-01	2.95e-01
 5.21427e+22	9.14e-13	1.74e-08	9.35e-06	4.16e-04	3.55e-03	2.00e-01	5.13e-01	2.82e-01
 5.23476e+22	1.10e-12	2.06e-08	1.09e-05	4.78e-04	3.93e-03	2.11e-01	5.15e-01	2.69e-01
 5.25533e+22	1.31e-12	2.42e-08	1.27e-05	5.48e-04	4.36e-03	2.22e-01	5.16e-01	2.57e-01
 5.27600e+22	1.56e-12	2.84e-08	1.48e-05	6.27e-04	4.82e-03	2.34e-01	5.16e-01	2.45e-01
 5.29684e+22	1.85e-12	3.32e-08	1.71e-05	7.17e-04	5.33e-03	2.45e-01	5.16e-01	2.33e-01
 5.31790e+22	2.17e-12	3.86e-08	1.97e-05	8.18e-04	5.89e-03	2.57e-01	5.14e-01	2.21e-01
 5.33907e+22	2.54e-12	4.47e-08	2.27e-05	9.30e-04	6.49e-03	2.70e-01	5.13e-01	2.10e-01
 5.36057e+22	2.97e-12	5.18e-08	2.61e-05	1.06e-03	7.16e-03	2.83e-01	5.10e-01	1.99e-01
 5.38230e+22	3.44e-12	5.95e-08	2.99e-05	1.20e-03	7.88e-03	2.95e-01	5.07e-01	1.88e-01
 5.40445e+22	3.99e-12	6.86e-08	3.43e-05	1.37e-03	8.70e-03	3.09e-01	5.04e-01	1.77e-01
 5.42699e+22	4.59e-12	7.85e-08	3.91e-05	1.54e-03	9.56e-03	3.22e-01	4.99e-01	1.67e-01
 5.44765e+22	5.16e-12	8.77e-08	4.37e-05	1.71e-03	1.03e-02	3.33e-01	4.95e-01	1.59e-01
 5.46923e+22	5.94e-12	1.01e-07	5.00e-05	1.95e-03	1.14e-02	3.48e-01	4.90e-01	1.49e-01
 5.49115e+22	6.65e-12	1.12e-07	5.57e-05	2.15e-03	1.23e-02	3.60e-01	4.84e-01	1.41e-01
 5.51371e+22	7.65e-12	1.29e-07	6.38e-05	2.44e-03	1.36e-02	3.75e-01	4.77e-01	1.32e-01
 5.53631e+22	8.51e-12	1.43e-07	7.07e-05	2.69e-03	1.47e-02	3.86e-01	4.71e-01	1.25e-01
 5.55896e+22	9.69e-12	1.62e-07	8.06e-05	3.04e-03	1.61e-02	4.02e-01	4.63e-01	1.16e-01
 5.58169e+22	1.07e-11	1.79e-07	8.91e-05	3.34e-03	1.73e-02	4.13e-01	4.57e-01	1.10e-01
 5.60454e+22	1.22e-11	2.03e-07	1.01e-04	3.76e-03	1.90e-02	4.28e-01	4.48e-01	1.02e-01
 5.62763e+22	1.35e-11	2.24e-07	1.12e-04	4.11e-03	2.04e-02	4.39e-01	4.40e-01	9.60e-02
 5.65103e+22	1.52e-11	2.54e-07	1.26e-04	4.61e-03	2.23e-02	4.54e-01	4.30e-01	8.87e-02
 5.67475e+22	1.68e-11	2.80e-07	1.39e-04	5.04e-03	2.39e-02	4.65e-01	4.22e-01	8.35e-02
 5.69887e+22	1.89e-11	3.16e-07	1.58e-04	5.65e-03	2.61e-02	4.80e-01	4.12e-01	7.69e-02
 5.72343e+22	2.09e-11	3.49e-07	1.74e-04	6.18e-03	2.79e-02	4.91e-01	4.03e-01	7.20e-02
 5.74858e+22	2.36e-11	3.95e-07	1.98e-04	6.92e-03	3.05e-02	5.05e-01	3.91e-01	6.60e-02
 5.77430e+22	2.62e-11	4.37e-07	2.19e-04	7.57e-03	3.27e-02	5.16e-01	3.82e-01	6.16e-02
 5.80077e+22	2.97e-11	4.96e-07	2.49e-04	8.49e-03	3.57e-02	5.30e-01	3.69e-01	5.61e-02
 5.82772e+22	3.32e-11	5.53e-07	2.77e-04	9.28e-03	3.82e-02	5.41e-01	3.59e-01	5.22e-02
 5.85058e+22	3.63e-11	6.05e-07	3.04e-04	1.01e-02	4.06e-02	5.50e-01	3.50e-01	4.87e-02
 5.87557e+22	4.08e-11	6.81e-07	3.43e-04	1.11e-02	4.39e-02	5.62e-01	3.38e-01	4.45e-02
 5.89968e+22	4.45e-11	7.42e-07	3.73e-04	1.20e-02	4.63e-02	5.70e-01	3.30e-01	4.18e-02
 5.92267e+22	4.93e-11	8.24e-07	4.15e-04	1.31e-02	4.96e-02	5.80e-01	3.19e-01	3.84e-02
 5.94590e+22	5.41e-11	9.02e-07	4.53e-04	1.40e-02	5.22e-02	5.87e-01	3.10e-01	3.60e-02
 5.96943e+22	6.02e-11	1.00e-06	5.06e-04	1.54e-02	5.59e-02	5.96e-01	2.99e-01	3.29e-02
 5.99332e+22	6.63e-11	1.10e-06	5.53e-04	1.65e-02	5.88e-02	6.02e-01	2.91e-01	3.08e-02
 6.01766e+22	7.41e-11	1.23e-06	6.19e-04	1.80e-02	6.30e-02	6.11e-01	2.80e-01	2.81e-02
 6.04236e+22	8.21e-11	1.36e-06	6.78e-04	1.93e-02	6.62e-02	6.17e-01	2.71e-01	2.62e-02
 6.06751e+22	9.19e-11	1.52e-06	7.61e-04	2.12e-02	7.08e-02	6.24e-01	2.60e-01	2.37e-02
 6.09308e+22	1.02e-10	1.68e-06	8.37e-04	2.27e-02	7.44e-02	6.29e-01	2.51e-01	2.20e-02
 6.11917e+22	1.15e-10	1.90e-06	9.43e-04	2.49e-02	7.95e-02	6.35e-01	2.40e-01	1.99e-02
 6.14588e+22	1.29e-10	2.11e-06	1.04e-03	2.68e-02	8.36e-02	6.39e-01	2.31e-01	1.84e-02
 6.17337e+22	1.47e-10	2.40e-06	1.18e-03	2.94e-02	8.93e-02	6.44e-01	2.20e-01	1.65e-02
 6.20161e+22	1.65e-10	2.68e-06	1.31e-03	3.17e-02	9.41e-02	6.47e-01	2.11e-01	1.51e-02
 6.23083e+22	1.91e-10	3.08e-06	1.50e-03	3.48e-02	1.01e-01	6.50e-01	1.99e-01	1.35e-02
 6.26030e+22	2.17e-10	3.46e-06	1.66e-03	3.75e-02	1.06e-01	6.52e-01	1.91e-01	1.23e-02
 6.29011e+22	2.50e-10	3.98e-06	1.90e-03	4.13e-02	1.13e-01	6.54e-01	1.80e-01	1.09e-02
 6.32023e+22	2.86e-10	4.49e-06	2.12e-03	4.44e-02	1.18e-01	6.54e-01	1.72e-01	9.93e-03
 6.35077e+22	3.33e-10	5.19e-06	2.43e-03	4.88e-02	1.26e-01	6.53e-01	1.61e-01	8.75e-03
 6.38184e+22	3.82e-10	5.89e-06	2.72e-03	5.26e-02	1.32e-01	6.52e-01	1.53e-01	7.93e-03
 6.40936e+22	4.34e-10	6.62e-06	3.03e-03	5.65e-02	1.38e-01	6.50e-01	1.45e-01	7.16e-03
 6.44087e+22	5.14e-10	7.74e-06	3.49e-03	6.20e-02	1.46e-01	6.47e-01	1.36e-01	6.29e-03
 6.47296e+22	5.87e-10	8.76e-06	3.91e-03	6.68e-02	1.53e-01	6.43e-01	1.28e-01	5.63e-03
 6.49893e+22	6.64e-10	9.78e-06	4.30e-03	7.11e-02	1.59e-01	6.39e-01	1.22e-01	5.14e-03
 6.52582e+22	7.69e-10	1.12e-05	4.83e-03	7.64e-02	1.66e-01	6.34e-01	1.15e-01	4.60e-03
 6.55410e+22	8.75e-10	1.25e-05	5.34e-03	8.15e-02	1.72e-01	6.28e-01	1.09e-01	4.16e-03
 6.58008e+22	9.94e-10	1.40e-05	5.90e-03	8.68e-02	1.78e-01	6.22e-01	1.03e-01	3.77e-03
 6.60974e+22	1.17e-09	1.63e-05	6.69e-03	9.38e-02	1.86e-01	6.14e-01	9.58e-02	3.32e-03
 6.64017e+22	1.34e-09	1.84e-05	7.46e-03	1.00e-01	1.93e-01	6.06e-01	8.98e-02	2.96e-03
 6.66688e+22	1.54e-09	2.07e-05	8.24e-03	1.07e-01	2.00e-01	5.98e-01	8.47e-02	2.67e-03
 6.69691e+22	1.82e-09	2.40e-05	9.33e-03	1.15e-01	2.07e-01	5.87e-01	7.85e-02	2.34e-03
 6.72828e+22	2.11e-09	2.73e-05	1.04e-02	1.23e-01	2.15e-01	5.77e-01	7.31e-02	2.07e-03
 6.75659e+22	2.43e-09	3.09e-05	1.16e-02	1.30e-01	2.21e-01	5.67e-01	6.84e-02	1.84e-03
 6.78860e+22	2.93e-09	3.62e-05	1.31e-02	1.40e-01	2.29e-01	5.53e-01	6.28e-02	1.59e-03
 6.82161e+22	3.41e-09	4.14e-05	1.47e-02	1.50e-01	2.36e-01	5.40e-01	5.80e-02	1.39e-03
 6.85101e+22	3.97e-09	4.71e-05	1.63e-02	1.59e-01	2.42e-01	5.27e-01	5.39e-02	1.23e-03
 6.88430e+22	4.81e-09	5.54e-05	1.86e-02	1.71e-01	2.50e-01	5.11e-01	4.89e-02	1.05e-03
 6.91891e+22	5.69e-09	6.39e-05	2.09e-02	1.82e-01	2.56e-01	4.95e-01	4.48e-02	9.07e-04
 6.95008e+22	6.68e-09	7.31e-05	2.32e-02	1.93e-01	2.62e-01	4.80e-01	4.11e-02	7.90e-04
 6.98547e+22	8.22e-09	8.69e-05	2.66e-02	2.07e-01	2.69e-01	4.60e-01	3.68e-02	6.59e-04
 7.02174e+22	9.77e-09	1.00e-04	2.97e-02	2.20e-01	2.74e-01	4.43e-01	3.34e-02	5.65e-04
 7.05426e+22	1.16e-08	1.16e-04	3.31e-02	2.32e-01	2.78e-01	4.26e-01	3.03e-02	4.85e-04
 7.09164e+22	1.44e-08	1.38e-04	3.79e-02	2.49e-01	2.83e-01	4.03e-01	2.66e-02	3.96e-04
 7.12931e+22	1.72e-08	1.60e-04	4.22e-02	2.62e-01	2.87e-01	3.85e-01	2.39e-02	3.35e-04
 7.16739e+22	2.15e-08	1.91e-04	4.82e-02	2.79e-01	2.90e-01	3.62e-01	2.09e-02	2.72e-04
 7.20608e+22	2.59e-08	2.22e-04	5.37e-02	2.93e-01	2.91e-01	3.43e-01	1.85e-02	2.27e-04
 7.24557e+22	3.27e-08	2.67e-04	6.13e-02	3.11e-01	2.92e-01	3.19e-01	1.59e-02	1.80e-04
 7.28545e+22	3.94e-08	3.10e-04	6.80e-02	3.25e-01	2.92e-01	3.00e-01	1.40e-02	1.49e-04
 7.32583e+22	5.00e-08	3.74e-04	7.74e-02	3.43e-01	2.91e-01	2.76e-01	1.19e-02	1.17e-04
 7.36659e+22	6.05e-08	4.33e-04	8.56e-02	3.57e-01	2.89e-01	2.58e-01	1.04e-02	9.58e-05
 7.40786e+22	7.73e-08	5.22e-04	9.70e-02	3.74e-01	2.85e-01	2.35e-01	8.70e-03	7.37e-05
 7.44968e+22	9.39e-08	6.06e-04	1.07e-01	3.88e-01	2.81e-01	2.17e-01	7.51e-03	5.95e-05
 7.48584e+22	1.13e-07	6.97e-04	1.17e-01	3.99e-01	2.76e-01	2.01e-01	6.52e-03	4.85e-05
 7.52643e+22	1.44e-07	8.34e-04	1.31e-01	4.14e-01	2.68e-01	1.81e-01	5.39e-03	3.69e-05
 7.56613e+22	1.71e-07	9.50e-04	1.42e-01	4.23e-01	2.62e-01	1.67e-01	4.68e-03	3.02e-05
 7.59939e+22	2.03e-07	1.08e-03	1.53e-01	4.32e-01	2.56e-01	1.54e-01	4.06e-03	2.47e-05
 7.63736e+22	2.54e-07	1.27e-03	1.69e-01	4.42e-01	2.47e-01	1.38e-01	3.35e-03	1.88e-05
 7.67492e+22	2.99e-07	1.43e-03	1.81e-01	4.49e-01	2.40e-01	1.27e-01	2.90e-03	1.54e-05
 7.71196e+22	3.69e-07	1.66e-03	1.97e-01	4.56e-01	2.30e-01	1.14e-01	2.41e-03	1.18e-05
 7.75025e+22	4.43e-07	1.89e-03	2.12e-01	4.61e-01	2.21e-01	1.03e-01	2.04e-03	9.38e-06
 7.78454e+22	5.25e-07	2.14e-03	2.26e-01	4.64e-01	2.12e-01	9.34e-02	1.73e-03	7.50e-06
 7.82348e+22	6.54e-07	2.49e-03	2.45e-01	4.68e-01	2.01e-01	8.22e-02	1.40e-03	5.61e-06
 7.86306e+22	7.82e-07	2.83e-03	2.62e-01	4.69e-01	1.92e-01	7.38e-02	1.17e-03	4.39e-06
 7.90346e+22	9.73e-07	3.29e-03	2.82e-01	4.69e-01	1.80e-01	6.44e-02	9.42e-04	3.25e-06
 7.94101e+22	1.13e-06	3.65e-03	2.97e-01	4.69e-01	1.72e-01	5.84e-02	8.05e-04	2.61e-06
 7.97015e+22	1.31e-06	4.04e-03	3.12e-01	4.67e-01	1.64e-01	5.30e-02	6.89e-04	2.12e-06
 8.00334e+22	1.56e-06	4.55e-03	3.29e-01	4.64e-01	1.54e-01	4.71e-02	5.70e-04	1.64e-06
 8.03752e+22	1.81e-06	5.03e-03	3.45e-01	4.61e-01	1.47e-01	4.26e-02	4.85e-04	1.31e-06
 8.06837e+22	2.10e-06	5.55e-03	3.60e-01	4.57e-01	1.39e-01	3.83e-02	4.11e-04	1.05e-06
 8.09918e+22	2.43e-06	6.13e-03	3.76e-01	4.52e-01	1.32e-01	3.45e-02	3.48e-04	8.39e-07
 8.13459e+22	2.92e-06	6.92e-03	3.95e-01	4.45e-01	1.22e-01	3.01e-02	2.81e-04	6.30e-07
 8.17025e+22	3.39e-06	7.65e-03	4.12e-01	4.38e-01	1.15e-01	2.69e-02	2.35e-04	4.95e-07
 8.20118e+22	3.92e-06	8.40e-03	4.28e-01	4.31e-01	1.08e-01	2.41e-02	1.98e-04	3.92e-07
 8.23632e+22	4.68e-06	9.45e-03	4.47e-01	4.22e-01	1.00e-01	2.09e-02	1.59e-04	2.92e-07
 8.27208e+22	5.42e-06	1.04e-02	4.64e-01	4.14e-01	9.36e-02	1.86e-02	1.32e-04	2.28e-07
 8.30864e+22	6.50e-06	1.17e-02	4.84e-01	4.03e-01	8.59e-02	1.60e-02	1.05e-04	1.67e-07
 8.34559e+22	7.56e-06	1.29e-02	5.00e-01	3.93e-01	7.98e-02	1.41e-02	8.60e-05	1.28e-07
 8.37799e+22	8.72e-06	1.41e-02	5.16e-01	3.83e-01	7.42e-02	1.24e-02	7.11e-05	0.00e+00
 8.41503e+22	1.04e-05	1.59e-02	5.35e-01	3.71e-01	6.76e-02	1.06e-02	5.58e-05	0.00e+00
 8.45293e+22	1.21e-05	1.75e-02	5.51e-01	3.60e-01	6.24e-02	9.28e-03	4.54e-05	0.00e+00
 8.49198e+22	1.46e-05	1.96e-02	5.70e-01	3.46e-01	5.64e-02	7.85e-03	3.51e-05	0.00e+00
 8.53183e+22	1.71e-05	2.17e-02	5.87e-01	3.33e-01	5.15e-02	6.77e-03	2.79e-05	0.00e+00
 8.56669e+22	1.98e-05	2.38e-02	6.01e-01	3.22e-01	4.73e-02	5.89e-03	2.26e-05	0.00e+00
 8.60593e+22	2.38e-05	2.67e-02	6.19e-01	3.07e-01	4.24e-02	4.93e-03	1.73e-05	0.00e+00
 8.64658e+22	2.78e-05	2.94e-02	6.34e-01	2.94e-01	3.85e-02	4.23e-03	1.36e-05	0.00e+00
 8.68347e+22	3.23e-05	3.23e-02	6.47e-01	2.82e-01	3.50e-02	3.63e-03	1.08e-05	0.00e+00
 8.72584e+22	3.93e-05	3.65e-02	6.64e-01	2.66e-01	3.09e-02	2.98e-03	7.99e-06	0.00e+00
 8.76282e+22	4.44e-05	3.92e-02	6.73e-01	2.56e-01	2.86e-02	2.64e-03	6.64e-06	0.00e+00
 8.78870e+22	4.90e-05	4.18e-02	6.81e-01	2.48e-01	2.67e-02	2.37e-03	5.66e-06	0.00e+00
 8.81824e+22	5.60e-05	4.53e-02	6.91e-01	2.38e-01	2.44e-02	2.06e-03	4.58e-06	0.00e+00
 8.84916e+22	6.29e-05	4.87e-02	6.98e-01	2.28e-01	2.26e-02	1.82e-03	3.79e-06	0.00e+00
 8.88187e+22	7.30e-05	5.33e-02	7.08e-01	2.17e-01	2.04e-02	1.56e-03	2.98e-06	0.00e+00
 8.91464e+22	8.21e-05	5.73e-02	7.15e-01	2.08e-01	1.87e-02	1.37e-03	2.45e-06	0.00e+00
 8.94748e+22	9.48e-05	6.25e-02	7.22e-01	1.97e-01	1.69e-02	1.17e-03	1.93e-06	0.00e+00
 8.98104e+22	1.08e-04	6.74e-02	7.28e-01	1.88e-01	1.54e-02	1.02e-03	1.56e-06	0.00e+00
 9.01056e+22	1.21e-04	7.23e-02	7.33e-01	1.79e-01	1.42e-02	8.90e-04	1.28e-06	0.00e+00
 9.04395e+22	1.40e-04	7.89e-02	7.39e-01	1.69e-01	1.27e-02	7.54e-04	9.98e-07	0.00e+00
 9.07852e+22	1.58e-04	8.51e-02	7.43e-01	1.60e-01	1.15e-02	6.52e-04	8.00e-07	0.00e+00
 9.10972e+22	1.79e-04	9.17e-02	7.45e-01	1.52e-01	1.05e-02	5.64e-04	6.43e-07	0.00e+00
 9.14534e+22	2.10e-04	1.01e-01	7.48e-01	1.41e-01	9.28e-03	4.69e-04	4.87e-07	0.00e+00
 9.18160e+22	2.39e-04	1.09e-01	7.49e-01	1.33e-01	8.39e-03	4.02e-04	3.87e-07	0.00e+00
 9.21869e+22	2.82e-04	1.20e-01	7.49e-01	1.23e-01	7.35e-03	3.30e-04	2.87e-07	0.00e+00
 9.24835e+22	3.07e-04	1.26e-01	7.47e-01	1.19e-01	6.93e-03	3.02e-04	2.51e-07	0.00e+00
