#depth	Cl	Cl+	Cl+2	Cl+3	Cl+4	Cl+5	Cl+6	Cl+7	Cl+8	Cl+9	Cl+10	Cl+11	Cl+12	Cl+13	Cl+14	Cl+15	Cl+16	Cl+17
 4.62852e+21	0.00e+00	0.00e+00	0.00e+00	0.00e+00	0.00e+00	0.00e+00	0.00e+00	0.00e+00	0.00e+00	0.00e+00	2.21e-23	1.31e-19	4.22e-16	8.64e-13	1.95e-09	8.16e-06	5.02e-03	9.95e-01
 1.05210e+22	0.00e+00	0.00e+00	0.00e+00	0.00e+00	0.00e+00	0.00e+00	0.00e+00	0.00e+00	0.00e+00	3.85e-26	2.65e-22	1.09e-18	2.57e-15	3.67e-12	5.77e-09	1.68e-05	7.19e-03	9.93e-01
 1.26198e+22	0.00e+00	0.00e+00	0.00e+00	0.00e+00	0.00e+00	0.00e+00	0.00e+00	0.00e+00	0.00e+00	2.57e-25	1.39e-21	4.52e-18	8.40e-15	9.46e-12	1.17e-08	2.69e-05	9.10e-03	9.91e-01
 1.41228e+22	0.00e+00	0.00e+00	0.00e+00	0.00e+00	0.00e+00	0.00e+00	0.00e+00	0.00e+00	1.21e-28	1.17e-24	5.25e-21	1.41e-17	2.17e-14	2.02e-11	2.07e-08	3.93e-05	1.10e-02	9.89e-01
 1.50884e+22	0.00e+00	0.00e+00	0.00e+00	0.00e+00	0.00e+00	0.00e+00	0.00e+00	0.00e+00	2.53e-28	2.26e-24	9.34e-21	2.31e-17	3.26e-14	2.80e-11	2.65e-08	4.63e-05	1.19e-02	9.88e-01
 1.57732e+22	0.00e+00	0.00e+00	0.00e+00	0.00e+00	0.00e+00	0.00e+00	0.00e+00	0.00e+00	6.92e-28	5.53e-24	2.04e-20	4.50e-17	5.69e-14	4.36e-11	3.70e-08	5.78e-05	1.33e-02	9.87e-01
 1.64780e+22	0.00e+00	0.00e+00	0.00e+00	0.00e+00	0.00e+00	0.00e+00	0.00e+00	0.00e+00	1.51e-27	1.10e-23	3.72e-20	7.69e-17	8.89e-14	6.24e-11	4.83e-08	6.90e-05	1.45e-02	9.85e-01
 1.72089e+22	0.00e+00	0.00e+00	0.00e+00	0.00e+00	0.00e+00	0.00e+00	0.00e+00	0.00e+00	4.32e-27	2.80e-23	8.37e-20	1.54e-16	1.59e-13	9.91e-11	6.83e-08	8.69e-05	1.63e-02	9.84e-01
 1.78462e+22	0.00e+00	0.00e+00	0.00e+00	0.00e+00	0.00e+00	0.00e+00	0.00e+00	0.00e+00	7.41e-27	4.52e-23	1.27e-19	2.21e-16	2.14e-13	1.26e-10	8.18e-08	9.80e-05	1.73e-02	9.83e-01
 1.83620e+22	0.00e+00	0.00e+00	0.00e+00	0.00e+00	0.00e+00	0.00e+00	0.00e+00	0.00e+00	1.53e-26	8.61e-23	2.24e-19	3.57e-16	3.19e-13	1.73e-10	1.04e-07	1.15e-04	1.87e-02	9.81e-01
 1.88931e+22	0.00e+00	0.00e+00	0.00e+00	0.00e+00	0.00e+00	0.00e+00	0.00e+00	0.00e+00	2.87e-26	1.50e-22	3.64e-19	5.41e-16	4.51e-13	2.29e-10	1.28e-07	1.32e-04	2.00e-02	9.80e-01
 1.93654e+22	0.00e+00	0.00e+00	0.00e+00	0.00e+00	0.00e+00	0.00e+00	0.00e+00	0.00e+00	5.17e-26	2.53e-22	5.74e-19	7.99e-16	6.24e-13	2.96e-10	1.55e-07	1.50e-04	2.13e-02	9.79e-01
 1.99006e+22	0.00e+00	0.00e+00	0.00e+00	0.00e+00	0.00e+00	0.00e+00	0.00e+00	1.04e-29	1.09e-25	4.91e-22	1.02e-18	1.31e-15	9.40e-13	4.11e-10	1.99e-07	1.77e-04	2.31e-02	9.77e-01
 2.04446e+22	0.00e+00	0.00e+00	0.00e+00	0.00e+00	0.00e+00	0.00e+00	0.00e+00	2.09e-29	2.04e-25	8.55e-22	1.66e-18	1.98e-15	1.33e-12	5.42e-10	2.44e-07	2.03e-04	2.48e-02	9.75e-01
 2.09220e+22	0.00e+00	0.00e+00	0.00e+00	0.00e+00	0.00e+00	0.00e+00	0.00e+00	4.07e-29	3.72e-25	1.46e-21	2.64e-18	2.95e-15	1.85e-12	7.06e-10	2.97e-07	2.31e-04	2.64e-02	9.73e-01
 2.14646e+22	0.00e+00	0.00e+00	0.00e+00	0.00e+00	0.00e+00	0.00e+00	0.00e+00	9.87e-29	8.22e-25	2.94e-21	4.88e-18	4.98e-15	2.85e-12	9.99e-10	3.86e-07	2.75e-04	2.88e-02	9.71e-01
 2.20005e+22	0.00e+00	0.00e+00	0.00e+00	0.00e+00	0.00e+00	0.00e+00	0.00e+00	1.81e-28	1.42e-24	4.77e-21	7.45e-18	7.15e-15	3.86e-12	1.27e-09	4.62e-07	3.10e-04	3.05e-02	9.69e-01
 2.25277e+22	0.00e+00	0.00e+00	0.00e+00	0.00e+00	0.00e+00	0.00e+00	0.00e+00	4.34e-28	3.10e-24	9.56e-21	1.36e-17	1.20e-14	5.93e-12	1.79e-09	5.98e-07	3.67e-04	3.32e-02	9.66e-01
 2.30556e+22	0.00e+00	0.00e+00	0.00e+00	0.00e+00	0.00e+00	0.00e+00	0.00e+00	7.85e-28	5.28e-24	1.53e-20	2.07e-17	1.71e-14	7.97e-12	2.27e-09	7.14e-07	4.13e-04	3.52e-02	9.64e-01
 2.35843e+22	0.00e+00	0.00e+00	0.00e+00	0.00e+00	0.00e+00	0.00e+00	0.00e+00	1.88e-27	1.16e-23	3.06e-20	3.79e-17	2.87e-14	1.22e-11	3.20e-09	9.22e-07	4.90e-04	3.82e-02	9.61e-01
 2.41123e+22	0.00e+00	0.00e+00	0.00e+00	0.00e+00	0.00e+00	0.00e+00	0.00e+00	3.44e-27	1.99e-23	4.95e-20	5.78e-17	4.11e-14	1.65e-11	4.06e-09	1.10e-06	5.51e-04	4.05e-02	9.59e-01
 2.45494e+22	0.00e+00	0.00e+00	0.00e+00	0.00e+00	0.00e+00	0.00e+00	0.00e+00	6.16e-27	3.35e-23	7.85e-20	8.63e-17	5.79e-14	2.19e-11	5.09e-09	1.31e-06	6.17e-04	4.28e-02	9.57e-01
 2.49584e+22	0.00e+00	0.00e+00	0.00e+00	0.00e+00	0.00e+00	0.00e+00	0.00e+00	1.09e-26	5.58e-23	1.23e-19	1.28e-16	8.11e-14	2.90e-11	6.37e-09	1.54e-06	6.89e-04	4.52e-02	9.54e-01
 2.53596e+22	0.00e+00	0.00e+00	0.00e+00	0.00e+00	0.00e+00	0.00e+00	0.00e+00	1.90e-26	9.18e-23	1.92e-19	1.88e-16	1.13e-13	3.80e-11	7.91e-09	1.82e-06	7.68e-04	4.76e-02	9.52e-01
 2.58197e+22	0.00e+00	0.00e+00	0.00e+00	0.00e+00	0.00e+00	0.00e+00	0.00e+00	3.88e-26	1.74e-22	3.38e-19	3.09e-16	1.72e-13	5.40e-11	1.05e-08	2.24e-06	8.82e-04	5.10e-02	9.48e-01
 2.62778e+22	0.00e+00	0.00e+00	0.00e+00	0.00e+00	0.00e+00	0.00e+00	4.57e-30	6.79e-26	2.88e-22	5.27e-19	4.55e-16	2.39e-13	7.10e-11	1.30e-08	2.64e-06	9.83e-04	5.37e-02	9.45e-01
 2.67335e+22	0.00e+00	0.00e+00	0.00e+00	0.00e+00	0.00e+00	0.00e+00	9.98e-30	1.37e-25	5.42e-22	9.22e-19	7.39e-16	3.61e-13	1.00e-10	1.71e-08	3.24e-06	1.13e-03	5.74e-02	9.41e-01
 2.71967e+22	0.00e+00	0.00e+00	0.00e+00	0.00e+00	0.00e+00	0.00e+00	1.88e-29	2.44e-25	9.07e-22	1.46e-18	1.10e-15	5.08e-13	1.33e-10	2.15e-08	3.83e-06	1.26e-03	6.06e-02	9.38e-01
 2.76011e+22	0.00e+00	0.00e+00	0.00e+00	0.00e+00	0.00e+00	0.00e+00	3.47e-29	4.25e-25	1.49e-21	2.25e-18	1.61e-15	7.02e-13	1.74e-10	2.66e-08	4.50e-06	1.40e-03	6.37e-02	9.35e-01
 2.80583e+22	0.00e+00	0.00e+00	0.00e+00	0.00e+00	0.00e+00	0.00e+00	7.58e-29	8.61e-25	2.80e-21	3.95e-18	2.62e-15	1.06e-12	2.45e-10	3.50e-08	5.52e-06	1.60e-03	6.80e-02	9.30e-01
 2.85213e+22	0.00e+00	0.00e+00	0.00e+00	0.00e+00	0.00e+00	0.00e+00	1.42e-28	1.52e-24	4.67e-21	6.20e-18	3.89e-15	1.49e-12	3.24e-10	4.37e-08	6.52e-06	1.79e-03	7.17e-02	9.26e-01
 2.88918e+22	0.00e+00	0.00e+00	0.00e+00	0.00e+00	0.00e+00	0.00e+00	2.43e-28	2.47e-24	7.20e-21	9.12e-18	5.44e-15	1.98e-12	4.11e-10	5.29e-08	7.51e-06	1.96e-03	7.50e-02	9.23e-01
 2.92185e+22	0.00e+00	0.00e+00	0.00e+00	0.00e+00	0.00e+00	0.00e+00	4.01e-28	3.88e-24	1.08e-20	1.30e-17	7.42e-15	2.58e-12	5.11e-10	6.30e-08	8.55e-06	2.14e-03	7.81e-02	9.20e-01
 2.95884e+22	0.00e+00	0.00e+00	0.00e+00	0.00e+00	0.00e+00	0.00e+00	7.26e-28	6.64e-24	1.74e-20	1.99e-17	1.07e-14	3.53e-12	6.62e-10	7.74e-08	9.98e-06	2.36e-03	8.20e-02	9.16e-01
 2.99860e+22	0.00e+00	0.00e+00	0.00e+00	0.00e+00	0.00e+00	0.00e+00	1.30e-27	1.12e-23	2.79e-20	3.02e-17	1.54e-14	4.81e-12	8.55e-10	9.49e-08	1.16e-05	2.61e-03	8.61e-02	9.11e-01
 3.03410e+22	0.00e+00	0.00e+00	0.00e+00	0.00e+00	0.00e+00	0.00e+00	2.20e-27	1.81e-23	4.27e-20	4.40e-17	2.14e-14	6.35e-12	1.08e-09	1.14e-07	1.33e-05	2.86e-03	8.98e-02	9.07e-01
 3.06739e+22	0.00e+00	0.00e+00	0.00e+00	0.00e+00	0.00e+00	0.00e+00	3.66e-27	2.87e-23	6.46e-20	6.35e-17	2.94e-14	8.33e-12	1.35e-09	1.36e-07	1.52e-05	3.12e-03	9.36e-02	9.03e-01
 3.10563e+22	0.00e+00	0.00e+00	0.00e+00	0.00e+00	0.00e+00	0.00e+00	6.91e-27	5.09e-23	1.08e-19	9.98e-17	4.36e-14	1.16e-11	1.78e-09	1.70e-07	1.79e-05	3.48e-03	9.85e-02	8.98e-01
 3.14530e+22	0.00e+00	0.00e+00	0.00e+00	0.00e+00	0.00e+00	2.70e-30	1.21e-26	8.45e-23	1.70e-19	1.49e-16	6.18e-14	1.57e-11	2.27e-09	2.07e-07	2.08e-05	3.83e-03	1.03e-01	8.93e-01
 3.17998e+22	0.00e+00	0.00e+00	0.00e+00	0.00e+00	0.00e+00	4.72e-30	2.02e-26	1.34e-22	2.57e-19	2.15e-16	8.51e-14	2.06e-11	2.85e-09	2.47e-07	2.37e-05	4.17e-03	1.07e-01	8.88e-01
 3.21826e+22	0.00e+00	0.00e+00	0.00e+00	0.00e+00	0.00e+00	9.19e-30	3.74e-26	2.34e-22	4.22e-19	3.33e-16	1.24e-13	2.84e-11	3.71e-09	3.06e-07	2.78e-05	4.63e-03	1.13e-01	8.83e-01
 3.25543e+22	0.00e+00	0.00e+00	0.00e+00	0.00e+00	0.00e+00	1.60e-29	6.22e-26	3.71e-22	6.38e-19	4.80e-16	1.71e-13	3.72e-11	4.64e-09	3.65e-07	3.17e-05	5.05e-03	1.17e-01	8.78e-01
 3.28465e+22	0.00e+00	0.00e+00	0.00e+00	0.00e+00	0.00e+00	2.57e-29	9.60e-26	5.50e-22	9.08e-19	6.55e-16	2.24e-13	4.68e-11	5.62e-09	4.25e-07	3.55e-05	5.43e-03	1.21e-01	8.73e-01
 3.31610e+22	0.00e+00	0.00e+00	0.00e+00	0.00e+00	0.00e+00	4.42e-29	1.59e-25	8.64e-22	1.36e-18	9.35e-16	3.05e-13	6.08e-11	6.97e-09	5.05e-07	4.03e-05	5.90e-03	1.26e-01	8.68e-01
 3.35046e+22	0.00e+00	0.00e+00	0.00e+00	0.00e+00	0.00e+00	7.64e-29	2.62e-25	1.36e-21	2.04e-18	1.34e-15	4.17e-13	7.93e-11	8.69e-09	6.02e-07	4.59e-05	6.42e-03	1.31e-01	8.62e-01
 3.38161e+22	0.00e+00	0.00e+00	0.00e+00	0.00e+00	0.00e+00	1.24e-28	4.10e-25	2.04e-21	2.93e-18	1.84e-15	5.50e-13	1.00e-10	1.06e-08	7.02e-07	5.14e-05	6.92e-03	1.36e-01	8.57e-01
 3.41512e+22	0.00e+00	0.00e+00	0.00e+00	0.00e+00	0.00e+00	2.22e-28	7.00e-25	3.31e-21	4.51e-18	2.70e-15	7.66e-13	1.33e-10	1.33e-08	8.44e-07	5.89e-05	7.56e-03	1.42e-01	8.51e-01
 3.45014e+22	0.00e+00	0.00e+00	0.00e+00	0.00e+00	0.00e+00	3.83e-28	1.16e-24	5.21e-21	6.79e-18	3.87e-15	1.05e-12	1.73e-10	1.66e-08	1.00e-06	6.71e-05	8.23e-03	1.47e-01	8.45e-01
 3.48070e+22	0.00e+00	0.00e+00	0.00e+00	0.00e+00	0.00e+00	6.25e-28	1.82e-24	7.84e-21	9.77e-18	5.34e-15	1.39e-12	2.20e-10	2.02e-08	1.17e-06	7.53e-05	8.87e-03	1.52e-01	8.39e-01
 3.51401e+22	0.00e+00	0.00e+00	0.00e+00	0.00e+00	0.00e+00	1.12e-27	3.10e-24	1.27e-20	1.50e-17	7.80e-15	1.93e-12	2.91e-10	2.54e-08	1.41e-06	8.62e-05	9.68e-03	1.58e-01	8.32e-01
 3.54653e+22	0.00e+00	0.00e+00	0.00e+00	0.00e+00	0.00e+00	1.81e-27	4.84e-24	1.90e-20	2.16e-17	1.07e-14	2.54e-12	3.68e-10	3.08e-08	1.65e-06	9.66e-05	1.04e-02	1.64e-01	8.26e-01
 3.57222e+22	0.00e+00	0.00e+00	0.00e+00	0.00e+00	0.00e+00	2.73e-27	7.05e-24	2.67e-20	2.93e-17	1.40e-14	3.21e-12	4.48e-10	3.63e-08	1.87e-06	1.06e-04	1.11e-02	1.68e-01	8.20e-01
 3.59983e+22	0.00e+00	0.00e+00	0.00e+00	0.00e+00	1.01e-30	4.37e-27	1.09e-23	3.96e-20	4.16e-17	1.91e-14	4.20e-12	5.63e-10	4.38e-08	2.17e-06	1.19e-04	1.19e-02	1.74e-01	8.14e-01
 3.63003e+22	0.00e+00	0.00e+00	0.00e+00	0.00e+00	1.66e-30	6.98e-27	1.68e-23	5.85e-20	5.89e-17	2.60e-14	5.48e-12	7.06e-10	5.27e-08	2.52e-06	1.32e-04	1.28e-02	1.79e-01	8.08e-01
 3.65851e+22	0.00e+00	0.00e+00	0.00e+00	0.00e+00	2.72e-30	1.10e-26	2.55e-23	8.54e-20	8.26e-17	3.51e-14	7.10e-12	8.79e-10	6.32e-08	2.91e-06	1.47e-04	1.37e-02	1.85e-01	8.01e-01
 3.68611e+22	0.00e+00	0.00e+00	0.00e+00	0.00e+00	4.41e-30	1.73e-26	3.86e-23	1.24e-19	1.16e-16	4.72e-14	9.18e-12	1.09e-09	7.57e-08	3.35e-06	1.63e-04	1.46e-02	1.90e-01	7.95e-01
 3.71287e+22	0.00e+00	0.00e+00	0.00e+00	0.00e+00	6.99e-30	2.64e-26	5.72e-23	1.77e-19	1.59e-16	6.24e-14	1.17e-11	1.34e-09	8.96e-08	3.83e-06	1.80e-04	1.56e-02	1.96e-01	7.89e-01
 3.74288e+22	0.00e+00	0.00e+00	0.00e+00	0.00e+00	1.21e-29	4.41e-26	9.18e-23	2.72e-19	2.32e-16	8.72e-14	1.57e-11	1.72e-09	1.10e-07	4.50e-06	2.03e-04	1.68e-02	2.02e-01	7.81e-01
 3.77427e+22	0.00e+00	0.00e+00	0.00e+00	0.00e+00	2.05e-29	7.18e-26	1.44e-22	4.08e-19	3.34e-16	1.20e-13	2.07e-11	2.17e-09	1.33e-07	5.24e-06	2.27e-04	1.81e-02	2.09e-01	7.73e-01
 3.80156e+22	0.00e+00	0.00e+00	0.00e+00	0.00e+00	3.27e-29	1.11e-25	2.14e-22	5.86e-19	4.62e-16	1.60e-13	2.65e-11	2.68e-09	1.58e-07	6.01e-06	2.51e-04	1.93e-02	2.14e-01	7.66e-01
 3.82579e+22	0.00e+00	0.00e+00	0.00e+00	0.00e+00	4.96e-29	1.63e-25	3.06e-22	8.08e-19	6.15e-16	2.06e-13	3.30e-11	3.23e-09	1.85e-07	6.79e-06	2.74e-04	2.04e-02	2.20e-01	7.60e-01
 3.85188e+22	0.00e+00	0.00e+00	0.00e+00	0.00e+00	7.93e-29	2.53e-25	4.58e-22	1.16e-18	8.52e-16	2.74e-13	4.23e-11	3.98e-09	2.19e-07	7.77e-06	3.03e-04	2.17e-02	2.26e-01	7.52e-01
 3.88002e+22	0.00e+00	0.00e+00	0.00e+00	0.00e+00	1.27e-28	3.90e-25	6.83e-22	1.67e-18	1.18e-15	3.65e-13	5.42e-11	4.92e-09	2.61e-07	8.91e-06	3.35e-04	2.31e-02	2.32e-01	7.45e-01
 3.90555e+22	0.00e+00	0.00e+00	0.00e+00	0.00e+00	1.95e-28	5.83e-25	9.88e-22	2.33e-18	1.59e-15	4.75e-13	6.80e-11	5.96e-09	3.05e-07	1.01e-05	3.67e-04	2.45e-02	2.37e-01	7.38e-01
 3.93349e+22	0.00e+00	0.00e+00	0.00e+00	0.00e+00	1.59e-28	4.60e-25	7.51e-22	3.48e-18	2.26e-15	6.50e-13	8.92e-11	7.50e-09	3.68e-07	1.17e-05	4.09e-04	2.63e-02	2.44e-01	7.29e-01
 3.96268e+22	0.00e+00	0.00e+00	0.00e+00	0.00e+00	2.59e-28	7.21e-25	1.14e-21	5.06e-18	3.17e-15	8.73e-13	1.15e-10	9.32e-09	4.41e-07	1.35e-05	4.53e-04	2.80e-02	2.51e-01	7.21e-01
 3.98735e+22	0.00e+00	0.00e+00	0.00e+00	0.00e+00	3.93e-28	1.06e-24	1.62e-21	6.98e-18	4.22e-15	1.13e-12	1.44e-10	1.12e-08	5.13e-07	1.52e-05	4.95e-04	2.96e-02	2.57e-01	7.13e-01
 4.01327e+22	0.00e+00	0.00e+00	0.00e+00	0.00e+00	6.32e-28	1.65e-24	2.44e-21	1.01e-17	5.86e-15	1.50e-12	1.85e-10	1.39e-08	6.10e-07	1.74e-05	5.47e-04	3.15e-02	2.63e-01	7.05e-01
 4.04099e+22	0.00e+00	0.00e+00	0.00e+00	0.00e+00	1.00e-27	2.53e-24	3.61e-21	1.44e-17	8.05e-15	1.99e-12	2.35e-10	1.70e-08	7.22e-07	1.99e-05	6.02e-04	3.35e-02	2.70e-01	6.96e-01
 4.06610e+22	0.00e+00	0.00e+00	0.00e+00	4.00e-31	1.53e-27	3.76e-24	5.20e-21	2.00e-17	1.08e-14	2.57e-12	2.94e-10	2.06e-08	8.44e-07	2.25e-05	6.58e-04	3.54e-02	2.76e-01	6.88e-01
 4.09383e+22	0.00e+00	0.00e+00	0.00e+00	6.87e-31	2.54e-27	6.02e-24	8.03e-21	2.96e-17	1.53e-14	3.50e-12	3.84e-10	2.58e-08	1.01e-06	2.60e-05	7.31e-04	3.78e-02	2.83e-01	6.78e-01
 4.12292e+22	0.00e+00	0.00e+00	0.00e+00	1.15e-30	4.10e-27	9.41e-24	1.21e-20	4.29e-17	2.14e-14	4.70e-12	4.95e-10	3.19e-08	1.21e-06	2.98e-05	8.08e-04	4.03e-02	2.90e-01	6.69e-01
 4.14726e+22	0.00e+00	0.00e+00	0.00e+00	1.78e-30	6.16e-27	1.37e-23	1.71e-20	5.88e-17	2.83e-14	6.02e-12	6.14e-10	3.83e-08	1.40e-06	3.35e-05	8.79e-04	4.24e-02	2.96e-01	6.61e-01
 4.16901e+22	0.00e+00	0.00e+00	0.00e+00	2.61e-30	8.84e-27	1.92e-23	2.34e-20	7.78e-17	3.63e-14	7.49e-12	7.42e-10	4.49e-08	1.60e-06	3.71e-05	9.47e-04	4.45e-02	3.01e-01	6.54e-01
 4.19392e+22	0.00e+00	0.00e+00	0.00e+00	4.24e-30	1.39e-26	2.93e-23	3.44e-20	1.10e-16	4.97e-14	9.87e-12	9.42e-10	5.49e-08	1.89e-06	4.22e-05	1.04e-03	4.71e-02	3.08e-01	6.44e-01
 4.22089e+22	0.00e+00	0.00e+00	0.00e+00	6.84e-30	2.18e-26	4.44e-23	5.05e-20	1.56e-16	6.77e-14	1.30e-11	1.19e-09	6.71e-08	2.22e-06	4.80e-05	1.14e-03	4.99e-02	3.14e-01	6.35e-01
 4.24580e+22	0.00e+00	0.00e+00	0.00e+00	1.08e-29	3.33e-26	6.59e-23	7.27e-20	2.17e-16	9.09e-14	1.68e-11	1.49e-09	8.11e-08	2.60e-06	5.42e-05	1.24e-03	5.26e-02	3.20e-01	6.26e-01
 4.27346e+22	0.00e+00	0.00e+00	0.00e+00	1.85e-29	5.53e-26	1.06e-22	1.12e-19	3.21e-16	1.29e-13	2.29e-11	1.95e-09	1.02e-07	3.12e-06	6.25e-05	1.38e-03	5.60e-02	3.28e-01	6.15e-01
 4.30104e+22	0.00e+00	0.00e+00	0.00e+00	2.99e-29	8.65e-26	1.60e-22	1.64e-19	4.54e-16	1.76e-13	3.00e-11	2.47e-09	1.24e-07	3.67e-06	7.11e-05	1.51e-03	5.93e-02	3.34e-01	6.05e-01
 4.32346e+22	0.00e+00	0.00e+00	0.00e+00	4.49e-29	1.26e-25	2.27e-22	2.27e-19	6.09e-16	2.28e-13	3.78e-11	3.01e-09	1.47e-07	4.22e-06	7.91e-05	1.63e-03	6.21e-02	3.40e-01	5.96e-01
 4.34752e+22	0.00e+00	0.00e+00	0.00e+00	7.16e-29	1.96e-25	3.42e-22	3.30e-19	8.55e-16	3.09e-13	4.94e-11	3.79e-09	1.78e-07	4.94e-06	8.95e-05	1.78e-03	6.56e-02	3.46e-01	5.86e-01
 4.37383e+22	0.00e+00	0.00e+00	0.00e+00	1.14e-28	3.02e-25	5.10e-22	4.78e-19	1.19e-15	4.17e-13	6.43e-11	4.77e-09	2.16e-07	5.78e-06	1.01e-04	1.95e-03	6.91e-02	3.53e-01	5.76e-01
 4.39871e+22	0.00e+00	0.00e+00	0.00e+00	1.05e-28	2.69e-25	4.41e-22	6.91e-19	1.67e-15	5.62e-13	8.36e-11	5.98e-09	2.62e-07	6.76e-06	1.14e-04	2.13e-03	7.29e-02	3.59e-01	5.66e-01
 4.42274e+22	0.00e+00	0.00e+00	0.00e+00	1.62e-28	4.05e-25	6.45e-22	9.79e-19	2.29e-15	7.45e-13	1.07e-10	7.42e-09	3.14e-07	7.85e-06	1.28e-04	2.31e-03	7.66e-02	3.65e-01	5.56e-01
 4.45001e+22	0.00e+00	0.00e+00	0.00e+00	2.74e-28	6.62e-25	1.02e-21	1.49e-18	3.35e-15	1.05e-12	1.45e-10	9.61e-09	3.91e-07	9.37e-06	1.47e-04	2.55e-03	8.12e-02	3.71e-01	5.45e-01
 4.47761e+22	0.00e+00	0.00e+00	0.00e+00	4.44e-28	1.04e-24	1.55e-21	2.18e-18	4.73e-15	1.43e-12	1.90e-10	1.22e-08	4.77e-07	1.10e-05	1.67e-04	2.79e-03	8.57e-02	3.78e-01	5.34e-01
 4.50048e+22	0.00e+00	0.00e+00	0.00e+00	6.74e-28	1.53e-24	2.22e-21	3.04e-18	6.39e-15	1.87e-12	2.41e-10	1.50e-08	5.68e-07	1.27e-05	1.87e-04	3.01e-03	8.97e-02	3.83e-01	5.24e-01
 4.52506e+22	0.00e+00	0.00e+00	0.00e+00	1.09e-27	2.41e-24	3.38e-21	4.46e-18	9.06e-15	2.55e-12	3.17e-10	1.90e-08	6.94e-07	1.50e-05	2.12e-04	3.29e-03	9.46e-02	3.89e-01	5.13e-01
 4.55152e+22	0.00e+00	0.00e+00	2.44e-31	1.77e-27	3.78e-24	5.12e-21	6.52e-18	1.28e-14	3.47e-12	4.17e-10	2.40e-08	8.47e-07	1.76e-05	2.40e-04	3.60e-03	9.96e-02	3.95e-01	5.02e-01
 4.57562e+22	0.00e+00	0.00e+00	3.86e-31	2.73e-27	5.66e-24	7.44e-21	9.18e-18	1.74e-14	4.59e-12	5.33e-10	2.97e-08	1.01e-06	2.04e-05	2.69e-04	3.90e-03	1.04e-01	4.00e-01	4.91e-01
 4.59807e+22	0.00e+00	0.00e+00	6.03e-31	4.14e-27	8.35e-24	1.07e-20	1.28e-17	2.35e-14	6.00e-12	6.75e-10	3.65e-08	1.21e-06	2.35e-05	3.00e-04	4.21e-03	1.09e-01	4.05e-01	4.81e-01
 4.61981e+22	0.00e+00	0.00e+00	9.18e-31	6.16e-27	1.21e-23	1.50e-20	1.75e-17	3.13e-14	7.74e-12	8.45e-10	4.43e-08	1.42e-06	2.69e-05	3.32e-04	4.52e-03	1.14e-01	4.09e-01	4.72e-01
 4.64471e+22	0.00e+00	0.00e+00	1.54e-30	1.01e-26	1.91e-23	2.30e-20	2.57e-17	4.45e-14	1.06e-11	1.12e-09	5.64e-08	1.74e-06	3.17e-05	3.77e-04	4.94e-03	1.20e-01	4.15e-01	4.60e-01
 4.67082e+22	0.00e+00	0.00e+00	2.55e-30	1.61e-26	2.96e-23	3.44e-20	3.71e-17	6.22e-14	1.43e-11	1.46e-09	7.11e-08	2.12e-06	3.72e-05	4.26e-04	5.38e-03	1.26e-01	4.20e-01	4.49e-01
 4.69381e+22	0.00e+00	0.00e+00	4.02e-30	2.47e-26	4.41e-23	4.98e-20	5.19e-17	8.45e-14	1.88e-11	1.86e-09	8.76e-08	2.53e-06	4.30e-05	4.76e-04	5.81e-03	1.31e-01	4.24e-01	4.38e-01
 4.71898e+22	0.00e+00	0.00e+00	6.93e-30	4.13e-26	7.11e-23	7.73e-20	7.75e-17	1.22e-13	2.62e-11	2.48e-09	1.13e-07	3.13e-06	5.11e-05	5.43e-04	6.37e-03	1.38e-01	4.29e-01	4.26e-01
 4.74528e+22	0.00e+00	0.00e+00	1.15e-29	6.67e-26	1.11e-22	1.17e-19	1.13e-16	1.71e-13	3.56e-11	3.25e-09	1.43e-07	3.82e-06	6.01e-05	6.15e-04	6.94e-03	1.45e-01	4.33e-01	4.14e-01
 4.76761e+22	0.00e+00	0.00e+00	1.80e-29	1.01e-25	1.63e-22	1.66e-19	1.55e-16	2.30e-13	4.64e-11	4.12e-09	1.75e-07	4.55e-06	6.92e-05	6.85e-04	7.48e-03	1.51e-01	4.37e-01	4.04e-01
 4.78793e+22	0.00e+00	0.00e+00	2.67e-29	1.47e-25	2.31e-22	2.29e-19	2.08e-16	3.00e-13	5.88e-11	5.08e-09	2.10e-07	5.29e-06	7.83e-05	7.52e-04	7.98e-03	1.57e-01	4.40e-01	3.95e-01
 4.81109e+22	0.00e+00	0.00e+00	4.49e-29	2.39e-25	3.63e-22	3.47e-19	3.03e-16	4.23e-13	8.01e-11	6.68e-09	2.66e-07	6.49e-06	9.24e-05	8.53e-04	8.70e-03	1.65e-01	4.43e-01	3.83e-01
 4.83530e+22	0.00e+00	0.00e+00	7.17e-29	3.70e-25	5.45e-22	5.04e-19	4.24e-16	5.77e-13	1.06e-10	8.56e-09	3.30e-07	7.78e-06	1.07e-04	9.55e-04	9.40e-03	1.72e-01	4.46e-01	3.72e-01
 4.85717e+22	0.00e+00	0.00e+00	1.13e-28	5.67e-25	8.07e-22	7.23e-19	5.87e-16	7.78e-13	1.39e-10	1.09e-08	4.07e-07	9.29e-06	1.24e-04	1.06e-03	1.01e-02	1.79e-01	4.49e-01	3.61e-01
 4.88190e+22	0.00e+00	0.00e+00	1.94e-28	9.43e-25	1.29e-21	1.12e-18	8.69e-16	1.11e-12	1.92e-10	1.45e-08	5.21e-07	1.15e-05	1.47e-04	1.21e-03	1.11e-02	1.87e-01	4.51e-01	3.49e-01
 4.90667e+22	0.00e+00	0.00e+00	3.18e-28	1.50e-24	1.98e-21	1.65e-18	1.23e-15	1.54e-12	2.57e-10	1.88e-08	6.53e-07	1.39e-05	1.72e-04	1.36e-03	1.20e-02	1.96e-01	4.53e-01	3.37e-01
 4.92673e+22	0.00e+00	0.00e+00	4.71e-28	2.16e-24	2.78e-21	2.25e-18	1.64e-15	1.99e-12	3.24e-10	2.31e-08	7.81e-07	1.62e-05	1.94e-04	1.49e-03	1.27e-02	2.02e-01	4.55e-01	3.29e-01
 4.94803e+22	0.00e+00	0.00e+00	7.75e-28	3.44e-24	4.28e-21	3.33e-18	2.33e-15	2.76e-12	4.34e-10	3.00e-08	9.81e-07	1.96e-05	2.27e-04	1.68e-03	1.38e-02	2.11e-01	4.56e-01	3.17e-01
 4.97047e+22	0.00e+00	0.00e+00	1.21e-27	5.24e-24	6.30e-21	4.74e-18	3.19e-15	3.69e-12	5.66e-10	3.79e-08	1.20e-06	2.34e-05	2.62e-04	1.87e-03	1.48e-02	2.19e-01	4.57e-01	3.07e-01
 4.99108e+22	0.00e+00	1.34e-31	1.87e-27	7.86e-24	9.15e-21	6.66e-18	4.34e-15	4.90e-12	7.31e-10	4.76e-08	1.47e-06	2.76e-05	3.00e-04	2.07e-03	1.59e-02	2.27e-01	4.58e-01	2.97e-01
 5.01455e+22	0.00e+00	2.41e-31	3.25e-27	1.31e-23	1.47e-20	1.03e-17	6.40e-15	7.01e-12	1.01e-09	6.35e-08	1.89e-06	3.42e-05	3.57e-04	2.35e-03	1.73e-02	2.37e-01	4.58e-01	2.85e-01
 5.03770e+22	0.00e+00	3.90e-31	5.10e-27	2.00e-23	2.16e-20	1.46e-17	8.75e-15	9.37e-12	1.31e-09	8.03e-08	2.31e-06	4.07e-05	4.11e-04	2.62e-03	1.85e-02	2.45e-01	4.58e-01	2.75e-01
 5.05680e+22	0.00e+00	5.98e-31	7.60e-27	2.90e-23	3.05e-20	1.99e-17	1.16e-14	1.21e-11	1.66e-09	9.89e-08	2.77e-06	4.75e-05	4.66e-04	2.87e-03	1.97e-02	2.53e-01	4.58e-01	2.67e-01
 5.07798e+22	0.00e+00	1.03e-30	1.26e-26	4.65e-23	4.69e-20	2.95e-17	1.64e-14	1.68e-11	2.23e-09	1.29e-07	3.49e-06	5.77e-05	5.45e-04	3.22e-03	2.12e-02	2.62e-01	4.57e-01	2.56e-01
 5.09991e+22	0.00e+00	1.65e-30	1.96e-26	7.03e-23	6.86e-20	4.16e-17	2.23e-14	2.23e-11	2.89e-09	1.62e-07	4.26e-06	6.85e-05	6.26e-04	3.57e-03	2.27e-02	2.71e-01	4.56e-01	2.46e-01
 5.11952e+22	0.00e+00	2.60e-30	2.99e-26	1.04e-22	9.83e-20	5.77e-17	2.99e-14	2.93e-11	3.69e-09	2.02e-07	5.16e-06	8.05e-05	7.14e-04	3.93e-03	2.42e-02	2.79e-01	4.54e-01	2.38e-01
 5.14168e+22	0.00e+00	4.59e-30	5.10e-26	1.71e-22	1.55e-19	8.72e-17	4.31e-14	4.11e-11	5.03e-09	2.66e-07	6.56e-06	9.87e-05	8.42e-04	4.44e-03	2.62e-02	2.90e-01	4.52e-01	2.27e-01
 5.16364e+22	0.00e+00	7.35e-30	7.90e-26	2.57e-22	2.25e-19	1.22e-16	5.81e-14	5.43e-11	6.48e-09	3.33e-07	7.99e-06	1.17e-04	9.64e-04	4.90e-03	2.79e-02	2.99e-01	4.50e-01	2.18e-01
 5.18203e+22	0.00e+00	1.12e-29	1.17e-25	3.70e-22	3.14e-19	1.65e-16	7.61e-14	6.98e-11	8.15e-09	4.09e-07	9.54e-06	1.36e-04	1.09e-03	5.36e-03	2.95e-02	3.07e-01	4.47e-01	2.10e-01
 5.20266e+22	0.00e+00	1.93e-29	1.94e-25	5.92e-22	4.82e-19	2.43e-16	1.07e-13	9.62e-11	1.09e-08	5.31e-07	1.20e-05	1.65e-04	1.27e-03	6.00e-03	3.17e-02	3.17e-01	4.44e-01	2.00e-01
 5.22371e+22	0.00e+00	3.00e-29	2.93e-25	8.70e-22	6.86e-19	3.35e-16	1.42e-13	1.25e-10	1.39e-08	6.57e-07	1.44e-05	1.93e-04	1.44e-03	6.58e-03	3.36e-02	3.25e-01	4.41e-01	1.92e-01
 5.24533e+22	0.00e+00	5.30e-29	4.98e-25	1.42e-21	1.07e-18	5.02e-16	2.04e-13	1.75e-10	1.88e-08	8.64e-07	1.83e-05	2.36e-04	1.70e-03	7.40e-03	3.62e-02	3.36e-01	4.36e-01	1.82e-01
 5.26706e+22	0.00e+00	8.57e-29	7.79e-25	2.15e-21	1.57e-18	7.04e-16	2.75e-13	2.32e-10	2.43e-08	1.09e-06	2.23e-05	2.80e-04	1.94e-03	8.17e-03	3.85e-02	3.45e-01	4.32e-01	1.74e-01
 5.28562e+22	0.00e+00	1.34e-28	1.18e-24	3.16e-21	2.22e-18	9.64e-16	3.62e-13	3.00e-10	3.08e-08	1.34e-06	2.69e-05	3.27e-04	2.20e-03	8.95e-03	4.07e-02	3.53e-01	4.28e-01	1.67e-01
 5.30641e+22	0.00e+00	2.33e-28	1.97e-24	5.09e-21	3.43e-18	1.42e-15	5.11e-13	4.15e-10	4.14e-08	1.75e-06	3.39e-05	3.98e-04	2.58e-03	1.00e-02	4.37e-02	3.64e-01	4.22e-01	1.58e-01
 5.32748e+22	0.00e+00	3.64e-28	3.00e-24	7.51e-21	4.88e-18	1.96e-15	6.76e-13	5.40e-10	5.27e-08	2.17e-06	4.08e-05	4.66e-04	2.92e-03	1.10e-02	4.61e-02	3.72e-01	4.17e-01	1.51e-01
 5.34890e+22	0.00e+00	6.37e-28	5.04e-24	1.22e-20	7.57e-18	2.90e-15	9.56e-13	7.48e-10	7.10e-08	2.83e-06	5.14e-05	5.67e-04	3.42e-03	1.22e-02	4.94e-02	3.82e-01	4.10e-01	1.42e-01
 5.37086e+22	0.00e+00	1.03e-27	7.89e-24	1.84e-20	1.11e-17	4.08e-15	1.29e-12	9.91e-10	9.18e-08	3.57e-06	6.28e-05	6.70e-04	3.90e-03	1.35e-02	5.23e-02	3.90e-01	4.04e-01	1.35e-01
 5.39034e+22	0.00e+00	1.67e-27	1.24e-23	2.79e-20	1.61e-17	5.69e-15	1.72e-12	1.31e-09	1.18e-07	4.48e-06	7.66e-05	7.93e-04	4.46e-03	1.48e-02	5.53e-02	3.99e-01	3.98e-01	1.28e-01
 5.41248e+22	0.00e+00	3.05e-27	2.16e-23	4.67e-20	2.56e-17	8.64e-15	2.48e-12	1.84e-09	1.62e-07	5.96e-06	9.80e-05	9.77e-04	5.27e-03	1.66e-02	5.93e-02	4.09e-01	3.89e-01	1.20e-01
 5.43371e+22	0.00e+00	4.67e-27	3.21e-23	6.74e-20	3.58e-17	1.16e-14	3.23e-12	2.36e-09	2.04e-07	7.30e-06	1.17e-04	1.13e-03	5.92e-03	1.81e-02	6.22e-02	4.16e-01	3.83e-01	1.14e-01
 5.45377e+22	0.00e+00	8.33e-27	5.48e-23	1.10e-19	5.57e-17	1.72e-14	4.53e-12	3.27e-09	2.75e-07	9.56e-06	1.48e-04	1.38e-03	6.93e-03	2.02e-02	6.63e-02	4.25e-01	3.74e-01	1.07e-01
 5.47353e+22	0.00e+00	1.26e-26	8.03e-23	1.57e-19	7.66e-17	2.29e-14	5.80e-12	4.13e-09	3.41e-07	1.16e-05	1.75e-04	1.59e-03	7.74e-03	2.18e-02	6.93e-02	4.31e-01	3.67e-01	1.01e-01
 5.48974e+22	0.00e+00	1.84e-26	1.14e-22	2.17e-19	1.03e-16	2.97e-14	7.28e-12	5.13e-09	4.17e-07	1.39e-05	2.04e-04	1.81e-03	8.57e-03	2.34e-02	7.22e-02	4.36e-01	3.61e-01	9.68e-02
 5.50766e+22	0.00e+00	3.06e-26	1.83e-22	3.35e-19	1.52e-16	4.19e-14	9.80e-12	6.83e-09	5.43e-07	1.76e-05	2.51e-04	2.16e-03	9.83e-03	2.57e-02	7.61e-02	4.43e-01	3.52e-01	9.08e-02
 5.52412e+22	0.00e+00	4.31e-26	2.52e-22	4.48e-19	1.97e-16	5.28e-14	1.19e-11	8.27e-09	6.48e-07	2.07e-05	2.88e-04	2.42e-03	1.08e-02	2.74e-02	7.89e-02	4.47e-01	3.46e-01	8.69e-02
 5.53666e+22	0.00e+00	5.98e-26	3.41e-22	5.91e-19	2.52e-16	6.57e-14	1.44e-11	9.92e-09	7.67e-07	2.41e-05	3.29e-04	2.71e-03	1.17e-02	2.91e-02	8.15e-02	4.51e-01	3.40e-01	8.33e-02
 5.55090e+22	0.00e+00	8.72e-26	4.83e-22	8.15e-19	3.37e-16	8.48e-14	1.80e-11	1.23e-08	9.34e-07	2.87e-05	3.83e-04	3.07e-03	1.30e-02	3.11e-02	8.46e-02	4.55e-01	3.33e-01	7.92e-02
 5.56545e+22	0.00e+00	1.22e-25	6.59e-22	1.08e-18	4.35e-16	1.06e-13	2.18e-11	1.48e-08	1.11e-06	3.35e-05	4.38e-04	3.44e-03	1.42e-02	3.31e-02	8.74e-02	4.59e-01	3.27e-01	7.57e-02
 5.57798e+22	0.00e+00	1.67e-25	8.83e-22	1.41e-18	5.52e-16	1.31e-13	2.61e-11	1.76e-08	1.30e-06	3.88e-05	4.97e-04	3.83e-03	1.54e-02	3.50e-02	9.00e-02	4.62e-01	3.21e-01	7.25e-02
 5.59005e+22	0.00e+00	2.30e-25	1.19e-21	1.85e-18	7.01e-16	1.61e-13	3.12e-11	2.09e-08	1.54e-06	4.50e-05	5.64e-04	4.26e-03	1.67e-02	3.70e-02	9.27e-02	4.65e-01	3.15e-01	6.93e-02
 5.60155e+22	0.00e+00	3.07e-25	1.54e-21	2.36e-18	8.70e-16	1.95e-13	3.66e-11	2.45e-08	1.78e-06	5.13e-05	6.32e-04	4.68e-03	1.80e-02	3.89e-02	9.51e-02	4.67e-01	3.09e-01	6.66e-02
 5.61412e+22	0.00e+00	4.38e-25	2.14e-21	3.18e-18	1.14e-15	2.46e-13	4.47e-11	2.97e-08	2.13e-06	6.04e-05	7.28e-04	5.26e-03	1.97e-02	4.13e-02	9.82e-02	4.69e-01	3.02e-01	6.33e-02
 5.62699e+22	5.80e-32	5.93e-25	2.84e-21	4.11e-18	1.43e-15	3.00e-13	5.30e-11	3.51e-08	2.49e-06	6.94e-05	8.20e-04	5.82e-03	2.13e-02	4.35e-02	1.01e-01	4.71e-01	2.96e-01	6.05e-02
 5.63840e+22	7.94e-32	7.99e-25	3.73e-21	5.27e-18	1.78e-15	3.64e-13	6.24e-11	4.12e-08	2.89e-06	7.96e-05	9.22e-04	6.41e-03	2.29e-02	4.57e-02	1.03e-01	4.73e-01	2.90e-01	5.79e-02
 5.65137e+22	1.21e-31	1.19e-24	5.39e-21	7.36e-18	2.39e-15	4.69e-13	7.73e-11	5.10e-08	3.53e-06	9.54e-05	1.08e-03	7.31e-03	2.53e-02	4.89e-02	1.07e-01	4.74e-01	2.82e-01	5.45e-02
 5.66410e+22	1.64e-31	1.59e-24	7.04e-21	9.39e-18	2.97e-15	5.66e-13	9.06e-11	5.96e-08	4.09e-06	1.09e-04	1.21e-03	8.03e-03	2.72e-02	5.12e-02	1.09e-01	4.75e-01	2.76e-01	5.21e-02
 5.67451e+22	2.22e-31	2.12e-24	9.15e-21	1.19e-17	3.65e-15	6.76e-13	1.05e-10	6.92e-08	4.71e-06	1.24e-04	1.35e-03	8.80e-03	2.92e-02	5.37e-02	1.12e-01	4.75e-01	2.70e-01	4.99e-02
 5.68435e+22	2.95e-31	2.78e-24	1.17e-20	1.49e-17	4.45e-15	8.01e-13	1.21e-10	7.98e-08	5.39e-06	1.40e-04	1.50e-03	9.60e-03	3.12e-02	5.60e-02	1.14e-01	4.76e-01	2.64e-01	4.78e-02
 5.69546e+22	4.20e-31	3.88e-24	1.59e-20	1.96e-17	5.68e-15	9.88e-13	1.44e-10	9.52e-08	6.36e-06	1.63e-04	1.70e-03	1.07e-02	3.39e-02	5.91e-02	1.17e-01	4.75e-01	2.57e-01	4.53e-02
 5.70688e+22	5.76e-31	5.24e-24	2.10e-20	2.52e-17	7.06e-15	1.19e-12	1.69e-10	1.11e-07	7.37e-06	1.86e-04	1.91e-03	1.17e-02	3.64e-02	6.19e-02	1.19e-01	4.75e-01	2.51e-01	4.31e-02
 5.71681e+22	7.66e-31	6.87e-24	2.69e-20	3.15e-17	8.59e-15	1.41e-12	1.94e-10	1.28e-07	8.43e-06	2.10e-04	2.12e-03	1.28e-02	3.88e-02	6.45e-02	1.21e-01	4.74e-01	2.45e-01	4.12e-02
 5.72783e+22	1.10e-30	9.74e-24	3.70e-20	4.19e-17	1.10e-14	1.74e-12	2.31e-10	1.53e-07	9.99e-06	2.45e-04	2.42e-03	1.43e-02	4.22e-02	6.80e-02	1.24e-01	4.73e-01	2.37e-01	3.88e-02
 5.73912e+22	1.52e-30	1.32e-23	4.89e-20	5.38e-17	1.37e-14	2.09e-12	2.69e-10	1.79e-07	1.16e-05	2.80e-04	2.72e-03	1.57e-02	4.53e-02	7.11e-02	1.27e-01	4.71e-01	2.30e-01	3.68e-02
 5.74903e+22	2.05e-30	1.75e-23	6.33e-20	6.78e-17	1.68e-14	2.48e-12	3.09e-10	2.07e-07	1.33e-05	3.17e-04	3.02e-03	1.71e-02	4.83e-02	7.41e-02	1.29e-01	4.69e-01	2.24e-01	3.50e-02
 5.76018e+22	3.03e-30	2.55e-23	8.89e-20	9.19e-17	2.18e-14	3.10e-12	3.71e-10	2.50e-07	1.59e-05	3.74e-04	3.48e-03	1.92e-02	5.26e-02	7.82e-02	1.31e-01	4.66e-01	2.16e-01	3.27e-02
 5.77147e+22	4.16e-30	3.44e-23	1.17e-19	1.17e-16	2.70e-14	3.70e-12	4.28e-10	2.90e-07	1.84e-05	4.26e-04	3.89e-03	2.10e-02	5.63e-02	8.15e-02	1.34e-01	4.63e-01	2.09e-01	3.09e-02
 5.78111e+22	5.55e-30	4.52e-23	1.50e-19	1.47e-16	3.27e-14	4.35e-12	4.89e-10	3.33e-07	2.09e-05	4.80e-04	4.30e-03	2.28e-02	5.99e-02	8.46e-02	1.35e-01	4.60e-01	2.03e-01	2.94e-02
 5.79182e+22	8.36e-30	6.70e-23	2.14e-19	2.01e-16	4.28e-14	5.43e-12	5.84e-10	4.02e-07	2.52e-05	5.68e-04	4.96e-03	2.56e-02	6.52e-02	8.91e-02	1.38e-01	4.55e-01	1.95e-01	2.73e-02
 5.80234e+22	1.10e-29	8.73e-23	2.72e-19	2.49e-16	5.15e-14	6.33e-12	6.62e-10	4.59e-07	2.85e-05	6.36e-04	5.47e-03	2.77e-02	6.91e-02	9.22e-02	1.39e-01	4.51e-01	1.89e-01	2.59e-02
 5.81260e+22	1.64e-29	1.27e-22	3.83e-19	3.36e-16	6.65e-14	7.82e-12	7.82e-10	5.50e-07	3.40e-05	7.47e-04	6.26e-03	3.09e-02	7.48e-02	9.67e-02	1.41e-01	4.45e-01	1.80e-01	2.40e-02
 5.82268e+22	2.14e-29	1.64e-22	4.83e-19	4.12e-16	7.94e-14	9.05e-12	8.80e-10	6.23e-07	3.83e-05	8.32e-04	6.86e-03	3.32e-02	7.89e-02	9.97e-02	1.42e-01	4.40e-01	1.75e-01	2.28e-02
 5.83253e+22	3.18e-29	2.40e-22	6.79e-19	5.56e-16	1.02e-13	1.11e-11	1.03e-09	7.44e-07	4.56e-05	9.74e-04	7.84e-03	3.69e-02	8.53e-02	1.04e-01	1.44e-01	4.33e-01	1.67e-01	2.10e-02
 5.84231e+22	4.19e-29	3.11e-22	8.59e-19	6.85e-16	1.22e-13	1.29e-11	1.16e-09	8.43e-07	5.14e-05	1.09e-03	8.59e-03	3.97e-02	8.98e-02	1.07e-01	1.45e-01	4.28e-01	1.61e-01	1.99e-02
 5.85202e+22	6.22e-29	4.54e-22	1.21e-18	9.21e-16	1.57e-13	1.57e-11	1.36e-09	1.00e-06	6.09e-05	1.27e-03	9.79e-03	4.41e-02	9.67e-02	1.12e-01	1.46e-01	4.19e-01	1.53e-01	1.83e-02
 5.86182e+22	8.30e-29	5.98e-22	1.55e-18	1.15e-15	1.88e-13	1.83e-11	1.53e-09	1.14e-06	6.90e-05	1.42e-03	1.08e-02	4.75e-02	1.02e-01	1.15e-01	1.47e-01	4.12e-01	1.47e-01	1.72e-02
 5.87173e+22	1.25e-28	8.84e-22	2.20e-18	1.55e-15	2.43e-13	2.24e-11	1.78e-09	1.36e-06	8.19e-05	1.66e-03	1.23e-02	5.26e-02	1.10e-01	1.20e-01	1.47e-01	4.02e-01	1.39e-01	1.57e-02
 5.88173e+22	1.68e-28	1.18e-21	2.84e-18	1.94e-15	2.94e-13	2.60e-11	2.01e-09	1.55e-06	9.30e-05	1.87e-03	1.35e-02	5.67e-02	1.16e-01	1.23e-01	1.47e-01	3.95e-01	1.33e-01	1.46e-02
 5.89185e+22	2.53e-28	1.73e-21	4.02e-18	2.63e-15	3.78e-13	3.18e-11	2.34e-09	1.84e-06	1.10e-04	2.18e-03	1.54e-02	6.26e-02	1.24e-01	1.28e-01	1.47e-01	3.83e-01	1.25e-01	1.33e-02
 5.90188e+22	3.42e-28	2.32e-21	5.22e-18	3.29e-15	4.56e-13	3.70e-11	2.63e-09	2.10e-06	1.25e-04	2.44e-03	1.69e-02	6.73e-02	1.30e-01	1.31e-01	1.47e-01	3.75e-01	1.19e-01	1.24e-02
 5.91178e+22	5.12e-28	3.41e-21	7.36e-18	4.43e-15	5.84e-13	4.49e-11	3.05e-09	2.48e-06	1.47e-04	2.83e-03	1.91e-02	7.39e-02	1.39e-01	1.35e-01	1.46e-01	3.62e-01	1.11e-01	1.12e-02
 5.92184e+22	7.05e-28	4.62e-21	9.67e-18	5.60e-15	7.10e-13	5.24e-11	3.42e-09	2.83e-06	1.67e-04	3.18e-03	2.10e-02	7.95e-02	1.45e-01	1.38e-01	1.46e-01	3.52e-01	1.05e-01	1.03e-02
 5.93211e+22	1.07e-27	6.90e-21	1.38e-17	7.62e-15	9.16e-13	6.39e-11	3.98e-09	3.35e-06	1.97e-04	3.70e-03	2.38e-02	8.72e-02	1.55e-01	1.41e-01	1.44e-01	3.39e-01	9.74e-02	9.24e-03
 5.94249e+22	1.49e-27	9.43e-21	1.83e-17	9.68e-15	1.12e-12	7.47e-11	4.47e-09	3.82e-06	2.24e-04	4.15e-03	2.61e-02	9.35e-02	1.62e-01	1.44e-01	1.43e-01	3.28e-01	9.16e-02	8.46e-03
 5.95300e+22	2.29e-27	1.42e-20	2.63e-17	1.32e-14	1.45e-12	9.12e-11	5.19e-09	4.52e-06	2.64e-04	4.82e-03	2.95e-02	1.02e-01	1.71e-01	1.47e-01	1.40e-01	3.13e-01	8.43e-02	7.51e-03
 5.96358e+22	3.18e-27	1.94e-20	3.48e-17	1.68e-14	1.76e-12	1.06e-10	5.82e-09	5.13e-06	2.99e-04	5.39e-03	3.23e-02	1.09e-01	1.78e-01	1.49e-01	1.38e-01	3.01e-01	7.89e-02	6.83e-03
 5.97272e+22	4.38e-27	2.64e-20	4.57e-17	2.12e-14	2.13e-12	1.23e-10	6.50e-09	5.80e-06	3.37e-04	6.00e-03	3.52e-02	1.16e-01	1.85e-01	1.51e-01	1.36e-01	2.90e-01	7.38e-02	6.22e-03
 5.98308e+22	6.62e-27	3.92e-20	6.49e-17	2.86e-14	2.73e-12	1.49e-10	7.48e-09	6.77e-06	3.91e-04	6.87e-03	3.92e-02	1.26e-01	1.94e-01	1.53e-01	1.33e-01	2.75e-01	6.76e-02	5.49e-03
 5.99343e+22	9.07e-27	5.29e-20	8.47e-17	3.59e-14	3.29e-12	1.73e-10	8.34e-09	7.60e-06	4.38e-04	7.60e-03	4.26e-02	1.33e-01	2.01e-01	1.54e-01	1.31e-01	2.63e-01	6.30e-02	4.98e-03
 6.00379e+22	1.36e-26	7.77e-20	1.19e-16	4.81e-14	4.18e-12	2.08e-10	9.57e-09	8.79e-06	5.04e-04	8.63e-03	4.71e-02	1.43e-01	2.09e-01	1.55e-01	1.27e-01	2.49e-01	5.74e-02	4.38e-03
 6.01433e+22	1.87e-26	1.05e-19	1.56e-16	6.05e-14	5.05e-12	2.41e-10	1.07e-08	9.85e-06	5.62e-04	9.52e-03	5.09e-02	1.50e-01	2.15e-01	1.55e-01	1.24e-01	2.37e-01	5.32e-02	3.95e-03
 6.02510e+22	2.84e-26	1.57e-19	2.23e-16	8.17e-14	6.47e-12	2.91e-10	1.23e-08	1.14e-05	6.46e-04	1.08e-02	5.62e-02	1.61e-01	2.23e-01	1.55e-01	1.20e-01	2.22e-01	4.80e-02	3.44e-03
 6.03599e+22	3.86e-26	2.10e-19	2.89e-16	1.02e-13	7.77e-12	3.36e-10	1.37e-08	1.27e-05	7.15e-04	1.18e-02	6.03e-02	1.68e-01	2.28e-01	1.55e-01	1.17e-01	2.12e-01	4.45e-02	3.10e-03
 6.04701e+22	5.83e-26	3.11e-19	4.09e-16	1.37e-13	9.91e-12	4.06e-10	1.58e-08	1.45e-05	8.15e-04	1.33e-02	6.60e-02	1.79e-01	2.35e-01	1.54e-01	1.12e-01	1.98e-01	4.00e-02	2.68e-03
 6.05833e+22	7.98e-26	4.19e-19	5.33e-16	1.72e-13	1.20e-11	4.71e-10	1.76e-08	1.62e-05	9.01e-04	1.45e-02	7.07e-02	1.86e-01	2.39e-01	1.53e-01	1.09e-01	1.87e-01	3.68e-02	2.40e-03
 6.07000e+22	1.21e-25	6.20e-19	7.56e-16	2.32e-13	1.53e-11	5.71e-10	2.04e-08	1.85e-05	1.02e-03	1.62e-02	7.71e-02	1.97e-01	2.45e-01	1.52e-01	1.04e-01	1.74e-01	3.28e-02	2.06e-03
 6.08191e+22	1.66e-25	8.39e-19	9.90e-16	2.92e-13	1.86e-11	6.64e-10	2.29e-08	2.05e-05	1.13e-03	1.77e-02	8.23e-02	2.05e-01	2.49e-01	1.50e-01	1.00e-01	1.63e-01	3.00e-02	1.83e-03
 6.09410e+22	2.51e-25	1.24e-18	1.40e-15	3.93e-13	2.37e-11	8.06e-10	2.65e-08	2.34e-05	1.27e-03	1.97e-02	8.93e-02	2.15e-01	2.53e-01	1.48e-01	9.53e-02	1.51e-01	2.66e-02	1.57e-03
 6.10639e+22	3.43e-25	1.66e-18	1.82e-15	4.92e-13	2.87e-11	9.36e-10	2.97e-08	2.58e-05	1.39e-03	2.13e-02	9.48e-02	2.22e-01	2.56e-01	1.46e-01	9.16e-02	1.42e-01	2.43e-02	1.39e-03
 6.11878e+22	5.11e-25	2.43e-18	2.55e-15	6.56e-13	3.64e-11	1.13e-09	3.43e-08	2.92e-05	1.56e-03	2.35e-02	1.02e-01	2.32e-01	2.59e-01	1.43e-01	8.68e-02	1.30e-01	2.15e-02	1.18e-03
 6.13150e+22	7.01e-25	3.27e-18	3.34e-15	8.25e-13	4.41e-11	1.32e-09	3.86e-08	3.23e-05	1.71e-03	2.54e-02	1.08e-01	2.39e-01	2.60e-01	1.40e-01	8.31e-02	1.22e-01	1.95e-02	1.04e-03
 6.14254e+22	9.36e-25	4.30e-18	4.26e-15	1.02e-12	5.26e-11	1.52e-09	4.29e-08	3.53e-05	1.85e-03	2.73e-02	1.14e-01	2.46e-01	2.62e-01	1.37e-01	7.97e-02	1.14e-01	1.78e-02	9.25e-04
 6.15482e+22	1.32e-24	6.10e-18	5.82e-15	1.33e-12	6.59e-11	1.81e-09	4.93e-08	3.95e-05	2.05e-03	2.98e-02	1.21e-01	2.54e-01	2.63e-01	1.34e-01	7.54e-02	1.05e-01	1.58e-02	7.93e-04
 6.16721e+22	1.76e-24	7.99e-18	7.42e-15	1.64e-12	7.85e-11	2.09e-09	5.49e-08	4.31e-05	2.21e-03	3.18e-02	1.27e-01	2.60e-01	2.63e-01	1.31e-01	7.21e-02	9.84e-02	1.44e-02	7.02e-04
 6.17977e+22	2.53e-24	1.13e-17	1.01e-14	2.14e-12	9.81e-11	2.50e-09	6.31e-08	4.82e-05	2.44e-03	3.45e-02	1.35e-01	2.67e-01	2.63e-01	1.27e-01	6.79e-02	9.01e-02	1.27e-02	5.98e-04
 6.19253e+22	3.34e-24	1.47e-17	1.28e-14	2.62e-12	1.17e-10	2.87e-09	7.03e-08	5.25e-05	2.63e-03	3.68e-02	1.41e-01	2.73e-01	2.62e-01	1.23e-01	6.48e-02	8.42e-02	1.15e-02	5.29e-04
 6.20374e+22	4.39e-24	1.91e-17	1.62e-14	3.20e-12	1.38e-10	3.29e-09	7.82e-08	5.70e-05	2.82e-03	3.91e-02	1.47e-01	2.78e-01	2.61e-01	1.20e-01	6.18e-02	7.86e-02	1.05e-02	4.67e-04
 6.21651e+22	6.26e-24	2.67e-17	2.19e-14	4.15e-12	1.72e-10	3.92e-09	8.96e-08	6.34e-05	3.09e-03	4.22e-02	1.55e-01	2.84e-01	2.60e-01	1.16e-01	5.80e-02	7.17e-02	9.23e-03	3.97e-04
 6.22919e+22	8.03e-24	3.39e-17	2.71e-14	4.99e-12	2.01e-10	4.45e-09	9.91e-08	6.85e-05	3.30e-03	4.45e-02	1.61e-01	2.88e-01	2.58e-01	1.13e-01	5.54e-02	6.72e-02	8.43e-03	3.54e-04
 6.24177e+22	1.12e-23	4.67e-17	3.61e-14	6.39e-12	2.48e-10	5.27e-09	1.13e-07	7.58e-05	3.60e-03	4.78e-02	1.69e-01	2.94e-01	2.56e-01	1.09e-01	5.20e-02	6.14e-02	7.44e-03	3.01e-04
 6.25459e+22	1.44e-23	5.93e-17	4.47e-14	7.70e-12	2.90e-10	6.00e-09	1.25e-07	8.20e-05	3.84e-03	5.04e-02	1.75e-01	2.97e-01	2.54e-01	1.05e-01	4.95e-02	5.73e-02	6.76e-03	2.67e-04
 6.26773e+22	2.02e-23	8.17e-17	5.97e-14	9.87e-12	3.59e-10	7.12e-09	1.43e-07	9.07e-05	4.18e-03	5.40e-02	1.83e-01	3.02e-01	2.51e-01	1.01e-01	4.62e-02	5.21e-02	5.94e-03	2.27e-04
 6.28112e+22	2.61e-23	1.04e-16	7.43e-14	1.19e-11	4.22e-10	8.13e-09	1.59e-07	9.82e-05	4.47e-03	5.69e-02	1.90e-01	3.05e-01	2.48e-01	9.78e-02	4.39e-02	4.84e-02	5.37e-03	2.00e-04
 6.29483e+22	3.65e-23	1.44e-16	9.92e-14	1.53e-11	5.22e-10	9.67e-09	1.82e-07	1.09e-04	4.86e-03	6.09e-02	1.98e-01	3.09e-01	2.44e-01	9.34e-02	4.08e-02	4.39e-02	4.70e-03	1.68e-04
 6.30879e+22	4.72e-23	1.83e-16	1.24e-13	1.86e-11	6.15e-10	1.11e-08	2.03e-07	1.18e-04	5.19e-03	6.41e-02	2.05e-01	3.11e-01	2.41e-01	9.01e-02	3.86e-02	4.06e-02	4.23e-03	1.48e-04
 6.32307e+22	6.61e-23	2.53e-16	1.65e-13	2.39e-11	7.62e-10	1.32e-08	2.33e-07	1.31e-04	5.64e-03	6.84e-02	2.14e-01	3.14e-01	2.36e-01	8.57e-02	3.58e-02	3.67e-02	3.68e-03	1.24e-04
 6.33703e+22	8.28e-23	3.14e-16	2.01e-13	2.84e-11	8.83e-10	1.49e-08	2.57e-07	1.41e-04	5.99e-03	7.16e-02	2.20e-01	3.16e-01	2.33e-01	8.28e-02	3.40e-02	3.42e-02	3.35e-03	1.10e-04
 6.35057e+22	1.33e-25	4.26e-16	2.65e-13	3.59e-11	1.08e-09	1.76e-08	2.93e-07	1.55e-04	6.47e-03	7.60e-02	2.28e-01	3.18e-01	2.28e-01	7.87e-02	3.16e-02	3.09e-02	2.92e-03	9.29e-05
 6.36431e+22	1.70e-25	5.29e-16	3.22e-13	4.27e-11	1.25e-09	1.99e-08	3.24e-07	1.67e-04	6.86e-03	7.94e-02	2.34e-01	3.19e-01	2.24e-01	7.58e-02	2.99e-02	2.87e-02	2.65e-03	8.22e-05
 6.37831e+22	2.36e-25	7.10e-16	4.20e-13	5.38e-11	1.53e-09	2.34e-08	3.68e-07	1.84e-04	7.40e-03	8.41e-02	2.42e-01	3.20e-01	2.18e-01	7.20e-02	2.78e-02	2.60e-02	2.32e-03	6.95e-05
 6.39274e+22	3.09e-25	9.00e-16	5.20e-13	6.49e-11	1.80e-09	2.67e-08	4.10e-07	1.99e-04	7.87e-03	8.81e-02	2.49e-01	3.20e-01	2.14e-01	6.89e-02	2.61e-02	2.39e-02	2.08e-03	6.06e-05
 6.40773e+22	4.33e-25	1.21e-15	6.80e-13	8.20e-11	2.20e-09	3.16e-08	4.69e-07	2.20e-04	8.50e-03	9.32e-02	2.57e-01	3.20e-01	2.08e-01	6.52e-02	2.41e-02	2.16e-02	1.81e-03	5.09e-05
 6.42319e+22	5.75e-25	1.55e-15	8.52e-13	9.99e-11	2.60e-09	3.64e-08	5.25e-07	2.39e-04	9.07e-03	9.78e-02	2.64e-01	3.20e-01	2.03e-01	6.21e-02	2.26e-02	1.97e-02	1.61e-03	4.39e-05
 6.43927e+22	8.15e-25	2.11e-15	1.13e-12	1.27e-10	3.21e-09	4.33e-08	6.04e-07	2.65e-04	9.83e-03	1.04e-01	2.72e-01	3.19e-01	1.97e-01	5.84e-02	2.07e-02	1.76e-02	1.38e-03	3.66e-05
 6.45577e+22	1.09e-24	2.72e-15	1.42e-12	1.56e-10	3.83e-09	5.02e-08	6.79e-07	2.89e-04	1.05e-02	1.09e-01	2.79e-01	3.18e-01	1.92e-01	5.54e-02	1.93e-02	1.60e-02	1.22e-03	3.13e-05
 6.47282e+22	1.57e-24	3.72e-15	1.89e-12	2.01e-10	4.75e-09	6.01e-08	7.85e-07	3.22e-04	1.14e-02	1.15e-01	2.87e-01	3.17e-01	1.85e-01	5.19e-02	1.76e-02	1.42e-02	1.05e-03	2.58e-05
 6.49039e+22	2.12e-24	4.85e-15	2.40e-12	2.48e-10	5.71e-09	7.00e-08	8.88e-07	3.52e-04	1.22e-02	1.21e-01	2.94e-01	3.15e-01	1.79e-01	4.90e-02	1.63e-02	1.29e-02	9.15e-04	2.19e-05
 6.50867e+22	3.09e-24	6.72e-15	3.23e-12	3.22e-10	7.15e-09	8.45e-08	1.03e-06	3.95e-04	1.33e-02	1.28e-01	3.02e-01	3.12e-01	1.72e-01	4.55e-02	1.48e-02	1.13e-02	7.75e-04	1.78e-05
 6.52757e+22	4.26e-24	8.87e-15	4.16e-12	4.02e-10	8.67e-09	9.92e-08	1.18e-06	4.34e-04	1.42e-02	1.34e-01	3.09e-01	3.09e-01	1.66e-01	4.27e-02	1.36e-02	1.02e-02	6.71e-04	1.49e-05
 6.54470e+22	5.81e-24	1.16e-14	5.31e-12	4.98e-10	1.04e-08	1.16e-07	1.33e-06	4.77e-04	1.53e-02	1.40e-01	3.16e-01	3.06e-01	1.60e-01	4.00e-02	1.25e-02	9.11e-03	5.83e-04	1.26e-05
 6.56436e+22	8.61e-24	1.63e-14	7.22e-12	6.54e-10	1.32e-08	1.41e-07	1.56e-06	5.36e-04	1.66e-02	1.49e-01	3.24e-01	3.02e-01	1.52e-01	3.69e-02	1.12e-02	7.94e-03	4.87e-04	1.01e-05
 6.58440e+22	1.19e-23	2.15e-14	9.32e-12	8.18e-10	1.61e-08	1.66e-07	1.78e-06	5.90e-04	1.79e-02	1.56e-01	3.30e-01	2.98e-01	1.46e-01	3.44e-02	1.02e-02	7.07e-03	4.19e-04	8.37e-06
 6.60495e+22	1.31e-23	3.05e-14	1.28e-11	1.08e-09	2.04e-08	2.03e-07	2.10e-06	6.66e-04	1.95e-02	1.65e-01	3.38e-01	2.92e-01	1.38e-01	3.15e-02	9.11e-03	6.10e-03	3.47e-04	6.63e-06
 6.62577e+22	1.82e-23	4.05e-14	1.66e-11	1.36e-09	2.49e-08	2.40e-07	2.40e-06	7.34e-04	2.09e-02	1.72e-01	3.44e-01	2.87e-01	1.32e-01	2.92e-02	8.28e-03	5.40e-03	2.96e-04	5.47e-06
 6.64694e+22	2.76e-23	5.79e-14	2.30e-11	1.81e-09	3.19e-08	2.95e-07	2.84e-06	8.30e-04	2.28e-02	1.82e-01	3.50e-01	2.81e-01	1.24e-01	2.65e-02	7.32e-03	4.62e-03	2.42e-04	4.28e-06
 6.66834e+22	3.85e-23	7.70e-14	2.97e-11	2.27e-09	3.89e-08	3.48e-07	3.25e-06	9.15e-04	2.45e-02	1.90e-01	3.56e-01	2.75e-01	1.18e-01	2.45e-02	6.63e-03	4.08e-03	2.06e-04	3.51e-06
 6.69003e+22	5.93e-23	1.11e-13	4.16e-11	3.05e-09	5.02e-08	4.31e-07	3.86e-06	1.04e-03	2.67e-02	2.01e-01	3.62e-01	2.68e-01	1.11e-01	2.21e-02	5.81e-03	3.45e-03	1.66e-04	2.70e-06
 6.71184e+22	8.25e-23	1.47e-13	5.37e-11	3.82e-09	6.10e-08	5.08e-07	4.40e-06	1.14e-03	2.86e-02	2.09e-01	3.66e-01	2.61e-01	1.05e-01	2.04e-02	5.25e-03	3.03e-03	1.41e-04	2.21e-06
 6.73007e+22	1.11e-22	1.90e-13	6.78e-11	4.69e-09	7.29e-08	5.89e-07	4.97e-06	1.25e-03	3.04e-02	2.17e-01	3.70e-01	2.56e-01	9.99e-02	1.89e-02	4.78e-03	2.70e-03	1.21e-04	1.84e-06
