#depth	O	O+	O+2	O+3	O+4	O+5	O+6	O+7	O+8	O[1]	O[2]	O[3]
 1.54284e+22	5.87e-11	1.36e-06	1.12e-03	5.14e-02	1.96e-01	2.72e-01	4.37e-01	4.11e-02	9.40e-04	5.87e-11	1.34e-19	1.66e-19
 3.48684e+22	2.09e-10	4.23e-06	2.72e-03	9.22e-02	2.59e-01	2.91e-01	3.33e-01	2.20e-02	3.55e-04	2.09e-10	4.90e-19	6.02e-19
 4.08859e+22	4.02e-10	7.34e-06	4.12e-03	1.19e-01	2.87e-01	2.91e-01	2.83e-01	1.58e-02	2.15e-04	4.02e-10	9.70e-19	1.19e-18
 4.42753e+22	6.34e-10	1.07e-05	5.42e-03	1.41e-01	3.05e-01	2.86e-01	2.50e-01	1.24e-02	1.50e-04	6.34e-10	1.56e-18	1.91e-18
 4.62010e+22	7.62e-10	1.24e-05	6.05e-03	1.50e-01	3.12e-01	2.84e-01	2.37e-01	1.12e-02	1.29e-04	7.62e-10	1.89e-18	2.31e-18
 4.74475e+22	9.59e-10	1.49e-05	6.90e-03	1.62e-01	3.20e-01	2.80e-01	2.21e-01	9.87e-03	1.08e-04	9.59e-10	2.41e-18	2.94e-18
 4.88020e+22	1.19e-09	1.77e-05	7.81e-03	1.74e-01	3.27e-01	2.75e-01	2.07e-01	8.74e-03	9.04e-05	1.19e-09	3.02e-18	3.69e-18
 5.02969e+22	1.56e-09	2.19e-05	9.07e-03	1.89e-01	3.35e-01	2.69e-01	1.90e-01	7.49e-03	7.25e-05	1.56e-09	4.02e-18	4.90e-18
 5.18250e+22	1.98e-09	2.63e-05	1.03e-02	2.04e-01	3.41e-01	2.63e-01	1.76e-01	6.51e-03	5.93e-05	1.98e-09	5.16e-18	6.29e-18
 5.31512e+22	2.45e-09	3.10e-05	1.16e-02	2.17e-01	3.46e-01	2.57e-01	1.63e-01	5.74e-03	4.96e-05	2.45e-09	6.47e-18	7.87e-18
 5.46304e+22	3.23e-09	3.84e-05	1.34e-02	2.34e-01	3.51e-01	2.48e-01	1.48e-01	4.84e-03	3.89e-05	3.23e-09	8.70e-18	1.06e-17
 5.61449e+22	4.06e-09	4.56e-05	1.51e-02	2.49e-01	3.55e-01	2.41e-01	1.36e-01	4.20e-03	3.19e-05	4.06e-09	1.11e-17	1.35e-17
 5.77053e+22	5.40e-09	5.64e-05	1.75e-02	2.69e-01	3.58e-01	2.30e-01	1.22e-01	3.50e-03	2.48e-05	5.40e-09	1.51e-17	1.83e-17
 5.92885e+22	6.84e-09	6.72e-05	1.97e-02	2.85e-01	3.60e-01	2.22e-01	1.11e-01	3.01e-03	2.00e-05	6.84e-09	1.94e-17	2.35e-17
 6.06894e+22	8.63e-09	7.98e-05	2.21e-02	3.01e-01	3.60e-01	2.13e-01	1.01e-01	2.58e-03	1.62e-05	8.63e-09	2.49e-17	3.02e-17
 6.22983e+22	1.16e-08	9.91e-05	2.55e-02	3.22e-01	3.60e-01	2.01e-01	8.96e-02	2.10e-03	1.22e-05	1.16e-08	3.44e-17	4.17e-17
 6.39306e+22	1.47e-08	1.18e-04	2.85e-02	3.39e-01	3.58e-01	1.91e-01	8.08e-02	1.78e-03	9.76e-06	1.47e-08	4.47e-17	5.41e-17
 6.55935e+22	2.00e-08	1.47e-04	3.28e-02	3.61e-01	3.55e-01	1.79e-01	7.05e-02	1.43e-03	7.25e-06	2.00e-08	6.25e-17	7.56e-17
 6.72755e+22	2.54e-08	1.74e-04	3.66e-02	3.78e-01	3.52e-01	1.69e-01	6.30e-02	1.20e-03	5.71e-06	2.54e-08	8.15e-17	9.86e-17
 6.89823e+22	3.47e-08	2.17e-04	4.21e-02	4.00e-01	3.46e-01	1.56e-01	5.43e-02	9.54e-04	4.17e-06	3.47e-08	1.15e-16	1.39e-16
 7.07121e+22	4.43e-08	2.57e-04	4.68e-02	4.17e-01	3.40e-01	1.47e-01	4.81e-02	7.91e-04	3.24e-06	4.43e-08	1.51e-16	1.83e-16
 7.24718e+22	6.06e-08	3.20e-04	5.36e-02	4.38e-01	3.32e-01	1.34e-01	4.10e-02	6.18e-04	2.33e-06	6.06e-08	2.16e-16	2.61e-16
 7.42054e+22	7.64e-08	3.75e-04	5.91e-02	4.54e-01	3.25e-01	1.25e-01	3.63e-02	5.12e-04	1.81e-06	7.64e-08	2.80e-16	3.38e-16
 7.56573e+22	9.53e-08	4.37e-04	6.48e-02	4.68e-01	3.18e-01	1.17e-01	3.22e-02	4.26e-04	1.42e-06	9.53e-08	3.60e-16	4.35e-16
 7.70583e+22	1.18e-07	5.05e-04	7.07e-02	4.81e-01	3.10e-01	1.09e-01	2.86e-02	3.57e-04	1.12e-06	1.18e-07	4.58e-16	5.53e-16
 7.86407e+22	1.54e-07	6.04e-04	7.86e-02	4.97e-01	3.00e-01	9.96e-02	2.46e-02	2.84e-04	8.28e-07	1.54e-07	6.19e-16	7.47e-16
 8.02312e+22	1.92e-07	7.03e-04	8.58e-02	5.09e-01	2.91e-01	9.21e-02	2.16e-02	2.34e-04	6.38e-07	1.92e-07	7.95e-16	9.59e-16
 8.15986e+22	2.34e-07	8.05e-04	9.28e-02	5.20e-01	2.82e-01	8.55e-02	1.91e-02	1.95e-04	5.02e-07	2.34e-07	9.98e-16	1.20e-15
 8.31430e+22	3.01e-07	9.51e-04	1.02e-01	5.32e-01	2.71e-01	7.77e-02	1.64e-02	1.55e-04	3.72e-07	3.01e-07	1.33e-15	1.60e-15
 8.47487e+22	3.76e-07	1.10e-03	1.11e-01	5.42e-01	2.61e-01	7.11e-02	1.42e-02	1.26e-04	2.83e-07	3.76e-07	1.70e-15	2.05e-15
 8.61895e+22	4.61e-07	1.26e-03	1.20e-01	5.50e-01	2.51e-01	6.53e-02	1.25e-02	1.04e-04	2.18e-07	4.61e-07	2.15e-15	2.58e-15
 8.78179e+22	5.99e-07	1.50e-03	1.32e-01	5.59e-01	2.39e-01	5.84e-02	1.05e-02	8.02e-05	1.56e-07	5.99e-07	2.89e-15	3.47e-15
 8.94811e+22	7.44e-07	1.73e-03	1.43e-01	5.65e-01	2.28e-01	5.31e-02	9.04e-03	6.46e-05	0.00e+00	7.44e-07	3.68e-15	4.42e-15
 9.08951e+22	9.00e-07	1.97e-03	1.53e-01	5.70e-01	2.18e-01	4.86e-02	7.92e-03	5.31e-05	0.00e+00	9.00e-07	4.56e-15	5.48e-15
 9.21838e+22	1.07e-06	2.20e-03	1.63e-01	5.74e-01	2.10e-01	4.48e-02	6.99e-03	4.43e-05	0.00e+00	1.07e-06	5.56e-15	6.67e-15
 9.36039e+22	1.33e-06	2.53e-03	1.75e-01	5.77e-01	1.99e-01	4.04e-02	5.99e-03	3.54e-05	0.00e+00	1.33e-06	7.09e-15	8.50e-15
 9.50533e+22	1.58e-06	2.84e-03	1.86e-01	5.79e-01	1.90e-01	3.69e-02	5.25e-03	2.92e-05	0.00e+00	1.58e-06	8.66e-15	1.04e-14
 9.63431e+22	1.88e-06	3.17e-03	1.97e-01	5.80e-01	1.82e-01	3.38e-02	4.61e-03	2.42e-05	0.00e+00	1.88e-06	1.05e-14	1.26e-14
 9.78222e+22	2.34e-06	3.65e-03	2.12e-01	5.79e-01	1.71e-01	3.01e-02	3.90e-03	1.90e-05	0.00e+00	2.34e-06	1.35e-14	1.61e-14
 9.93104e+22	2.78e-06	4.09e-03	2.24e-01	5.78e-01	1.63e-01	2.74e-02	3.39e-03	1.55e-05	0.00e+00	2.78e-06	1.65e-14	1.97e-14
 1.00609e+23	3.29e-06	4.56e-03	2.37e-01	5.76e-01	1.54e-01	2.49e-02	2.95e-03	1.27e-05	0.00e+00	3.29e-06	2.00e-14	2.39e-14
 1.02095e+23	4.06e-06	5.21e-03	2.53e-01	5.72e-01	1.44e-01	2.20e-02	2.48e-03	9.91e-06	0.00e+00	4.06e-06	2.55e-14	3.05e-14
 1.03608e+23	4.83e-06	5.82e-03	2.68e-01	5.68e-01	1.36e-01	1.99e-02	2.14e-03	8.01e-06	0.00e+00	4.83e-06	3.12e-14	3.72e-14
 1.04950e+23	5.73e-06	6.49e-03	2.82e-01	5.63e-01	1.29e-01	1.79e-02	1.85e-03	6.50e-06	0.00e+00	5.73e-06	3.80e-14	4.53e-14
 1.06488e+23	7.10e-06	7.45e-03	3.00e-01	5.56e-01	1.19e-01	1.57e-02	1.54e-03	4.99e-06	0.00e+00	7.10e-06	4.88e-14	5.81e-14
 1.08043e+23	8.45e-06	8.31e-03	3.16e-01	5.48e-01	1.12e-01	1.40e-02	1.32e-03	3.99e-06	0.00e+00	8.45e-06	5.97e-14	7.10e-14
 1.09412e+23	1.00e-05	9.26e-03	3.32e-01	5.40e-01	1.05e-01	1.26e-02	1.13e-03	3.21e-06	0.00e+00	1.00e-05	7.28e-14	8.65e-14
 1.10986e+23	1.24e-05	1.06e-02	3.52e-01	5.29e-01	9.64e-02	1.09e-02	9.29e-04	2.43e-06	0.00e+00	1.24e-05	9.36e-14	1.11e-13
 1.12587e+23	1.47e-05	1.18e-02	3.70e-01	5.18e-01	8.96e-02	9.64e-03	7.86e-04	1.92e-06	0.00e+00	1.47e-05	1.15e-13	1.36e-13
 1.14225e+23	1.83e-05	1.35e-02	3.92e-01	5.04e-01	8.17e-02	8.27e-03	6.38e-04	1.42e-06	0.00e+00	1.83e-05	1.49e-13	1.76e-13
 1.15884e+23	2.17e-05	1.51e-02	4.10e-01	4.92e-01	7.54e-02	7.26e-03	5.35e-04	1.11e-06	0.00e+00	2.17e-05	1.83e-13	2.17e-13
 1.17570e+23	2.70e-05	1.73e-02	4.33e-01	4.75e-01	6.82e-02	6.16e-03	4.29e-04	8.12e-07	0.00e+00	2.70e-05	2.38e-13	2.81e-13
 1.18761e+23	2.84e-05	1.79e-02	4.40e-01	4.70e-01	6.61e-02	5.88e-03	4.03e-04	7.42e-07	0.00e+00	2.84e-05	2.53e-13	2.99e-13
 1.19228e+23	2.99e-05	1.84e-02	4.45e-01	4.66e-01	6.45e-02	5.64e-03	3.82e-04	6.88e-07	0.00e+00	2.99e-05	2.69e-13	3.18e-13
 1.19755e+23	3.21e-05	1.93e-02	4.53e-01	4.60e-01	6.22e-02	5.33e-03	3.54e-04	6.18e-07	0.00e+00	3.21e-05	2.94e-13	3.46e-13
 1.20440e+23	3.48e-05	2.03e-02	4.62e-01	4.53e-01	5.98e-02	5.01e-03	3.25e-04	5.49e-07	0.00e+00	3.48e-05	3.24e-13	3.81e-13
 1.21330e+23	3.91e-05	2.18e-02	4.75e-01	4.42e-01	5.63e-02	4.55e-03	2.87e-04	4.60e-07	0.00e+00	3.91e-05	3.73e-13	4.39e-13
 1.22487e+23	4.50e-05	2.38e-02	4.90e-01	4.29e-01	5.23e-02	4.05e-03	2.46e-04	3.70e-07	0.00e+00	4.50e-05	4.44e-13	5.21e-13
 1.23992e+23	5.46e-05	2.68e-02	5.11e-01	4.11e-01	4.70e-02	3.44e-03	1.98e-04	2.73e-07	0.00e+00	5.46e-05	5.63e-13	6.59e-13
 1.25582e+23	6.36e-05	2.95e-02	5.29e-01	3.95e-01	4.30e-02	2.99e-03	1.65e-04	2.12e-07	0.00e+00	6.36e-05	6.81e-13	7.95e-13
 1.26931e+23	7.26e-05	3.19e-02	5.44e-01	3.81e-01	3.97e-02	2.65e-03	1.41e-04	1.69e-07	0.00e+00	7.26e-05	8.02e-13	9.35e-13
 1.28134e+23	8.22e-05	3.45e-02	5.58e-01	3.68e-01	3.67e-02	2.35e-03	1.21e-04	1.37e-07	0.00e+00	8.22e-05	9.38e-13	1.09e-12
 1.29500e+23	9.59e-05	3.79e-02	5.75e-01	3.52e-01	3.33e-02	2.03e-03	1.00e-04	0.00e+00	0.00e+00	9.59e-05	1.14e-12	1.32e-12
 1.30903e+23	1.09e-04	4.09e-02	5.89e-01	3.37e-01	3.05e-02	1.78e-03	8.45e-05	0.00e+00	0.00e+00	1.09e-04	1.34e-12	1.55e-12
 1.32162e+23	1.24e-04	4.42e-02	6.03e-01	3.23e-01	2.80e-02	1.57e-03	7.15e-05	0.00e+00	0.00e+00	1.24e-04	1.58e-12	1.82e-12
 1.33606e+23	1.45e-04	4.87e-02	6.20e-01	3.05e-01	2.50e-02	1.33e-03	5.80e-05	0.00e+00	0.00e+00	1.45e-04	1.94e-12	2.22e-12
 1.35071e+23	1.65e-04	5.24e-02	6.33e-01	2.90e-01	2.27e-02	1.16e-03	4.85e-05	0.00e+00	0.00e+00	1.65e-04	2.29e-12	2.60e-12
 1.36561e+23	1.94e-04	5.79e-02	6.49e-01	2.72e-01	2.01e-02	9.68e-04	3.87e-05	0.00e+00	0.00e+00	1.94e-04	2.84e-12	3.21e-12
 1.38056e+23	2.19e-04	6.22e-02	6.61e-01	2.58e-01	1.82e-02	8.38e-04	3.22e-05	0.00e+00	0.00e+00	2.19e-04	3.34e-12	3.75e-12
 1.39557e+23	2.56e-04	6.83e-02	6.75e-01	2.40e-01	1.61e-02	6.99e-04	2.56e-05	0.00e+00	0.00e+00	2.56e-04	4.12e-12	4.59e-12
 1.41102e+23	2.91e-04	7.35e-02	6.86e-01	2.25e-01	1.43e-02	5.96e-04	2.10e-05	0.00e+00	0.00e+00	2.91e-04	4.90e-12	5.41e-12
 1.42704e+23	3.43e-04	8.10e-02	6.98e-01	2.08e-01	1.25e-02	4.88e-04	1.63e-05	0.00e+00	0.00e+00	3.43e-04	6.12e-12	6.68e-12
 1.44335e+23	3.89e-04	8.72e-02	7.08e-01	1.93e-01	1.10e-02	4.11e-04	1.32e-05	0.00e+00	0.00e+00	3.89e-04	7.31e-12	7.90e-12
 1.46003e+23	4.60e-04	9.62e-02	7.18e-01	1.76e-01	9.48e-03	3.31e-04	1.01e-05	0.00e+00	0.00e+00	4.60e-04	9.23e-12	9.82e-12
 1.47704e+23	5.25e-04	1.04e-01	7.25e-01	1.62e-01	8.28e-03	2.75e-04	8.02e-06	0.00e+00	0.00e+00	5.25e-04	1.11e-11	1.17e-11
 1.49447e+23	6.25e-04	1.15e-01	7.32e-01	1.45e-01	7.00e-03	2.17e-04	6.00e-06	0.00e+00	0.00e+00	6.25e-04	1.42e-11	1.47e-11
 1.51190e+23	7.07e-04	1.23e-01	7.37e-01	1.33e-01	6.09e-03	1.79e-04	4.75e-06	0.00e+00	0.00e+00	7.07e-04	1.70e-11	1.73e-11
 1.52930e+23	8.40e-04	1.36e-01	7.40e-01	1.18e-01	5.11e-03	1.40e-04	3.53e-06	0.00e+00	0.00e+00	8.40e-04	2.17e-11	2.16e-11
 1.54688e+23	9.53e-04	1.46e-01	7.42e-01	1.07e-01	4.42e-03	1.15e-04	2.77e-06	0.00e+00	0.00e+00	9.53e-04	2.61e-11	2.55e-11
 1.56468e+23	1.14e-03	1.62e-01	7.40e-01	9.33e-02	3.66e-03	8.77e-05	2.02e-06	0.00e+00	0.00e+00	1.14e-03	3.36e-11	3.22e-11
 1.58244e+23	1.29e-03	1.73e-01	7.38e-01	8.37e-02	3.15e-03	7.13e-05	1.58e-06	0.00e+00	0.00e+00	1.29e-03	4.04e-11	3.79e-11
 1.60016e+23	1.54e-03	1.92e-01	7.32e-01	7.23e-02	2.59e-03	5.40e-05	1.14e-06	0.00e+00	0.00e+00	1.54e-03	5.23e-11	4.78e-11
 1.61803e+23	1.76e-03	2.07e-01	7.25e-01	6.38e-02	2.20e-03	4.30e-05	8.77e-07	0.00e+00	0.00e+00	1.76e-03	6.36e-11	5.69e-11
 1.63609e+23	2.12e-03	2.30e-01	7.12e-01	5.40e-02	1.79e-03	3.18e-05	6.24e-07	0.00e+00	0.00e+00	2.12e-03	8.33e-11	7.24e-11
 1.65415e+23	2.44e-03	2.48e-01	7.01e-01	4.69e-02	1.51e-03	2.49e-05	4.74e-07	0.00e+00	0.00e+00	2.44e-03	1.02e-10	8.68e-11
 1.67221e+23	2.96e-03	2.76e-01	6.81e-01	3.88e-02	1.22e-03	1.80e-05	3.32e-07	0.00e+00	0.00e+00	2.96e-03	1.35e-10	1.11e-10
 1.69027e+23	3.42e-03	3.00e-01	6.63e-01	3.30e-02	1.02e-03	1.38e-05	2.49e-07	0.00e+00	0.00e+00	3.42e-03	1.66e-10	1.34e-10
 1.70833e+23	4.20e-03	3.34e-01	6.34e-01	2.66e-02	8.11e-04	9.64e-06	1.71e-07	0.00e+00	0.00e+00	4.20e-03	2.22e-10	1.74e-10
 1.72637e+23	4.90e-03	3.63e-01	6.10e-01	2.21e-02	6.74e-04	7.19e-06	1.26e-07	0.00e+00	0.00e+00	4.90e-03	2.75e-10	2.11e-10
 1.74438e+23	6.03e-03	4.03e-01	5.73e-01	1.72e-02	5.32e-04	4.86e-06	0.00e+00	0.00e+00	0.00e+00	6.03e-03	3.67e-10	2.75e-10
 1.76257e+23	7.17e-03	4.39e-01	5.40e-01	1.37e-02	4.35e-04	3.45e-06	0.00e+00	0.00e+00	0.00e+00	7.17e-03	4.64e-10	3.40e-10
 1.78100e+23	8.95e-03	4.87e-01	4.93e-01	1.02e-02	3.37e-04	2.21e-06	0.00e+00	0.00e+00	0.00e+00	8.95e-03	6.25e-10	4.49e-10
 1.79967e+23	1.08e-02	5.30e-01	4.51e-01	7.73e-03	2.69e-04	1.47e-06	0.00e+00	0.00e+00	0.00e+00	1.08e-02	8.03e-10	5.66e-10
 1.81573e+23	1.31e-02	5.72e-01	4.09e-01	5.83e-03	2.16e-04	9.76e-07	0.00e+00	0.00e+00	0.00e+00	1.31e-02	1.02e-09	7.10e-10
 1.82955e+23	1.52e-02	6.06e-01	3.74e-01	4.59e-03	1.80e-04	6.93e-07	0.00e+00	0.00e+00	0.00e+00	1.52e-02	1.23e-09	8.50e-10
 1.84334e+23	1.82e-02	6.46e-01	3.32e-01	3.39e-03	1.44e-04	4.51e-07	0.00e+00	0.00e+00	0.00e+00	1.82e-02	1.56e-09	1.06e-09
 1.85788e+23	2.18e-02	6.84e-01	2.92e-01	2.48e-03	1.15e-04	2.91e-07	0.00e+00	0.00e+00	0.00e+00	2.18e-02	1.95e-09	1.31e-09
 1.87105e+23	2.60e-02	7.18e-01	2.54e-01	1.80e-03	9.23e-05	1.88e-07	0.00e+00	0.00e+00	0.00e+00	2.60e-02	2.42e-09	1.62e-09
 1.88583e+23	3.25e-02	7.58e-01	2.09e-01	1.18e-03	6.85e-05	0.00e+00	0.00e+00	0.00e+00	0.00e+00	3.25e-02	3.19e-09	2.12e-09
 1.90088e+23	4.07e-02	7.90e-01	1.69e-01	7.67e-04	5.08e-05	0.00e+00	0.00e+00	0.00e+00	0.00e+00	4.07e-02	4.15e-09	2.73e-09
 1.91293e+23	4.96e-02	8.12e-01	1.37e-01	5.20e-04	3.85e-05	0.00e+00	0.00e+00	0.00e+00	0.00e+00	4.96e-02	5.22e-09	3.42e-09
 1.92318e+23	5.93e-02	8.28e-01	1.12e-01	3.62e-04	2.96e-05	0.00e+00	0.00e+00	0.00e+00	0.00e+00	5.93e-02	6.43e-09	4.20e-09
 1.93261e+23	7.10e-02	8.38e-01	9.08e-02	2.51e-04	2.25e-05	0.00e+00	0.00e+00	0.00e+00	0.00e+00	7.10e-02	7.88e-09	5.13e-09
 1.94114e+23	8.46e-02	8.42e-01	7.30e-02	1.77e-04	1.70e-05	0.00e+00	0.00e+00	0.00e+00	0.00e+00	8.46e-02	9.58e-09	6.21e-09
 1.94869e+23	9.97e-02	8.41e-01	5.88e-02	1.27e-04	1.30e-05	0.00e+00	0.00e+00	0.00e+00	0.00e+00	9.97e-02	1.15e-08	7.42e-09
 1.95549e+23	1.17e-01	8.36e-01	4.73e-02	9.25e-05	9.84e-06	0.00e+00	0.00e+00	0.00e+00	0.00e+00	1.17e-01	1.36e-08	8.77e-09
 1.96180e+23	1.36e-01	8.26e-01	3.78e-02	6.82e-05	7.42e-06	0.00e+00	0.00e+00	0.00e+00	0.00e+00	1.36e-01	1.60e-08	1.03e-08
 1.96775e+23	1.59e-01	8.11e-01	2.99e-02	5.05e-05	5.53e-06	0.00e+00	0.00e+00	0.00e+00	0.00e+00	1.59e-01	1.87e-08	1.20e-08
 1.97334e+23	1.85e-01	7.91e-01	2.35e-02	3.78e-05	4.07e-06	0.00e+00	0.00e+00	0.00e+00	0.00e+00	1.85e-01	2.17e-08	1.39e-08
 1.97866e+23	2.14e-01	7.68e-01	1.84e-02	2.86e-05	2.99e-06	0.00e+00	0.00e+00	0.00e+00	0.00e+00	2.14e-01	2.50e-08	1.60e-08
 1.98390e+23	2.48e-01	7.38e-01	1.42e-02	2.16e-05	2.13e-06	0.00e+00	0.00e+00	0.00e+00	0.00e+00	2.48e-01	2.87e-08	1.83e-08
 1.98883e+23	2.85e-01	7.04e-01	1.09e-02	1.65e-05	1.52e-06	0.00e+00	0.00e+00	0.00e+00	0.00e+00	2.85e-01	3.24e-08	2.06e-08
 1.99321e+23	3.23e-01	6.69e-01	8.44e-03	1.29e-05	1.10e-06	0.00e+00	0.00e+00	0.00e+00	0.00e+00	3.23e-01	3.58e-08	2.28e-08
 1.99717e+23	3.61e-01	6.33e-01	6.64e-03	1.04e-05	8.09e-07	0.00e+00	0.00e+00	0.00e+00	0.00e+00	3.61e-01	3.89e-08	2.47e-08
 2.00073e+23	3.96e-01	5.98e-01	5.32e-03	8.53e-06	6.09e-07	0.00e+00	0.00e+00	0.00e+00	0.00e+00	3.96e-01	4.15e-08	2.64e-08
 2.00381e+23	4.29e-01	5.67e-01	4.36e-03	7.19e-06	4.73e-07	0.00e+00	0.00e+00	0.00e+00	0.00e+00	4.29e-01	4.36e-08	2.77e-08
 2.00613e+23	4.54e-01	5.42e-01	3.76e-03	6.36e-06	3.93e-07	0.00e+00	0.00e+00	0.00e+00	0.00e+00	4.54e-01	4.49e-08	2.85e-08
 2.00784e+23	4.72e-01	5.25e-01	3.37e-03	5.81e-06	3.42e-07	0.00e+00	0.00e+00	0.00e+00	0.00e+00	4.72e-01	4.58e-08	2.91e-08
 2.00966e+23	4.92e-01	5.05e-01	2.97e-03	5.26e-06	2.92e-07	0.00e+00	0.00e+00	0.00e+00	0.00e+00	4.92e-01	4.68e-08	2.97e-08
 2.01182e+23	5.16e-01	4.82e-01	2.57e-03	4.68e-06	2.43e-07	0.00e+00	0.00e+00	0.00e+00	0.00e+00	5.16e-01	4.77e-08	3.02e-08
 2.01412e+23	5.40e-01	4.58e-01	2.20e-03	4.15e-06	2.01e-07	0.00e+00	0.00e+00	0.00e+00	0.00e+00	5.40e-01	4.85e-08	3.07e-08
 2.01635e+23	5.63e-01	4.36e-01	1.90e-03	3.72e-06	1.68e-07	0.00e+00	0.00e+00	0.00e+00	0.00e+00	5.63e-01	4.91e-08	3.11e-08
 2.01843e+23	5.83e-01	4.15e-01	1.65e-03	3.36e-06	1.42e-07	0.00e+00	0.00e+00	0.00e+00	0.00e+00	5.83e-01	4.95e-08	3.13e-08
 2.02003e+23	5.99e-01	4.00e-01	1.49e-03	3.12e-06	1.25e-07	0.00e+00	0.00e+00	0.00e+00	0.00e+00	5.99e-01	4.97e-08	3.14e-08
 2.02114e+23	6.09e-01	3.90e-01	1.39e-03	2.96e-06	0.00e+00	0.00e+00	0.00e+00	0.00e+00	0.00e+00	6.09e-01	4.98e-08	3.15e-08
 2.02225e+23	6.19e-01	3.79e-01	1.29e-03	2.81e-06	0.00e+00	0.00e+00	0.00e+00	0.00e+00	0.00e+00	6.19e-01	4.99e-08	3.15e-08
 2.02357e+23	6.30e-01	3.68e-01	1.19e-03	2.65e-06	0.00e+00	0.00e+00	0.00e+00	0.00e+00	0.00e+00	6.30e-01	5.00e-08	3.15e-08
 2.02505e+23	6.43e-01	3.56e-01	1.08e-03	2.48e-06	0.00e+00	0.00e+00	0.00e+00	0.00e+00	0.00e+00	6.43e-01	4.99e-08	3.15e-08
 2.02653e+23	6.56e-01	3.43e-01	9.85e-04	2.33e-06	0.00e+00	0.00e+00	0.00e+00	0.00e+00	0.00e+00	6.56e-01	4.99e-08	3.15e-08
 2.02792e+23	6.67e-01	3.32e-01	9.04e-04	2.20e-06	0.00e+00	0.00e+00	0.00e+00	0.00e+00	0.00e+00	6.67e-01	4.98e-08	3.14e-08
 2.02930e+23	6.77e-01	3.22e-01	8.29e-04	2.07e-06	0.00e+00	0.00e+00	0.00e+00	0.00e+00	0.00e+00	6.77e-01	4.97e-08	3.13e-08
 2.03078e+23	6.88e-01	3.11e-01	7.58e-04	1.95e-06	0.00e+00	0.00e+00	0.00e+00	0.00e+00	0.00e+00	6.88e-01	4.95e-08	3.12e-08
 2.03233e+23	6.99e-01	3.00e-01	6.89e-04	1.84e-06	0.00e+00	0.00e+00	0.00e+00	0.00e+00	0.00e+00	6.99e-01	4.93e-08	3.11e-08
 2.03390e+23	7.10e-01	2.90e-01	6.28e-04	1.73e-06	0.00e+00	0.00e+00	0.00e+00	0.00e+00	0.00e+00	7.10e-01	4.91e-08	3.09e-08
 2.03546e+23	7.20e-01	2.80e-01	5.73e-04	1.63e-06	0.00e+00	0.00e+00	0.00e+00	0.00e+00	0.00e+00	7.20e-01	4.89e-08	3.07e-08
 2.03707e+23	7.30e-01	2.70e-01	5.22e-04	1.54e-06	0.00e+00	0.00e+00	0.00e+00	0.00e+00	0.00e+00	7.30e-01	4.86e-08	3.05e-08
 2.03875e+23	7.40e-01	2.60e-01	4.74e-04	1.45e-06	0.00e+00	0.00e+00	0.00e+00	0.00e+00	0.00e+00	7.40e-01	4.83e-08	3.03e-08
 2.04048e+23	7.49e-01	2.50e-01	4.30e-04	1.36e-06	0.00e+00	0.00e+00	0.00e+00	0.00e+00	0.00e+00	7.49e-01	4.79e-08	3.01e-08
 2.04224e+23	7.58e-01	2.41e-01	3.91e-04	1.28e-06	0.00e+00	0.00e+00	0.00e+00	0.00e+00	0.00e+00	7.58e-01	4.76e-08	2.99e-08
 2.04403e+23	7.67e-01	2.32e-01	3.54e-04	1.21e-06	0.00e+00	0.00e+00	0.00e+00	0.00e+00	0.00e+00	7.67e-01	4.72e-08	2.96e-08
 2.04591e+23	7.76e-01	2.23e-01	3.21e-04	1.14e-06	0.00e+00	0.00e+00	0.00e+00	0.00e+00	0.00e+00	7.76e-01	4.69e-08	2.94e-08
 2.04785e+23	7.85e-01	2.15e-01	2.90e-04	1.07e-06	0.00e+00	0.00e+00	0.00e+00	0.00e+00	0.00e+00	7.85e-01	4.65e-08	2.91e-08
 2.04982e+23	7.93e-01	2.07e-01	2.63e-04	1.01e-06	0.00e+00	0.00e+00	0.00e+00	0.00e+00	0.00e+00	7.93e-01	4.61e-08	2.88e-08
 2.05185e+23	8.01e-01	1.99e-01	2.38e-04	9.56e-07	0.00e+00	0.00e+00	0.00e+00	0.00e+00	0.00e+00	8.01e-01	4.57e-08	2.86e-08
 2.05397e+23	8.09e-01	1.91e-01	2.15e-04	9.00e-07	0.00e+00	0.00e+00	0.00e+00	0.00e+00	0.00e+00	8.09e-01	4.52e-08	2.83e-08
 2.05615e+23	8.17e-01	1.83e-01	1.95e-04	8.49e-07	0.00e+00	0.00e+00	0.00e+00	0.00e+00	0.00e+00	8.17e-01	4.48e-08	2.80e-08
 2.05841e+23	8.24e-01	1.76e-01	1.76e-04	8.00e-07	0.00e+00	0.00e+00	0.00e+00	0.00e+00	0.00e+00	8.24e-01	4.44e-08	2.77e-08
 2.06079e+23	8.31e-01	1.69e-01	1.59e-04	7.53e-07	0.00e+00	0.00e+00	0.00e+00	0.00e+00	0.00e+00	8.31e-01	4.40e-08	2.74e-08
 2.06322e+23	8.38e-01	1.62e-01	1.44e-04	7.09e-07	0.00e+00	0.00e+00	0.00e+00	0.00e+00	0.00e+00	8.38e-01	4.36e-08	2.72e-08
 2.06572e+23	8.45e-01	1.55e-01	1.31e-04	6.69e-07	0.00e+00	0.00e+00	0.00e+00	0.00e+00	0.00e+00	8.45e-01	4.32e-08	2.69e-08
 2.06832e+23	8.51e-01	1.49e-01	1.19e-04	6.30e-07	0.00e+00	0.00e+00	0.00e+00	0.00e+00	0.00e+00	8.51e-01	4.28e-08	2.66e-08
 2.07100e+23	8.57e-01	1.43e-01	1.08e-04	5.95e-07	0.00e+00	0.00e+00	0.00e+00	0.00e+00	0.00e+00	8.57e-01	4.24e-08	2.64e-08
 2.07374e+23	8.63e-01	1.37e-01	9.87e-05	5.62e-07	0.00e+00	0.00e+00	0.00e+00	0.00e+00	0.00e+00	8.63e-01	4.20e-08	2.61e-08
 2.07655e+23	8.68e-01	1.32e-01	9.05e-05	5.31e-07	0.00e+00	0.00e+00	0.00e+00	0.00e+00	0.00e+00	8.68e-01	4.16e-08	2.57e-08
 2.07947e+23	8.73e-01	1.27e-01	8.33e-05	5.02e-07	0.00e+00	0.00e+00	0.00e+00	0.00e+00	0.00e+00	8.73e-01	4.12e-08	2.53e-08
 2.08251e+23	8.78e-01	1.22e-01	7.68e-05	4.74e-07	0.00e+00	0.00e+00	0.00e+00	0.00e+00	0.00e+00	8.78e-01	4.09e-08	2.50e-08
 2.08564e+23	8.83e-01	1.17e-01	7.13e-05	4.50e-07	0.00e+00	0.00e+00	0.00e+00	0.00e+00	0.00e+00	8.83e-01	4.05e-08	2.47e-08
 2.08882e+23	8.87e-01	1.13e-01	6.64e-05	4.26e-07	0.00e+00	0.00e+00	0.00e+00	0.00e+00	0.00e+00	8.87e-01	4.02e-08	2.44e-08
 2.09215e+23	8.91e-01	1.09e-01	6.21e-05	4.04e-07	0.00e+00	0.00e+00	0.00e+00	0.00e+00	0.00e+00	8.91e-01	3.99e-08	2.41e-08
 2.09569e+23	8.95e-01	1.05e-01	5.82e-05	3.84e-07	0.00e+00	0.00e+00	0.00e+00	0.00e+00	0.00e+00	8.95e-01	3.97e-08	2.38e-08
 2.09937e+23	8.99e-01	1.01e-01	5.48e-05	3.64e-07	0.00e+00	0.00e+00	0.00e+00	0.00e+00	0.00e+00	8.99e-01	3.94e-08	2.35e-08
 2.10317e+23	9.03e-01	9.74e-02	5.18e-05	3.46e-07	0.00e+00	0.00e+00	0.00e+00	0.00e+00	0.00e+00	9.03e-01	3.92e-08	2.33e-08
 2.10720e+23	9.06e-01	9.39e-02	4.91e-05	3.28e-07	0.00e+00	0.00e+00	0.00e+00	0.00e+00	0.00e+00	9.06e-01	3.91e-08	2.31e-08
 2.11147e+23	9.09e-01	9.05e-02	4.66e-05	3.11e-07	0.00e+00	0.00e+00	0.00e+00	0.00e+00	0.00e+00	9.09e-01	3.89e-08	2.28e-08
 2.11594e+23	9.13e-01	8.72e-02	4.45e-05	2.94e-07	0.00e+00	0.00e+00	0.00e+00	0.00e+00	0.00e+00	9.13e-01	3.88e-08	2.26e-08
 2.12052e+23	9.16e-01	8.41e-02	4.26e-05	2.79e-07	0.00e+00	0.00e+00	0.00e+00	0.00e+00	0.00e+00	9.16e-01	3.87e-08	2.24e-08
 2.12497e+23	9.19e-01	8.14e-02	4.11e-05	2.66e-07	0.00e+00	0.00e+00	0.00e+00	0.00e+00	0.00e+00	9.19e-01	3.86e-08	2.22e-08
 2.12922e+23	9.21e-01	7.90e-02	3.98e-05	2.54e-07	0.00e+00	0.00e+00	0.00e+00	0.00e+00	0.00e+00	9.21e-01	3.85e-08	2.21e-08
 2.13339e+23	9.23e-01	7.67e-02	3.87e-05	2.44e-07	0.00e+00	0.00e+00	0.00e+00	0.00e+00	0.00e+00	9.23e-01	3.85e-08	2.20e-08
 2.13747e+23	9.25e-01	7.46e-02	3.77e-05	2.34e-07	0.00e+00	0.00e+00	0.00e+00	0.00e+00	0.00e+00	9.25e-01	3.85e-08	2.18e-08
 2.14145e+23	9.27e-01	7.25e-02	3.69e-05	2.24e-07	0.00e+00	0.00e+00	0.00e+00	0.00e+00	0.00e+00	9.27e-01	3.84e-08	2.17e-08
 2.14526e+23	9.29e-01	7.07e-02	3.61e-05	2.16e-07	0.00e+00	0.00e+00	0.00e+00	0.00e+00	0.00e+00	9.29e-01	3.84e-08	2.16e-08
 2.14889e+23	9.31e-01	6.89e-02	3.55e-05	2.08e-07	0.00e+00	0.00e+00	0.00e+00	0.00e+00	0.00e+00	9.31e-01	3.83e-08	2.14e-08
 2.15230e+23	9.33e-01	6.73e-02	3.49e-05	2.01e-07	0.00e+00	0.00e+00	0.00e+00	0.00e+00	0.00e+00	9.33e-01	3.83e-08	2.13e-08
 2.15561e+23	9.34e-01	6.58e-02	3.44e-05	1.95e-07	0.00e+00	0.00e+00	0.00e+00	0.00e+00	0.00e+00	9.34e-01	3.83e-08	2.13e-08
 2.15894e+23	9.36e-01	6.42e-02	3.39e-05	1.88e-07	0.00e+00	0.00e+00	0.00e+00	0.00e+00	0.00e+00	9.36e-01	3.82e-08	2.12e-08
 2.16215e+23	9.37e-01	6.27e-02	3.35e-05	1.82e-07	0.00e+00	0.00e+00	0.00e+00	0.00e+00	0.00e+00	9.37e-01	3.82e-08	2.11e-08
 2.16525e+23	9.39e-01	6.13e-02	3.31e-05	1.76e-07	0.00e+00	0.00e+00	0.00e+00	0.00e+00	0.00e+00	9.39e-01	3.82e-08	2.10e-08
 2.16824e+23	9.40e-01	6.00e-02	3.27e-05	1.71e-07	0.00e+00	0.00e+00	0.00e+00	0.00e+00	0.00e+00	9.40e-01	3.81e-08	2.09e-08
 2.17113e+23	9.41e-01	5.87e-02	3.24e-05	1.66e-07	0.00e+00	0.00e+00	0.00e+00	0.00e+00	0.00e+00	9.41e-01	3.81e-08	2.08e-08
 2.17392e+23	9.42e-01	5.75e-02	3.20e-05	1.61e-07	0.00e+00	0.00e+00	0.00e+00	0.00e+00	0.00e+00	9.42e-01	3.81e-08	2.07e-08
 2.17662e+23	9.44e-01	5.63e-02	3.18e-05	1.56e-07	0.00e+00	0.00e+00	0.00e+00	0.00e+00	0.00e+00	9.44e-01	3.80e-08	2.06e-08
 2.17922e+23	9.45e-01	5.51e-02	3.15e-05	1.52e-07	0.00e+00	0.00e+00	0.00e+00	0.00e+00	0.00e+00	9.45e-01	3.80e-08	2.06e-08
 2.18172e+23	9.46e-01	5.40e-02	3.13e-05	1.48e-07	0.00e+00	0.00e+00	0.00e+00	0.00e+00	0.00e+00	9.46e-01	3.80e-08	2.05e-08
 2.18414e+23	9.47e-01	5.29e-02	3.10e-05	1.44e-07	0.00e+00	0.00e+00	0.00e+00	0.00e+00	0.00e+00	9.47e-01	3.79e-08	2.04e-08
 2.18644e+23	9.48e-01	5.19e-02	3.08e-05	1.41e-07	0.00e+00	0.00e+00	0.00e+00	0.00e+00	0.00e+00	9.48e-01	3.79e-08	2.04e-08
 2.18869e+23	9.49e-01	5.09e-02	3.06e-05	1.37e-07	0.00e+00	0.00e+00	0.00e+00	0.00e+00	0.00e+00	9.49e-01	3.79e-08	2.03e-08
 2.19088e+23	9.50e-01	4.99e-02	3.04e-05	1.34e-07	0.00e+00	0.00e+00	0.00e+00	0.00e+00	0.00e+00	9.50e-01	3.78e-08	2.02e-08
 2.19287e+23	9.51e-01	4.91e-02	3.03e-05	1.31e-07	0.00e+00	0.00e+00	0.00e+00	0.00e+00	0.00e+00	9.51e-01	3.78e-08	2.01e-08
 2.19468e+23	9.52e-01	4.83e-02	3.01e-05	1.28e-07	0.00e+00	0.00e+00	0.00e+00	0.00e+00	0.00e+00	9.52e-01	3.77e-08	2.00e-08
 2.19633e+23	9.52e-01	4.76e-02	3.00e-05	1.26e-07	0.00e+00	0.00e+00	0.00e+00	0.00e+00	0.00e+00	9.52e-01	3.77e-08	2.00e-08
 2.19783e+23	9.53e-01	4.70e-02	2.99e-05	1.24e-07	0.00e+00	0.00e+00	0.00e+00	0.00e+00	0.00e+00	9.53e-01	3.76e-08	1.99e-08
 2.19920e+23	9.54e-01	4.64e-02	2.98e-05	0.00e+00	0.00e+00	0.00e+00	0.00e+00	0.00e+00	0.00e+00	9.54e-01	3.76e-08	1.99e-08
 2.20044e+23	9.54e-01	4.59e-02	2.97e-05	0.00e+00	0.00e+00	0.00e+00	0.00e+00	0.00e+00	0.00e+00	9.54e-01	3.75e-08	1.98e-08
 2.20157e+23	9.55e-01	4.54e-02	2.96e-05	0.00e+00	0.00e+00	0.00e+00	0.00e+00	0.00e+00	0.00e+00	9.55e-01	3.73e-08	1.97e-08
 2.20260e+23	9.55e-01	4.50e-02	2.95e-05	0.00e+00	0.00e+00	0.00e+00	0.00e+00	0.00e+00	0.00e+00	9.55e-01	3.73e-08	1.97e-08
 2.20373e+23	9.56e-01	4.45e-02	2.94e-05	0.00e+00	0.00e+00	0.00e+00	0.00e+00	0.00e+00	0.00e+00	9.56e-01	3.71e-08	1.97e-08
 2.20519e+23	9.56e-01	4.37e-02	2.92e-05	0.00e+00	0.00e+00	0.00e+00	0.00e+00	0.00e+00	0.00e+00	9.56e-01	3.70e-08	1.96e-08
 2.20678e+23	9.57e-01	4.29e-02	2.90e-05	0.00e+00	0.00e+00	0.00e+00	0.00e+00	0.00e+00	0.00e+00	9.57e-01	3.68e-08	1.95e-08
 2.20822e+23	9.58e-01	4.22e-02	2.88e-05	0.00e+00	0.00e+00	0.00e+00	0.00e+00	0.00e+00	0.00e+00	9.58e-01	3.67e-08	1.95e-08
 2.20953e+23	9.58e-01	4.17e-02	2.87e-05	0.00e+00	0.00e+00	0.00e+00	0.00e+00	0.00e+00	0.00e+00	9.58e-01	3.65e-08	1.94e-08
 2.21072e+23	9.59e-01	4.12e-02	2.86e-05	0.00e+00	0.00e+00	0.00e+00	0.00e+00	0.00e+00	0.00e+00	9.59e-01	3.64e-08	1.94e-08
 2.21180e+23	9.59e-01	4.08e-02	2.85e-05	0.00e+00	0.00e+00	0.00e+00	0.00e+00	0.00e+00	0.00e+00	9.59e-01	3.63e-08	1.93e-08
 2.21279e+23	9.60e-01	4.03e-02	2.84e-05	0.00e+00	0.00e+00	0.00e+00	0.00e+00	0.00e+00	0.00e+00	9.60e-01	3.62e-08	1.92e-08
 2.21369e+23	9.60e-01	4.01e-02	2.83e-05	0.00e+00	0.00e+00	0.00e+00	0.00e+00	0.00e+00	0.00e+00	9.60e-01	3.62e-08	1.92e-08
 2.21468e+23	9.60e-01	3.97e-02	2.81e-05	0.00e+00	0.00e+00	0.00e+00	0.00e+00	0.00e+00	0.00e+00	9.60e-01	3.61e-08	1.92e-08
 2.21596e+23	9.61e-01	3.92e-02	2.79e-05	0.00e+00	0.00e+00	0.00e+00	0.00e+00	0.00e+00	0.00e+00	9.61e-01	3.60e-08	1.92e-08
 2.21734e+23	9.61e-01	3.85e-02	2.77e-05	0.00e+00	0.00e+00	0.00e+00	0.00e+00	0.00e+00	0.00e+00	9.61e-01	3.59e-08	1.91e-08
 2.21859e+23	9.62e-01	3.81e-02	2.76e-05	0.00e+00	0.00e+00	0.00e+00	0.00e+00	0.00e+00	0.00e+00	9.62e-01	3.59e-08	1.91e-08
 2.21997e+23	9.62e-01	3.76e-02	2.74e-05	0.00e+00	0.00e+00	0.00e+00	0.00e+00	0.00e+00	0.00e+00	9.62e-01	3.58e-08	1.91e-08
 2.22146e+23	9.63e-01	3.69e-02	2.71e-05	0.00e+00	0.00e+00	0.00e+00	0.00e+00	0.00e+00	0.00e+00	9.63e-01	3.58e-08	1.91e-08
 2.22281e+23	9.64e-01	3.64e-02	2.70e-05	0.00e+00	0.00e+00	0.00e+00	0.00e+00	0.00e+00	0.00e+00	9.64e-01	3.56e-08	1.90e-08
 2.22405e+23	9.64e-01	3.61e-02	2.68e-05	0.00e+00	0.00e+00	0.00e+00	0.00e+00	0.00e+00	0.00e+00	9.64e-01	3.57e-08	1.90e-08
 2.22540e+23	9.64e-01	3.56e-02	2.66e-05	0.00e+00	0.00e+00	0.00e+00	0.00e+00	0.00e+00	0.00e+00	9.64e-01	3.56e-08	1.90e-08
 2.22685e+23	9.65e-01	3.50e-02	2.64e-05	0.00e+00	0.00e+00	0.00e+00	0.00e+00	0.00e+00	0.00e+00	9.65e-01	3.55e-08	1.89e-08
 2.22818e+23	9.65e-01	3.45e-02	2.62e-05	0.00e+00	0.00e+00	0.00e+00	0.00e+00	0.00e+00	0.00e+00	9.65e-01	3.54e-08	1.89e-08
 2.22939e+23	9.66e-01	3.43e-02	2.60e-05	0.00e+00	0.00e+00	0.00e+00	0.00e+00	0.00e+00	0.00e+00	9.66e-01	3.54e-08	1.89e-08
 2.23071e+23	9.66e-01	3.38e-02	2.58e-05	0.00e+00	0.00e+00	0.00e+00	0.00e+00	0.00e+00	0.00e+00	9.66e-01	3.53e-08	1.88e-08
 2.23214e+23	9.67e-01	3.33e-02	2.56e-05	0.00e+00	0.00e+00	0.00e+00	0.00e+00	0.00e+00	0.00e+00	9.67e-01	3.53e-08	1.88e-08
 2.23370e+23	9.67e-01	3.27e-02	2.53e-05	0.00e+00	0.00e+00	0.00e+00	0.00e+00	0.00e+00	0.00e+00	9.67e-01	3.53e-08	1.87e-08
 2.23539e+23	9.68e-01	3.21e-02	2.50e-05	0.00e+00	0.00e+00	0.00e+00	0.00e+00	0.00e+00	0.00e+00	9.68e-01	3.52e-08	1.87e-08
 2.23693e+23	9.68e-01	3.16e-02	2.47e-05	0.00e+00	0.00e+00	0.00e+00	0.00e+00	0.00e+00	0.00e+00	9.68e-01	3.51e-08	1.86e-08
 2.23833e+23	9.69e-01	3.11e-02	2.45e-05	0.00e+00	0.00e+00	0.00e+00	0.00e+00	0.00e+00	0.00e+00	9.69e-01	3.51e-08	1.86e-08
 2.23960e+23	9.69e-01	3.08e-02	2.43e-05	0.00e+00	0.00e+00	0.00e+00	0.00e+00	0.00e+00	0.00e+00	9.69e-01	3.50e-08	1.85e-08
 2.24076e+23	9.70e-01	3.04e-02	2.41e-05	0.00e+00	0.00e+00	0.00e+00	0.00e+00	0.00e+00	0.00e+00	9.70e-01	3.49e-08	1.85e-08
 2.24203e+23	9.70e-01	3.00e-02	2.38e-05	0.00e+00	0.00e+00	0.00e+00	0.00e+00	0.00e+00	0.00e+00	9.70e-01	3.49e-08	1.84e-08
 2.24340e+23	9.70e-01	2.95e-02	2.36e-05	0.00e+00	0.00e+00	0.00e+00	0.00e+00	0.00e+00	0.00e+00	9.70e-01	3.48e-08	1.84e-08
 2.24464e+23	9.71e-01	2.91e-02	2.34e-05	0.00e+00	0.00e+00	0.00e+00	0.00e+00	0.00e+00	0.00e+00	9.71e-01	3.47e-08	1.83e-08
 2.24578e+23	9.71e-01	2.88e-02	2.33e-05	0.00e+00	0.00e+00	0.00e+00	0.00e+00	0.00e+00	0.00e+00	9.71e-01	3.47e-08	1.83e-08
 2.24702e+23	9.72e-01	2.84e-02	2.30e-05	0.00e+00	0.00e+00	0.00e+00	0.00e+00	0.00e+00	0.00e+00	9.72e-01	3.46e-08	1.82e-08
 2.24836e+23	9.72e-01	2.80e-02	2.28e-05	0.00e+00	0.00e+00	0.00e+00	0.00e+00	0.00e+00	0.00e+00	9.72e-01	3.46e-08	1.82e-08
 2.24959e+23	9.72e-01	2.76e-02	2.26e-05	0.00e+00	0.00e+00	0.00e+00	0.00e+00	0.00e+00	0.00e+00	9.72e-01	3.45e-08	1.81e-08
 2.25070e+23	9.73e-01	2.74e-02	2.25e-05	0.00e+00	0.00e+00	0.00e+00	0.00e+00	0.00e+00	0.00e+00	9.73e-01	3.45e-08	1.81e-08
 2.25192e+23	9.73e-01	2.70e-02	2.23e-05	0.00e+00	0.00e+00	0.00e+00	0.00e+00	0.00e+00	0.00e+00	9.73e-01	3.44e-08	1.81e-08
 2.25323e+23	9.73e-01	2.66e-02	2.21e-05	0.00e+00	0.00e+00	0.00e+00	0.00e+00	0.00e+00	0.00e+00	9.73e-01	3.44e-08	1.80e-08
 2.25467e+23	9.74e-01	2.61e-02	2.19e-05	0.00e+00	0.00e+00	0.00e+00	0.00e+00	0.00e+00	0.00e+00	9.74e-01	3.43e-08	1.79e-08
 2.25623e+23	9.74e-01	2.56e-02	2.16e-05	0.00e+00	0.00e+00	0.00e+00	0.00e+00	0.00e+00	0.00e+00	9.74e-01	3.42e-08	1.79e-08
 2.25764e+23	9.75e-01	2.52e-02	2.14e-05	0.00e+00	0.00e+00	0.00e+00	0.00e+00	0.00e+00	0.00e+00	9.75e-01	3.41e-08	1.78e-08
 2.25893e+23	9.75e-01	2.50e-02	2.13e-05	0.00e+00	0.00e+00	0.00e+00	0.00e+00	0.00e+00	0.00e+00	9.75e-01	3.40e-08	1.77e-08
 2.26034e+23	9.75e-01	2.47e-02	2.11e-05	0.00e+00	0.00e+00	0.00e+00	0.00e+00	0.00e+00	0.00e+00	9.75e-01	3.37e-08	1.76e-08
 2.26187e+23	9.76e-01	2.43e-02	2.09e-05	0.00e+00	0.00e+00	0.00e+00	0.00e+00	0.00e+00	0.00e+00	9.76e-01	3.35e-08	1.74e-08
 2.26354e+23	9.76e-01	2.39e-02	2.07e-05	0.00e+00	0.00e+00	0.00e+00	0.00e+00	0.00e+00	0.00e+00	9.76e-01	3.32e-08	1.73e-08
 2.26534e+23	9.77e-01	2.34e-02	2.04e-05	0.00e+00	0.00e+00	0.00e+00	0.00e+00	0.00e+00	0.00e+00	9.77e-01	3.29e-08	1.71e-08
 2.26698e+23	9.77e-01	2.30e-02	2.02e-05	0.00e+00	0.00e+00	0.00e+00	0.00e+00	0.00e+00	0.00e+00	9.77e-01	3.25e-08	1.69e-08
 2.26847e+23	9.77e-01	2.28e-02	2.01e-05	0.00e+00	0.00e+00	0.00e+00	0.00e+00	0.00e+00	0.00e+00	9.77e-01	3.24e-08	1.68e-08
 2.27011e+23	9.78e-01	2.24e-02	1.99e-05	0.00e+00	0.00e+00	0.00e+00	0.00e+00	0.00e+00	0.00e+00	9.78e-01	3.22e-08	1.67e-08
 2.27188e+23	9.78e-01	2.20e-02	1.97e-05	0.00e+00	0.00e+00	0.00e+00	0.00e+00	0.00e+00	0.00e+00	9.78e-01	3.19e-08	1.65e-08
 2.27348e+23	9.78e-01	2.17e-02	1.95e-05	0.00e+00	0.00e+00	0.00e+00	0.00e+00	0.00e+00	0.00e+00	9.78e-01	3.17e-08	1.63e-08
 2.27495e+23	9.79e-01	2.14e-02	1.93e-05	0.00e+00	0.00e+00	0.00e+00	0.00e+00	0.00e+00	0.00e+00	9.79e-01	3.14e-08	1.61e-08
 2.27628e+23	9.79e-01	2.12e-02	1.92e-05	0.00e+00	0.00e+00	0.00e+00	0.00e+00	0.00e+00	0.00e+00	9.79e-01	3.13e-08	1.60e-08
 2.27774e+23	9.79e-01	2.08e-02	1.90e-05	0.00e+00	0.00e+00	0.00e+00	0.00e+00	0.00e+00	0.00e+00	9.79e-01	3.10e-08	1.58e-08
 2.27931e+23	9.79e-01	2.05e-02	1.89e-05	0.00e+00	0.00e+00	0.00e+00	0.00e+00	0.00e+00	0.00e+00	9.79e-01	3.09e-08	1.57e-08
 2.28104e+23	9.80e-01	2.02e-02	1.87e-05	0.00e+00	0.00e+00	0.00e+00	0.00e+00	0.00e+00	0.00e+00	9.80e-01	3.06e-08	1.56e-08
 2.28290e+23	9.80e-01	1.98e-02	1.85e-05	0.00e+00	0.00e+00	0.00e+00	0.00e+00	0.00e+00	0.00e+00	9.80e-01	3.03e-08	1.54e-08
 2.28459e+23	9.80e-01	1.95e-02	1.83e-05	0.00e+00	0.00e+00	0.00e+00	0.00e+00	0.00e+00	0.00e+00	9.80e-01	3.02e-08	1.53e-08
 2.28645e+23	9.81e-01	1.91e-02	1.81e-05	0.00e+00	0.00e+00	0.00e+00	0.00e+00	0.00e+00	0.00e+00	9.81e-01	2.99e-08	1.50e-08
 2.28846e+23	9.81e-01	1.87e-02	1.79e-05	0.00e+00	0.00e+00	0.00e+00	0.00e+00	0.00e+00	0.00e+00	9.81e-01	2.96e-08	1.48e-08
 2.29028e+23	9.82e-01	1.84e-02	1.77e-05	0.00e+00	0.00e+00	0.00e+00	0.00e+00	0.00e+00	0.00e+00	9.82e-01	2.92e-08	1.46e-08
 2.29194e+23	9.82e-01	1.82e-02	1.76e-05	0.00e+00	0.00e+00	0.00e+00	0.00e+00	0.00e+00	0.00e+00	9.82e-01	2.92e-08	1.45e-08
 2.29376e+23	9.82e-01	1.79e-02	1.74e-05	0.00e+00	0.00e+00	0.00e+00	0.00e+00	0.00e+00	0.00e+00	9.82e-01	2.88e-08	1.43e-08
 2.29572e+23	9.82e-01	1.75e-02	1.72e-05	0.00e+00	0.00e+00	0.00e+00	0.00e+00	0.00e+00	0.00e+00	9.82e-01	2.85e-08	1.41e-08
 2.29751e+23	9.83e-01	1.73e-02	1.71e-05	0.00e+00	0.00e+00	0.00e+00	0.00e+00	0.00e+00	0.00e+00	9.83e-01	2.84e-08	1.40e-08
 2.29947e+23	9.83e-01	1.69e-02	1.69e-05	0.00e+00	0.00e+00	0.00e+00	0.00e+00	0.00e+00	0.00e+00	9.83e-01	2.80e-08	1.38e-08
 2.30159e+23	9.83e-01	1.66e-02	1.67e-05	0.00e+00	0.00e+00	0.00e+00	0.00e+00	0.00e+00	0.00e+00	9.83e-01	2.76e-08	1.35e-08
 2.30351e+23	9.84e-01	1.63e-02	1.66e-05	0.00e+00	0.00e+00	0.00e+00	0.00e+00	0.00e+00	0.00e+00	9.84e-01	2.75e-08	1.34e-08
 2.30562e+23	9.84e-01	1.60e-02	1.63e-05	0.00e+00	0.00e+00	0.00e+00	0.00e+00	0.00e+00	0.00e+00	9.84e-01	2.71e-08	1.31e-08
 2.30790e+23	9.84e-01	1.57e-02	1.62e-05	0.00e+00	0.00e+00	0.00e+00	0.00e+00	0.00e+00	0.00e+00	9.84e-01	2.68e-08	1.29e-08
 2.30997e+23	9.85e-01	1.54e-02	1.60e-05	0.00e+00	0.00e+00	0.00e+00	0.00e+00	0.00e+00	0.00e+00	9.85e-01	2.65e-08	1.28e-08
 2.31185e+23	9.85e-01	1.51e-02	1.59e-05	0.00e+00	0.00e+00	0.00e+00	0.00e+00	0.00e+00	0.00e+00	9.85e-01	2.62e-08	1.25e-08
 2.31357e+23	9.85e-01	1.49e-02	1.57e-05	0.00e+00	0.00e+00	0.00e+00	0.00e+00	0.00e+00	0.00e+00	9.85e-01	2.61e-08	1.24e-08
 2.31545e+23	9.85e-01	1.47e-02	1.56e-05	0.00e+00	0.00e+00	0.00e+00	0.00e+00	0.00e+00	0.00e+00	9.85e-01	2.58e-08	1.22e-08
 2.31748e+23	9.86e-01	1.44e-02	1.54e-05	0.00e+00	0.00e+00	0.00e+00	0.00e+00	0.00e+00	0.00e+00	9.86e-01	2.55e-08	1.20e-08
 2.31932e+23	9.86e-01	1.42e-02	1.53e-05	0.00e+00	0.00e+00	0.00e+00	0.00e+00	0.00e+00	0.00e+00	9.86e-01	2.53e-08	1.19e-08
 2.32135e+23	9.86e-01	1.39e-02	1.51e-05	0.00e+00	0.00e+00	0.00e+00	0.00e+00	0.00e+00	0.00e+00	9.86e-01	2.50e-08	1.18e-08
 2.32353e+23	9.86e-01	1.37e-02	1.50e-05	0.00e+00	0.00e+00	0.00e+00	0.00e+00	0.00e+00	0.00e+00	9.86e-01	2.47e-08	1.16e-08
 2.32552e+23	9.87e-01	1.34e-02	1.48e-05	0.00e+00	0.00e+00	0.00e+00	0.00e+00	0.00e+00	0.00e+00	9.87e-01	2.46e-08	1.15e-08
 2.32770e+23	9.87e-01	1.32e-02	1.47e-05	0.00e+00	0.00e+00	0.00e+00	0.00e+00	0.00e+00	0.00e+00	9.87e-01	2.44e-08	1.13e-08
 2.33005e+23	9.87e-01	1.28e-02	1.45e-05	0.00e+00	0.00e+00	0.00e+00	0.00e+00	0.00e+00	0.00e+00	9.87e-01	2.40e-08	1.11e-08
 2.33219e+23	9.87e-01	1.27e-02	1.44e-05	0.00e+00	0.00e+00	0.00e+00	0.00e+00	0.00e+00	0.00e+00	9.87e-01	2.39e-08	1.10e-08
 2.33454e+23	9.88e-01	1.24e-02	1.42e-05	0.00e+00	0.00e+00	0.00e+00	0.00e+00	0.00e+00	0.00e+00	9.88e-01	2.36e-08	1.08e-08
 2.33707e+23	9.88e-01	1.21e-02	1.40e-05	0.00e+00	0.00e+00	0.00e+00	0.00e+00	0.00e+00	0.00e+00	9.88e-01	2.33e-08	1.05e-08
 2.33937e+23	9.88e-01	1.19e-02	1.39e-05	0.00e+00	0.00e+00	0.00e+00	0.00e+00	0.00e+00	0.00e+00	9.88e-01	2.32e-08	1.04e-08
 2.34190e+23	9.88e-01	1.16e-02	1.37e-05	0.00e+00	0.00e+00	0.00e+00	0.00e+00	0.00e+00	0.00e+00	9.88e-01	2.29e-08	1.02e-08
 2.34462e+23	9.89e-01	1.13e-02	1.35e-05	0.00e+00	0.00e+00	0.00e+00	0.00e+00	0.00e+00	0.00e+00	9.89e-01	2.25e-08	9.95e-09
 2.34710e+23	9.89e-01	1.11e-02	1.34e-05	0.00e+00	0.00e+00	0.00e+00	0.00e+00	0.00e+00	0.00e+00	9.89e-01	2.24e-08	9.83e-09
 2.34982e+23	9.89e-01	1.08e-02	1.32e-05	0.00e+00	0.00e+00	0.00e+00	0.00e+00	0.00e+00	0.00e+00	9.89e-01	2.20e-08	9.63e-09
 2.35276e+23	9.89e-01	1.06e-02	1.30e-05	0.00e+00	0.00e+00	0.00e+00	0.00e+00	0.00e+00	0.00e+00	9.89e-01	2.17e-08	9.39e-09
 2.35543e+23	9.90e-01	1.04e-02	1.29e-05	0.00e+00	0.00e+00	0.00e+00	0.00e+00	0.00e+00	0.00e+00	9.90e-01	2.15e-08	9.27e-09
 2.35835e+23	9.90e-01	1.01e-02	1.27e-05	0.00e+00	0.00e+00	0.00e+00	0.00e+00	0.00e+00	0.00e+00	9.90e-01	2.12e-08	9.06e-09
 2.36151e+23	9.90e-01	9.84e-03	1.25e-05	0.00e+00	0.00e+00	0.00e+00	0.00e+00	0.00e+00	0.00e+00	9.90e-01	2.09e-08	8.89e-09
 2.36439e+23	9.90e-01	9.62e-03	1.24e-05	0.00e+00	0.00e+00	0.00e+00	0.00e+00	0.00e+00	0.00e+00	9.90e-01	2.07e-08	8.72e-09
 2.36700e+23	9.91e-01	9.45e-03	1.23e-05	0.00e+00	0.00e+00	0.00e+00	0.00e+00	0.00e+00	0.00e+00	9.91e-01	2.05e-08	8.58e-09
 2.36987e+23	9.91e-01	9.20e-03	1.21e-05	0.00e+00	0.00e+00	0.00e+00	0.00e+00	0.00e+00	0.00e+00	9.91e-01	2.02e-08	8.38e-09
 2.37296e+23	9.91e-01	8.95e-03	1.19e-05	0.00e+00	0.00e+00	0.00e+00	0.00e+00	0.00e+00	0.00e+00	9.91e-01	1.99e-08	8.18e-09
 2.37578e+23	9.91e-01	8.79e-03	1.18e-05	0.00e+00	0.00e+00	0.00e+00	0.00e+00	0.00e+00	0.00e+00	9.91e-01	1.97e-08	8.07e-09
 2.37887e+23	9.91e-01	8.55e-03	1.16e-05	0.00e+00	0.00e+00	0.00e+00	0.00e+00	0.00e+00	0.00e+00	9.91e-01	1.94e-08	7.88e-09
 2.38220e+23	9.92e-01	8.30e-03	1.15e-05	0.00e+00	0.00e+00	0.00e+00	0.00e+00	0.00e+00	0.00e+00	9.92e-01	1.91e-08	7.67e-09
 2.38523e+23	9.92e-01	8.14e-03	1.13e-05	0.00e+00	0.00e+00	0.00e+00	0.00e+00	0.00e+00	0.00e+00	9.92e-01	1.90e-08	7.56e-09
 2.38855e+23	9.92e-01	7.92e-03	1.12e-05	0.00e+00	0.00e+00	0.00e+00	0.00e+00	0.00e+00	0.00e+00	9.92e-01	1.87e-08	7.38e-09
 2.39214e+23	9.92e-01	7.70e-03	1.10e-05	0.00e+00	0.00e+00	0.00e+00	0.00e+00	0.00e+00	0.00e+00	9.92e-01	1.85e-08	7.22e-09
 2.39540e+23	9.92e-01	7.50e-03	1.09e-05	0.00e+00	0.00e+00	0.00e+00	0.00e+00	0.00e+00	0.00e+00	9.92e-01	1.83e-08	7.06e-09
 2.39837e+23	9.93e-01	7.34e-03	1.07e-05	0.00e+00	0.00e+00	0.00e+00	0.00e+00	0.00e+00	0.00e+00	9.93e-01	1.81e-08	6.93e-09
 2.40163e+23	9.93e-01	7.15e-03	1.06e-05	0.00e+00	0.00e+00	0.00e+00	0.00e+00	0.00e+00	0.00e+00	9.93e-01	1.78e-08	6.77e-09
 2.40514e+23	9.93e-01	6.96e-03	1.04e-05	0.00e+00	0.00e+00	0.00e+00	0.00e+00	0.00e+00	0.00e+00	9.93e-01	1.76e-08	6.62e-09
 2.40834e+23	9.93e-01	6.79e-03	1.03e-05	0.00e+00	0.00e+00	0.00e+00	0.00e+00	0.00e+00	0.00e+00	9.93e-01	1.74e-08	6.47e-09
 2.41184e+23	9.93e-01	6.59e-03	1.01e-05	0.00e+00	0.00e+00	0.00e+00	0.00e+00	0.00e+00	0.00e+00	9.93e-01	1.71e-08	6.30e-09
 2.41562e+23	9.94e-01	6.41e-03	9.98e-06	0.00e+00	0.00e+00	0.00e+00	0.00e+00	0.00e+00	0.00e+00	9.94e-01	1.69e-08	6.15e-09
 2.41906e+23	9.94e-01	6.25e-03	9.84e-06	0.00e+00	0.00e+00	0.00e+00	0.00e+00	0.00e+00	0.00e+00	9.94e-01	1.67e-08	6.01e-09
 2.42284e+23	9.94e-01	6.06e-03	9.68e-06	0.00e+00	0.00e+00	0.00e+00	0.00e+00	0.00e+00	0.00e+00	9.94e-01	1.65e-08	5.84e-09
 2.42691e+23	9.94e-01	5.89e-03	9.53e-06	0.00e+00	0.00e+00	0.00e+00	0.00e+00	0.00e+00	0.00e+00	9.94e-01	1.63e-08	5.69e-09
 2.43061e+23	9.94e-01	5.73e-03	9.39e-06	0.00e+00	0.00e+00	0.00e+00	0.00e+00	0.00e+00	0.00e+00	9.94e-01	1.60e-08	5.54e-09
 2.43398e+23	9.94e-01	5.60e-03	9.27e-06	0.00e+00	0.00e+00	0.00e+00	0.00e+00	0.00e+00	0.00e+00	9.94e-01	1.59e-08	5.44e-09
 2.43768e+23	9.95e-01	5.44e-03	9.12e-06	0.00e+00	0.00e+00	0.00e+00	0.00e+00	0.00e+00	0.00e+00	9.95e-01	1.56e-08	5.28e-09
 2.44167e+23	9.95e-01	5.27e-03	8.98e-06	0.00e+00	0.00e+00	0.00e+00	0.00e+00	0.00e+00	0.00e+00	9.95e-01	1.54e-08	5.12e-09
 2.44530e+23	9.95e-01	5.14e-03	8.86e-06	0.00e+00	0.00e+00	0.00e+00	0.00e+00	0.00e+00	0.00e+00	9.95e-01	1.52e-08	5.00e-09
 2.44928e+23	9.95e-01	4.98e-03	8.70e-06	0.00e+00	0.00e+00	0.00e+00	0.00e+00	0.00e+00	0.00e+00	9.95e-01	1.50e-08	4.85e-09
 2.45357e+23	9.95e-01	4.79e-03	8.56e-06	0.00e+00	0.00e+00	0.00e+00	0.00e+00	0.00e+00	0.00e+00	9.95e-01	1.48e-08	4.71e-09
 2.45828e+23	9.96e-01	4.44e-03	8.38e-06	0.00e+00	0.00e+00	0.00e+00	0.00e+00	0.00e+00	0.00e+00	9.96e-01	1.45e-08	4.51e-09
 2.46380e+23	9.96e-01	4.13e-03	8.19e-06	0.00e+00	0.00e+00	0.00e+00	0.00e+00	0.00e+00	0.00e+00	9.96e-01	1.42e-08	4.31e-09
 2.46960e+23	9.96e-01	3.90e-03	8.00e-06	0.00e+00	0.00e+00	0.00e+00	0.00e+00	0.00e+00	0.00e+00	9.96e-01	1.39e-08	4.11e-09
 2.47549e+23	9.96e-01	3.68e-03	7.82e-06	0.00e+00	0.00e+00	0.00e+00	0.00e+00	0.00e+00	0.00e+00	9.96e-01	1.36e-08	3.92e-09
 2.48148e+23	9.97e-01	3.46e-03	7.64e-06	0.00e+00	0.00e+00	0.00e+00	0.00e+00	0.00e+00	0.00e+00	9.97e-01	1.33e-08	3.73e-09
 2.48755e+23	9.97e-01	3.26e-03	7.46e-06	0.00e+00	0.00e+00	0.00e+00	0.00e+00	0.00e+00	0.00e+00	9.97e-01	1.30e-08	3.55e-09
 2.49368e+23	9.97e-01	3.06e-03	7.28e-06	0.00e+00	0.00e+00	0.00e+00	0.00e+00	0.00e+00	0.00e+00	9.97e-01	1.27e-08	3.37e-09
 2.49988e+23	9.97e-01	2.86e-03	7.10e-06	0.00e+00	0.00e+00	0.00e+00	0.00e+00	0.00e+00	0.00e+00	9.97e-01	1.24e-08	3.20e-09
 2.50611e+23	9.97e-01	2.68e-03	6.93e-06	0.00e+00	0.00e+00	0.00e+00	0.00e+00	0.00e+00	0.00e+00	9.97e-01	1.21e-08	3.03e-09
 2.51241e+23	9.97e-01	2.50e-03	6.77e-06	0.00e+00	0.00e+00	0.00e+00	0.00e+00	0.00e+00	0.00e+00	9.97e-01	1.18e-08	2.87e-09
 2.51879e+23	9.98e-01	2.34e-03	6.60e-06	0.00e+00	0.00e+00	0.00e+00	0.00e+00	0.00e+00	0.00e+00	9.98e-01	1.15e-08	2.71e-09
 2.52523e+23	9.98e-01	2.18e-03	6.44e-06	0.00e+00	0.00e+00	0.00e+00	0.00e+00	0.00e+00	0.00e+00	9.98e-01	1.12e-08	2.56e-09
 2.53172e+23	9.98e-01	2.02e-03	6.28e-06	0.00e+00	0.00e+00	0.00e+00	0.00e+00	0.00e+00	0.00e+00	9.98e-01	1.08e-08	2.42e-09
