#depth	Ne	Ne+	Ne+2	Ne+3	Ne+4	Ne+5	Ne+6	Ne+7	Ne+8	Ne+9	Ne+10
 4.62852e+21	0.00e+00	2.09e-33	1.36e-27	1.47e-22	3.72e-18	2.69e-14	9.55e-11	1.59e-07	1.24e-04	1.38e-02	9.86e-01
 1.02099e+22	0.00e+00	9.23e-31	2.52e-25	1.14e-20	1.23e-16	3.80e-13	5.78e-10	4.78e-07	3.12e-04	2.64e-02	9.73e-01
 1.15238e+22	0.00e+00	9.37e-30	1.83e-24	5.88e-20	4.52e-16	9.98e-13	1.08e-09	6.67e-07	4.30e-04	3.36e-02	9.66e-01
 1.20656e+22	2.37e-35	3.06e-29	5.02e-24	1.36e-19	8.81e-16	1.64e-12	1.48e-09	7.85e-07	5.07e-04	3.78e-02	9.62e-01
 1.22953e+22	3.40e-35	4.20e-29	6.60e-24	1.70e-19	1.06e-15	1.87e-12	1.61e-09	8.22e-07	5.30e-04	3.91e-02	9.60e-01
 1.24032e+22	5.37e-35	6.27e-29	9.28e-24	2.26e-19	1.32e-15	2.21e-12	1.79e-09	8.68e-07	5.60e-04	4.06e-02	9.59e-01
 1.25168e+22	8.10e-35	8.99e-29	1.26e-23	2.92e-19	1.63e-15	2.58e-12	1.98e-09	9.14e-07	5.90e-04	4.21e-02	9.57e-01
 1.26290e+22	1.27e-34	1.33e-28	1.77e-23	3.86e-19	2.03e-15	3.05e-12	2.21e-09	9.66e-07	6.24e-04	4.38e-02	9.56e-01
 1.27420e+22	1.93e-34	1.93e-28	2.43e-23	5.04e-19	2.52e-15	3.58e-12	2.45e-09	1.02e-06	6.58e-04	4.54e-02	9.54e-01
 1.28540e+22	2.99e-34	2.83e-28	3.38e-23	6.63e-19	3.14e-15	4.23e-12	2.73e-09	1.08e-06	6.96e-04	4.71e-02	9.52e-01
 1.29675e+22	4.63e-34	4.15e-28	4.70e-23	8.74e-19	3.93e-15	5.00e-12	3.05e-09	1.15e-06	7.37e-04	4.88e-02	9.50e-01
 1.30813e+22	7.19e-34	6.12e-28	6.56e-23	1.15e-18	4.92e-15	5.93e-12	3.42e-09	1.22e-06	7.81e-04	5.07e-02	9.49e-01
 1.31956e+22	1.12e-33	9.00e-28	9.14e-23	1.53e-18	6.17e-15	7.05e-12	3.83e-09	1.30e-06	8.28e-04	5.25e-02	9.47e-01
 1.33114e+22	1.74e-33	1.34e-27	1.29e-22	2.03e-18	7.79e-15	8.43e-12	4.32e-09	1.39e-06	8.80e-04	5.45e-02	9.45e-01
 1.34287e+22	2.73e-33	1.98e-27	1.81e-22	2.71e-18	9.85e-15	1.01e-11	4.89e-09	1.49e-06	9.35e-04	5.65e-02	9.43e-01
 1.35474e+22	4.30e-33	2.96e-27	2.56e-22	3.63e-18	1.25e-14	1.21e-11	5.54e-09	1.61e-06	9.96e-04	5.86e-02	9.40e-01
 1.36680e+22	6.78e-33	4.43e-27	3.63e-22	4.88e-18	1.60e-14	1.47e-11	6.31e-09	1.74e-06	1.06e-03	6.08e-02	9.38e-01
 1.37909e+22	1.08e-32	6.67e-27	5.17e-22	6.59e-18	2.04e-14	1.78e-11	7.22e-09	1.88e-06	1.13e-03	6.31e-02	9.36e-01
 1.39166e+22	1.72e-32	1.01e-26	7.41e-22	8.94e-18	2.63e-14	2.16e-11	8.29e-09	2.05e-06	1.21e-03	6.55e-02	9.33e-01
 1.40396e+22	2.64e-32	1.48e-26	1.03e-21	1.19e-17	3.32e-14	2.60e-11	9.44e-09	2.22e-06	1.29e-03	6.78e-02	9.31e-01
 1.41662e+22	4.30e-32	2.28e-26	1.51e-21	1.64e-17	4.34e-14	3.21e-11	1.10e-08	2.44e-06	1.39e-03	7.04e-02	9.28e-01
 1.42940e+22	6.52e-32	3.30e-26	2.08e-21	2.15e-17	5.46e-14	3.85e-11	1.25e-08	2.65e-06	1.48e-03	7.27e-02	9.26e-01
 1.44284e+22	1.08e-31	5.19e-26	3.09e-21	3.02e-17	7.24e-14	4.81e-11	1.47e-08	2.94e-06	1.59e-03	7.57e-02	9.23e-01
 1.45658e+22	1.67e-31	7.63e-26	4.32e-21	4.03e-17	9.21e-14	5.83e-11	1.69e-08	3.22e-06	1.70e-03	7.83e-02	9.20e-01
 1.47057e+22	2.77e-31	1.20e-25	6.42e-21	5.65e-17	1.22e-13	7.32e-11	1.99e-08	3.59e-06	1.84e-03	8.14e-02	9.17e-01
 1.48485e+22	4.28e-31	1.77e-25	9.01e-21	7.57e-17	1.56e-13	8.91e-11	2.30e-08	3.95e-06	1.97e-03	8.42e-02	9.14e-01
 1.49967e+22	7.23e-31	2.82e-25	1.36e-20	1.08e-16	2.10e-13	1.13e-10	2.75e-08	4.44e-06	2.13e-03	8.76e-02	9.10e-01
 1.51441e+22	1.09e-30	4.08e-25	1.88e-20	1.43e-16	2.66e-13	1.37e-10	3.16e-08	4.88e-06	2.28e-03	9.05e-02	9.07e-01
 1.52952e+22	1.85e-30	6.54e-25	2.84e-20	2.04e-16	3.60e-13	1.75e-10	3.79e-08	5.52e-06	2.47e-03	9.42e-02	9.03e-01
 1.54489e+22	2.81e-30	9.49e-25	3.94e-20	2.70e-16	4.57e-13	2.12e-10	4.38e-08	6.09e-06	2.64e-03	9.73e-02	9.00e-01
 1.56059e+22	4.77e-30	1.53e-24	5.98e-20	3.87e-16	6.21e-13	2.71e-10	5.27e-08	6.91e-06	2.88e-03	1.01e-01	8.96e-01
 1.57634e+22	7.15e-30	2.19e-24	8.22e-20	5.10e-16	7.84e-13	3.28e-10	6.08e-08	7.62e-06	3.07e-03	1.04e-01	8.92e-01
 1.59216e+22	1.21e-29	3.51e-24	1.24e-19	7.31e-16	1.06e-12	4.20e-10	7.32e-08	8.66e-06	3.34e-03	1.09e-01	8.88e-01
 1.60828e+22	1.81e-29	5.04e-24	1.71e-19	9.63e-16	1.34e-12	5.09e-10	8.46e-08	9.57e-06	3.56e-03	1.12e-01	8.84e-01
 1.62479e+22	3.12e-29	8.20e-24	2.63e-19	1.40e-15	1.84e-12	6.59e-10	1.03e-07	1.09e-05	3.89e-03	1.17e-01	8.79e-01
 1.64116e+22	4.55e-29	1.15e-23	3.55e-19	1.81e-15	2.30e-12	7.89e-10	1.18e-07	1.20e-05	4.13e-03	1.20e-01	8.76e-01
 1.65735e+22	7.67e-29	1.84e-23	5.37e-19	2.60e-15	3.12e-12	1.01e-09	1.42e-07	1.37e-05	4.50e-03	1.25e-01	8.70e-01
 1.67377e+22	1.13e-28	2.60e-23	7.28e-19	3.38e-15	3.91e-12	1.22e-09	1.64e-07	1.51e-05	4.79e-03	1.29e-01	8.66e-01
 1.69049e+22	1.90e-28	4.16e-23	1.10e-18	4.85e-15	5.32e-12	1.56e-09	1.98e-07	1.73e-05	5.21e-03	1.34e-01	8.61e-01
 1.70744e+22	2.85e-28	5.99e-23	1.52e-18	6.41e-15	6.75e-12	1.90e-09	2.30e-07	1.92e-05	5.57e-03	1.38e-01	8.56e-01
 1.72469e+22	4.87e-28	9.69e-23	2.32e-18	9.27e-15	9.24e-12	2.46e-09	2.79e-07	2.20e-05	6.07e-03	1.44e-01	8.50e-01
 1.74223e+22	7.43e-28	1.42e-22	3.25e-18	1.24e-14	1.18e-11	3.01e-09	3.26e-07	2.45e-05	6.50e-03	1.48e-01	8.45e-01
 1.76017e+22	1.29e-27	2.33e-22	5.04e-18	1.82e-14	1.64e-11	3.93e-09	3.99e-07	2.82e-05	7.10e-03	1.54e-01	8.39e-01
 1.77766e+22	1.93e-27	3.33e-22	6.91e-18	2.39e-14	2.07e-11	4.76e-09	4.61e-07	3.12e-05	7.57e-03	1.59e-01	8.34e-01
 1.79214e+22	2.85e-27	4.74e-22	9.43e-18	3.13e-14	2.61e-11	5.75e-09	5.32e-07	3.45e-05	8.06e-03	1.63e-01	8.29e-01
 1.80641e+22	4.22e-27	6.75e-22	1.29e-17	4.11e-14	3.29e-11	6.95e-09	6.14e-07	3.81e-05	8.58e-03	1.68e-01	8.24e-01
 1.82281e+22	7.07e-27	1.07e-21	1.94e-17	5.86e-14	4.45e-11	8.90e-09	7.40e-07	4.34e-05	9.32e-03	1.74e-01	8.17e-01
 1.83909e+22	1.05e-26	1.53e-21	2.64e-17	7.67e-14	5.59e-11	1.07e-08	8.53e-07	4.80e-05	9.91e-03	1.79e-01	8.11e-01
 1.85219e+22	1.47e-26	2.07e-21	3.46e-17	9.69e-14	6.82e-11	1.26e-08	9.65e-07	5.23e-05	1.05e-02	1.83e-01	8.06e-01
 1.86359e+22	1.99e-26	2.73e-21	4.41e-17	1.20e-13	8.17e-11	1.46e-08	1.08e-06	5.65e-05	1.10e-02	1.87e-01	8.02e-01
 1.87412e+22	2.66e-26	3.53e-21	5.54e-17	1.46e-13	9.66e-11	1.68e-08	1.20e-06	6.07e-05	1.15e-02	1.91e-01	7.98e-01
 1.88613e+22	4.03e-26	5.14e-21	7.71e-17	1.94e-13	1.23e-10	2.04e-08	1.39e-06	6.73e-05	1.22e-02	1.96e-01	7.92e-01
 1.89784e+22	5.30e-26	6.57e-21	9.57e-17	2.34e-13	1.44e-10	2.33e-08	1.53e-06	7.22e-05	1.28e-02	2.00e-01	7.88e-01
 1.90915e+22	7.86e-26	9.37e-21	1.31e-16	3.07e-13	1.82e-10	2.81e-08	1.77e-06	7.95e-05	1.36e-02	2.05e-01	7.81e-01
 1.92018e+22	1.02e-25	1.18e-20	1.61e-16	3.67e-13	2.12e-10	3.18e-08	1.94e-06	8.49e-05	1.41e-02	2.08e-01	7.77e-01
 1.93084e+22	1.47e-25	1.64e-20	2.14e-16	4.71e-13	2.61e-10	3.78e-08	2.21e-06	9.30e-05	1.49e-02	2.13e-01	7.72e-01
 1.94133e+22	1.91e-25	2.08e-20	2.64e-16	5.64e-13	3.05e-10	4.28e-08	2.43e-06	9.92e-05	1.55e-02	2.17e-01	7.67e-01
 1.95159e+22	2.81e-25	2.94e-20	3.58e-16	7.34e-13	3.81e-10	5.13e-08	2.78e-06	1.09e-04	1.64e-02	2.22e-01	7.61e-01
 1.96163e+22	3.60e-25	3.68e-20	4.36e-16	8.70e-13	4.40e-10	5.77e-08	3.04e-06	1.16e-04	1.71e-02	2.26e-01	7.57e-01
 1.97135e+22	5.11e-25	5.04e-20	5.75e-16	1.10e-12	5.39e-10	6.80e-08	3.44e-06	1.26e-04	1.80e-02	2.31e-01	7.51e-01
 1.98135e+22	6.84e-25	6.55e-20	7.23e-16	1.35e-12	6.37e-10	7.79e-08	3.81e-06	1.36e-04	1.88e-02	2.35e-01	7.46e-01
 1.98986e+22	8.90e-25	8.30e-20	8.89e-16	1.61e-12	7.41e-10	8.81e-08	4.18e-06	1.44e-04	1.95e-02	2.39e-01	7.41e-01
 1.99908e+22	1.26e-24	1.13e-19	1.17e-15	2.04e-12	9.05e-10	1.04e-07	4.72e-06	1.57e-04	2.06e-02	2.44e-01	7.35e-01
 2.00824e+22	1.64e-24	1.44e-19	1.44e-15	2.44e-12	1.05e-09	1.17e-07	5.17e-06	1.67e-04	2.14e-02	2.48e-01	7.30e-01
 2.01730e+22	2.36e-24	1.99e-19	1.91e-15	3.12e-12	1.30e-09	1.39e-07	5.87e-06	1.83e-04	2.25e-02	2.53e-01	7.24e-01
 2.02625e+22	3.01e-24	2.48e-19	2.32e-15	3.68e-12	1.49e-09	1.55e-07	6.40e-06	1.94e-04	2.33e-02	2.57e-01	7.19e-01
 2.03507e+22	4.39e-24	3.48e-19	3.12e-15	4.74e-12	1.84e-09	1.85e-07	7.28e-06	2.12e-04	2.46e-02	2.63e-01	7.12e-01
 2.04384e+22	5.64e-24	4.35e-19	3.80e-15	5.62e-12	2.13e-09	2.07e-07	7.95e-06	2.25e-04	2.55e-02	2.67e-01	7.08e-01
 2.05255e+22	8.25e-24	6.13e-19	5.12e-15	7.26e-12	2.64e-09	2.47e-07	9.06e-06	2.46e-04	2.70e-02	2.72e-01	7.00e-01
 2.06129e+22	1.08e-23	7.78e-19	6.30e-15	8.68e-12	3.07e-09	2.79e-07	9.94e-06	2.62e-04	2.80e-02	2.77e-01	6.95e-01
 2.07009e+22	1.57e-23	1.09e-18	8.48e-15	1.12e-11	3.81e-09	3.32e-07	1.13e-05	2.87e-04	2.96e-02	2.82e-01	6.88e-01
 2.07879e+22	2.09e-23	1.41e-18	1.06e-14	1.35e-11	4.47e-09	3.78e-07	1.25e-05	3.06e-04	3.08e-02	2.87e-01	6.82e-01
 2.08735e+22	3.06e-23	1.98e-18	1.43e-14	1.75e-11	5.54e-09	4.50e-07	1.42e-05	3.35e-04	3.25e-02	2.93e-01	6.74e-01
 2.09599e+22	4.13e-23	2.60e-18	1.80e-14	2.14e-11	6.55e-09	5.16e-07	1.58e-05	3.60e-04	3.39e-02	2.98e-01	6.68e-01
 2.10474e+22	6.17e-23	3.72e-18	2.47e-14	2.79e-11	8.21e-09	6.20e-07	1.81e-05	3.95e-04	3.58e-02	3.04e-01	6.60e-01
 2.11319e+22	8.20e-23	4.80e-18	3.08e-14	3.37e-11	9.62e-09	7.06e-07	2.00e-05	4.22e-04	3.73e-02	3.09e-01	6.54e-01
 2.12124e+22	1.20e-22	6.75e-18	4.14e-14	4.34e-11	1.19e-08	8.39e-07	2.27e-05	4.62e-04	3.93e-02	3.15e-01	6.45e-01
 2.12934e+22	1.61e-22	8.79e-18	5.21e-14	5.28e-11	1.40e-08	9.60e-07	2.52e-05	4.95e-04	4.10e-02	3.20e-01	6.39e-01
 2.13749e+22	2.40e-22	1.26e-17	7.10e-14	6.88e-11	1.75e-08	1.15e-06	2.89e-05	5.43e-04	4.34e-02	3.26e-01	6.30e-01
 2.14564e+22	3.17e-22	1.61e-17	8.81e-14	8.27e-11	2.05e-08	1.31e-06	3.18e-05	5.80e-04	4.51e-02	3.31e-01	6.23e-01
 2.15380e+22	4.63e-22	2.26e-17	1.18e-13	1.06e-10	2.53e-08	1.55e-06	3.62e-05	6.35e-04	4.76e-02	3.37e-01	6.15e-01
 2.16227e+22	6.33e-22	2.99e-17	1.51e-13	1.31e-10	3.01e-08	1.79e-06	4.04e-05	6.84e-04	4.97e-02	3.42e-01	6.07e-01
 2.16988e+22	8.58e-22	3.93e-17	1.91e-13	1.60e-10	3.57e-08	2.06e-06	4.50e-05	7.36e-04	5.19e-02	3.48e-01	6.00e-01
 2.17826e+22	1.25e-21	5.50e-17	2.56e-13	2.05e-10	4.41e-08	2.45e-06	5.13e-05	8.05e-04	5.47e-02	3.54e-01	5.90e-01
 2.18673e+22	1.70e-21	7.22e-17	3.25e-13	2.51e-10	5.23e-08	2.83e-06	5.72e-05	8.67e-04	5.72e-02	3.59e-01	5.83e-01
 2.19521e+22	2.45e-21	1.00e-16	4.32e-13	3.20e-10	6.43e-08	3.35e-06	6.52e-05	9.47e-04	6.02e-02	3.66e-01	5.73e-01
 2.20385e+22	3.34e-21	1.33e-16	5.50e-13	3.94e-10	7.66e-08	3.87e-06	7.29e-05	1.02e-03	6.30e-02	3.71e-01	5.65e-01
 2.21246e+22	4.75e-21	1.82e-16	7.24e-13	4.98e-10	9.35e-08	4.57e-06	8.28e-05	1.12e-03	6.63e-02	3.77e-01	5.55e-01
 2.22121e+22	6.48e-21	2.40e-16	9.21e-13	6.12e-10	1.11e-07	5.29e-06	9.27e-05	1.20e-03	6.93e-02	3.83e-01	5.47e-01
 2.23004e+22	9.13e-21	3.26e-16	1.20e-12	7.68e-10	1.35e-07	6.22e-06	1.05e-04	1.31e-03	7.29e-02	3.89e-01	5.37e-01
 2.23882e+22	1.22e-20	4.23e-16	1.51e-12	9.33e-10	1.60e-07	7.14e-06	1.17e-04	1.41e-03	7.60e-02	3.94e-01	5.29e-01
 2.24777e+22	1.71e-20	5.72e-16	1.96e-12	1.17e-09	1.94e-07	8.39e-06	1.33e-04	1.54e-03	7.99e-02	4.00e-01	5.19e-01
 2.25688e+22	2.27e-20	7.39e-16	2.46e-12	1.41e-09	2.28e-07	9.63e-06	1.48e-04	1.65e-03	8.33e-02	4.05e-01	5.10e-01
 2.26623e+22	3.17e-20	9.96e-16	3.19e-12	1.77e-09	2.76e-07	1.13e-05	1.67e-04	1.80e-03	8.75e-02	4.10e-01	5.00e-01
 2.27582e+22	4.20e-20	1.28e-15	3.98e-12	2.14e-09	3.25e-07	1.30e-05	1.86e-04	1.94e-03	9.13e-02	4.15e-01	4.91e-01
 2.28569e+22	5.83e-20	1.72e-15	5.14e-12	2.66e-09	3.93e-07	1.52e-05	2.11e-04	2.11e-03	9.59e-02	4.21e-01	4.81e-01
 2.29585e+22	7.72e-20	2.22e-15	6.42e-12	3.22e-09	4.63e-07	1.75e-05	2.36e-04	2.28e-03	1.00e-01	4.26e-01	4.72e-01
 2.30639e+22	1.07e-19	2.97e-15	8.31e-12	4.02e-09	5.61e-07	2.06e-05	2.68e-04	2.48e-03	1.05e-01	4.31e-01	4.61e-01
 2.31723e+22	1.41e-19	3.82e-15	1.04e-11	4.86e-09	6.62e-07	2.37e-05	2.99e-04	2.68e-03	1.10e-01	4.36e-01	4.52e-01
 2.32849e+22	1.95e-19	5.11e-15	1.34e-11	6.06e-09	8.01e-07	2.79e-05	3.39e-04	2.92e-03	1.15e-01	4.41e-01	4.41e-01
 2.34008e+22	2.56e-19	6.54e-15	1.66e-11	7.31e-09	9.42e-07	3.20e-05	3.78e-04	3.15e-03	1.20e-01	4.45e-01	4.31e-01
 2.35235e+22	3.58e-19	8.84e-15	2.17e-11	9.19e-09	1.15e-06	3.79e-05	4.32e-04	3.45e-03	1.26e-01	4.50e-01	4.19e-01
 2.36470e+22	4.63e-19	1.12e-14	2.67e-11	1.10e-08	1.34e-06	4.32e-05	4.80e-04	3.70e-03	1.31e-01	4.54e-01	4.10e-01
 2.37729e+22	6.41e-19	1.50e-14	3.46e-11	1.38e-08	1.64e-06	5.11e-05	5.48e-04	4.05e-03	1.38e-01	4.59e-01	3.99e-01
 2.39017e+22	8.28e-19	1.89e-14	4.24e-11	1.64e-08	1.91e-06	5.83e-05	6.08e-04	4.35e-03	1.44e-01	4.62e-01	3.89e-01
 2.40132e+22	1.04e-18	2.33e-14	5.11e-11	1.93e-08	2.20e-06	6.57e-05	6.68e-04	4.64e-03	1.49e-01	4.65e-01	3.81e-01
 2.41369e+22	1.40e-18	3.04e-14	6.48e-11	2.37e-08	2.63e-06	7.65e-05	7.54e-04	5.03e-03	1.56e-01	4.69e-01	3.70e-01
 2.42622e+22	1.76e-18	3.74e-14	7.78e-11	2.78e-08	3.02e-06	8.61e-05	8.28e-04	5.37e-03	1.61e-01	4.71e-01	3.62e-01
 2.43895e+22	2.35e-18	4.87e-14	9.83e-11	3.41e-08	3.61e-06	1.00e-04	9.34e-04	5.83e-03	1.68e-01	4.74e-01	3.51e-01
 2.45186e+22	2.92e-18	5.94e-14	1.17e-10	3.97e-08	4.13e-06	1.12e-04	1.02e-03	6.20e-03	1.74e-01	4.76e-01	3.42e-01
 2.46321e+22	3.62e-18	7.23e-14	1.40e-10	4.63e-08	4.72e-06	1.26e-04	1.12e-03	6.59e-03	1.80e-01	4.78e-01	3.34e-01
 2.47617e+22	4.76e-18	9.26e-14	1.74e-10	5.61e-08	5.59e-06	1.45e-04	1.25e-03	7.12e-03	1.87e-01	4.80e-01	3.24e-01
 2.48914e+22	5.82e-18	1.11e-13	2.06e-10	6.47e-08	6.33e-06	1.62e-04	1.36e-03	7.53e-03	1.93e-01	4.82e-01	3.16e-01
 2.50210e+22	7.60e-18	1.42e-13	2.55e-10	7.82e-08	7.47e-06	1.86e-04	1.52e-03	8.13e-03	2.01e-01	4.83e-01	3.06e-01
 2.51520e+22	9.24e-18	1.70e-13	3.00e-10	8.98e-08	8.44e-06	2.07e-04	1.65e-03	8.59e-03	2.07e-01	4.84e-01	2.99e-01
 2.52845e+22	1.20e-17	2.15e-13	3.70e-10	1.08e-07	9.93e-06	2.37e-04	1.85e-03	9.25e-03	2.15e-01	4.85e-01	2.89e-01
 2.54195e+22	1.46e-17	2.58e-13	4.35e-10	1.24e-07	1.12e-05	2.63e-04	2.00e-03	9.78e-03	2.21e-01	4.86e-01	2.82e-01
 2.55576e+22	1.89e-17	3.26e-13	5.38e-10	1.50e-07	1.32e-05	3.03e-04	2.24e-03	1.05e-02	2.29e-01	4.86e-01	2.72e-01
 2.56982e+22	2.30e-17	3.91e-13	6.33e-10	1.72e-07	1.50e-05	3.36e-04	2.43e-03	1.11e-02	2.36e-01	4.86e-01	2.64e-01
 2.58213e+22	2.79e-17	4.66e-13	7.40e-10	1.98e-07	1.69e-05	3.72e-04	2.63e-03	1.18e-02	2.42e-01	4.86e-01	2.57e-01
 2.59605e+22	3.56e-17	5.83e-13	9.06e-10	2.36e-07	1.97e-05	4.24e-04	2.92e-03	1.26e-02	2.51e-01	4.85e-01	2.48e-01
 2.60994e+22	4.25e-17	6.86e-13	1.05e-09	2.68e-07	2.20e-05	4.65e-04	3.14e-03	1.32e-02	2.57e-01	4.85e-01	2.42e-01
 2.62378e+22	5.40e-17	8.53e-13	1.28e-09	3.18e-07	2.56e-05	5.30e-04	3.47e-03	1.42e-02	2.65e-01	4.84e-01	2.33e-01
 2.63781e+22	6.45e-17	1.00e-12	1.48e-09	3.61e-07	2.85e-05	5.81e-04	3.73e-03	1.49e-02	2.72e-01	4.83e-01	2.27e-01
 2.65209e+22	8.12e-17	1.24e-12	1.79e-09	4.27e-07	3.30e-05	6.57e-04	4.11e-03	1.59e-02	2.80e-01	4.81e-01	2.18e-01
 2.66685e+22	9.82e-17	1.48e-12	2.09e-09	4.89e-07	3.72e-05	7.25e-04	4.44e-03	1.67e-02	2.87e-01	4.79e-01	2.12e-01
 2.68223e+22	1.25e-16	1.85e-12	2.55e-09	5.83e-07	4.33e-05	8.26e-04	4.92e-03	1.79e-02	2.96e-01	4.77e-01	2.03e-01
 2.69786e+22	1.51e-16	2.20e-12	2.98e-09	6.68e-07	4.87e-05	9.11e-04	5.31e-03	1.88e-02	3.03e-01	4.75e-01	1.97e-01
 2.71380e+22	1.93e-16	2.75e-12	3.64e-09	7.95e-07	5.67e-05	1.04e-03	5.86e-03	2.01e-02	3.13e-01	4.72e-01	1.88e-01
 2.73028e+22	2.36e-16	3.30e-12	4.29e-09	9.17e-07	6.42e-05	1.15e-03	6.35e-03	2.11e-02	3.20e-01	4.69e-01	1.82e-01
 2.74747e+22	3.03e-16	4.16e-12	5.29e-09	1.10e-06	7.53e-05	1.31e-03	7.04e-03	2.26e-02	3.30e-01	4.65e-01	1.74e-01
 2.76521e+22	3.75e-16	5.05e-12	6.29e-09	1.28e-06	8.57e-05	1.46e-03	7.64e-03	2.39e-02	3.38e-01	4.62e-01	1.67e-01
 2.78367e+22	4.89e-16	6.45e-12	7.84e-09	1.55e-06	1.01e-04	1.68e-03	8.51e-03	2.56e-02	3.49e-01	4.57e-01	1.59e-01
 2.80218e+22	6.00e-16	7.79e-12	9.28e-09	1.80e-06	1.15e-04	1.86e-03	9.22e-03	2.70e-02	3.56e-01	4.53e-01	1.53e-01
 2.82075e+22	7.79e-16	9.89e-12	1.15e-08	2.16e-06	1.35e-04	2.13e-03	1.02e-02	2.88e-02	3.67e-01	4.47e-01	1.45e-01
 2.84014e+22	9.72e-16	1.21e-11	1.38e-08	2.54e-06	1.55e-04	2.39e-03	1.11e-02	3.05e-02	3.75e-01	4.42e-01	1.39e-01
 2.86058e+22	1.29e-15	1.57e-11	1.75e-08	3.11e-06	1.85e-04	2.77e-03	1.25e-02	3.28e-02	3.86e-01	4.35e-01	1.30e-01
 2.88102e+22	1.60e-15	1.92e-11	2.09e-08	3.63e-06	2.11e-04	3.09e-03	1.35e-02	3.46e-02	3.94e-01	4.30e-01	1.24e-01
 2.90145e+22	2.11e-15	2.47e-11	2.62e-08	4.44e-06	2.51e-04	3.58e-03	1.52e-02	3.71e-02	4.06e-01	4.22e-01	1.17e-01
 2.92217e+22	2.61e-15	3.02e-11	3.14e-08	5.19e-06	2.88e-04	4.00e-03	1.65e-02	3.92e-02	4.14e-01	4.15e-01	1.11e-01
 2.93965e+22	3.17e-15	3.61e-11	3.69e-08	5.97e-06	3.25e-04	4.43e-03	1.78e-02	4.12e-02	4.21e-01	4.09e-01	1.06e-01
 2.95871e+22	4.05e-15	4.53e-11	4.54e-08	7.17e-06	3.81e-04	5.06e-03	1.98e-02	4.39e-02	4.31e-01	4.01e-01	9.91e-02
 2.97771e+22	4.87e-15	5.38e-11	5.31e-08	8.21e-06	4.29e-04	5.59e-03	2.13e-02	4.61e-02	4.38e-01	3.94e-01	9.43e-02
 2.99661e+22	6.16e-15	6.69e-11	6.49e-08	9.80e-06	5.02e-04	6.38e-03	2.36e-02	4.91e-02	4.48e-01	3.85e-01	8.81e-02
 3.01566e+22	7.38e-15	7.92e-11	7.57e-08	1.12e-05	5.65e-04	7.05e-03	2.54e-02	5.15e-02	4.55e-01	3.77e-01	8.35e-02
 3.03490e+22	9.24e-15	9.80e-11	9.23e-08	1.34e-05	6.61e-04	8.05e-03	2.82e-02	5.50e-02	4.64e-01	3.67e-01	7.75e-02
 3.05425e+22	1.10e-14	1.15e-10	1.07e-07	1.53e-05	7.44e-04	8.90e-03	3.04e-02	5.76e-02	4.70e-01	3.59e-01	7.32e-02
 3.07374e+22	1.36e-14	1.41e-10	1.30e-07	1.82e-05	8.68e-04	1.02e-02	3.37e-02	6.15e-02	4.78e-01	3.48e-01	6.76e-02
 3.09348e+22	1.60e-14	1.66e-10	1.51e-07	2.08e-05	9.79e-04	1.13e-02	3.65e-02	6.46e-02	4.84e-01	3.39e-01	6.33e-02
 3.11353e+22	1.95e-14	2.01e-10	1.82e-07	2.46e-05	1.14e-03	1.29e-02	4.04e-02	6.90e-02	4.92e-01	3.27e-01	5.80e-02
 3.13378e+22	2.26e-14	2.33e-10	2.09e-07	2.80e-05	1.29e-03	1.43e-02	4.38e-02	7.25e-02	4.97e-01	3.17e-01	5.40e-02
 3.15423e+22	2.70e-14	2.78e-10	2.50e-07	3.29e-05	1.50e-03	1.63e-02	4.85e-02	7.73e-02	5.04e-01	3.04e-01	4.90e-02
 3.17364e+22	3.03e-14	3.12e-10	2.81e-07	3.67e-05	1.66e-03	1.78e-02	5.19e-02	8.07e-02	5.07e-01	2.95e-01	4.58e-02
 3.19174e+22	3.44e-14	3.58e-10	3.24e-07	4.20e-05	1.89e-03	2.00e-02	5.68e-02	8.55e-02	5.12e-01	2.82e-01	4.18e-02
 3.21022e+22	3.80e-14	3.98e-10	3.62e-07	4.67e-05	2.09e-03	2.19e-02	6.09e-02	8.93e-02	5.14e-01	2.73e-01	3.87e-02
 3.22831e+22	4.19e-14	4.46e-10	4.10e-07	5.28e-05	2.35e-03	2.44e-02	6.62e-02	9.42e-02	5.17e-01	2.61e-01	3.53e-02
 3.24682e+22	4.52e-14	4.90e-10	4.56e-07	5.86e-05	2.61e-03	2.67e-02	7.10e-02	9.86e-02	5.19e-01	2.50e-01	3.24e-02
 3.26457e+22	4.84e-14	5.35e-10	5.06e-07	6.51e-05	2.89e-03	2.94e-02	7.64e-02	1.03e-01	5.19e-01	2.39e-01	2.96e-02
 3.28251e+22	5.10e-14	5.78e-10	5.58e-07	7.18e-05	3.20e-03	3.21e-02	8.18e-02	1.08e-01	5.20e-01	2.28e-01	2.70e-02
 3.30006e+22	5.32e-14	6.19e-10	6.10e-07	7.90e-05	3.52e-03	3.51e-02	8.74e-02	1.13e-01	5.19e-01	2.18e-01	2.46e-02
 3.31734e+22	5.49e-14	6.59e-10	6.65e-07	8.65e-05	3.86e-03	3.81e-02	9.30e-02	1.17e-01	5.17e-01	2.08e-01	2.25e-02
 3.33444e+22	5.62e-14	6.97e-10	7.21e-07	9.45e-05	4.23e-03	4.13e-02	9.88e-02	1.22e-01	5.15e-01	1.98e-01	2.05e-02
 3.35146e+22	5.71e-14	7.33e-10	7.80e-07	1.03e-04	4.62e-03	4.47e-02	1.05e-01	1.27e-01	5.12e-01	1.88e-01	1.86e-02
 3.36845e+22	5.76e-14	7.69e-10	8.43e-07	1.12e-04	5.04e-03	4.83e-02	1.11e-01	1.32e-01	5.09e-01	1.79e-01	1.69e-02
 3.38547e+22	5.78e-14	8.04e-10	9.10e-07	1.22e-04	5.50e-03	5.21e-02	1.17e-01	1.36e-01	5.05e-01	1.69e-01	1.54e-02
 3.40261e+22	5.78e-14	8.40e-10	9.82e-07	1.33e-04	5.99e-03	5.61e-02	1.23e-01	1.41e-01	5.00e-01	1.60e-01	1.39e-02
 3.41996e+22	5.77e-14	8.79e-10	1.06e-06	1.45e-04	6.54e-03	6.03e-02	1.29e-01	1.46e-01	4.94e-01	1.52e-01	1.26e-02
 3.43756e+22	5.76e-14	9.20e-10	1.15e-06	1.59e-04	7.14e-03	6.49e-02	1.36e-01	1.50e-01	4.88e-01	1.43e-01	1.13e-02
 3.45548e+22	5.74e-14	9.65e-10	1.25e-06	1.75e-04	7.81e-03	6.98e-02	1.42e-01	1.55e-01	4.80e-01	1.34e-01	1.02e-02
 3.47347e+22	5.74e-14	1.01e-09	1.37e-06	1.92e-04	8.53e-03	7.49e-02	1.49e-01	1.59e-01	4.73e-01	1.26e-01	9.18e-03
 3.49187e+22	5.75e-14	1.07e-09	1.50e-06	2.12e-04	9.37e-03	8.06e-02	1.56e-01	1.64e-01	4.64e-01	1.18e-01	8.21e-03
 3.51042e+22	5.78e-14	1.14e-09	1.65e-06	2.34e-04	1.02e-02	8.63e-02	1.62e-01	1.68e-01	4.55e-01	1.11e-01	7.36e-03
 3.52947e+22	5.84e-14	1.22e-09	1.83e-06	2.62e-04	1.13e-02	9.28e-02	1.69e-01	1.72e-01	4.45e-01	1.03e-01	6.53e-03
 3.54736e+22	5.93e-14	1.29e-09	2.00e-06	2.86e-04	1.22e-02	9.83e-02	1.75e-01	1.75e-01	4.36e-01	9.75e-02	5.94e-03
 3.56556e+22	6.03e-14	1.40e-09	2.25e-06	3.22e-04	1.35e-02	1.06e-01	1.82e-01	1.79e-01	4.25e-01	9.03e-02	5.23e-03
 3.58397e+22	6.25e-14	1.50e-09	2.48e-06	3.54e-04	1.46e-02	1.12e-01	1.87e-01	1.81e-01	4.15e-01	8.51e-02	4.75e-03
 3.60265e+22	6.47e-14	1.65e-09	2.82e-06	4.00e-04	1.62e-02	1.20e-01	1.94e-01	1.84e-01	4.03e-01	7.84e-02	4.17e-03
 3.62179e+22	6.80e-14	1.80e-09	3.15e-06	4.43e-04	1.75e-02	1.27e-01	1.99e-01	1.87e-01	3.92e-01	7.35e-02	3.76e-03
 3.64152e+22	7.17e-14	2.01e-09	3.63e-06	5.07e-04	1.95e-02	1.36e-01	2.06e-01	1.89e-01	3.78e-01	6.73e-02	3.27e-03
 3.66152e+22	7.66e-14	2.23e-09	4.09e-06	5.65e-04	2.12e-02	1.44e-01	2.11e-01	1.90e-01	3.67e-01	6.28e-02	2.94e-03
 3.68188e+22	8.28e-14	2.54e-09	4.78e-06	6.50e-04	2.36e-02	1.54e-01	2.17e-01	1.92e-01	3.52e-01	5.71e-02	2.54e-03
 3.70241e+22	8.96e-14	2.83e-09	5.41e-06	7.25e-04	2.56e-02	1.63e-01	2.22e-01	1.93e-01	3.41e-01	5.31e-02	2.27e-03
 3.72317e+22	9.90e-14	3.28e-09	6.38e-06	8.38e-04	2.86e-02	1.74e-01	2.28e-01	1.94e-01	3.25e-01	4.81e-02	1.95e-03
 3.74416e+22	1.09e-13	3.71e-09	7.28e-06	9.38e-04	3.10e-02	1.83e-01	2.32e-01	1.93e-01	3.13e-01	4.45e-02	1.74e-03
 3.76546e+22	1.24e-13	4.36e-09	8.66e-06	1.09e-03	3.45e-02	1.96e-01	2.37e-01	1.93e-01	2.97e-01	4.01e-02	1.48e-03
 3.78711e+22	1.39e-13	4.99e-09	9.95e-06	1.22e-03	3.75e-02	2.05e-01	2.41e-01	1.92e-01	2.85e-01	3.69e-02	1.31e-03
 3.80921e+22	1.61e-13	5.97e-09	1.20e-05	1.42e-03	4.18e-02	2.19e-01	2.45e-01	1.91e-01	2.69e-01	3.30e-02	1.11e-03
 3.83175e+22	1.85e-13	6.93e-09	1.39e-05	1.60e-03	4.54e-02	2.29e-01	2.48e-01	1.89e-01	2.56e-01	3.01e-02	9.75e-04
 3.85485e+22	2.21e-13	8.44e-09	1.68e-05	1.88e-03	5.06e-02	2.44e-01	2.51e-01	1.86e-01	2.40e-01	2.67e-02	8.17e-04
 3.87847e+22	2.59e-13	9.94e-09	1.97e-05	2.12e-03	5.50e-02	2.55e-01	2.53e-01	1.83e-01	2.27e-01	2.42e-02	7.09e-04
 3.89837e+22	2.98e-13	1.15e-08	2.26e-05	2.36e-03	5.92e-02	2.65e-01	2.54e-01	1.81e-01	2.16e-01	2.21e-02	6.25e-04
 3.91987e+22	3.61e-13	1.40e-08	2.70e-05	2.72e-03	6.49e-02	2.79e-01	2.55e-01	1.77e-01	2.02e-01	1.96e-02	5.28e-04
 3.94160e+22	4.23e-13	1.63e-08	3.11e-05	3.04e-03	6.98e-02	2.89e-01	2.56e-01	1.73e-01	1.91e-01	1.79e-02	4.62e-04
 3.96065e+22	4.95e-13	1.90e-08	3.58e-05	3.38e-03	7.48e-02	2.99e-01	2.56e-01	1.70e-01	1.81e-01	1.62e-02	4.04e-04
 3.98242e+22	6.12e-13	2.33e-08	4.29e-05	3.88e-03	8.17e-02	3.12e-01	2.55e-01	1.65e-01	1.68e-01	1.43e-02	3.39e-04
 4.00407e+22	7.21e-13	2.71e-08	4.90e-05	4.28e-03	8.70e-02	3.22e-01	2.54e-01	1.61e-01	1.58e-01	1.31e-02	2.98e-04
 4.02556e+22	8.97e-13	3.32e-08	5.86e-05	4.89e-03	9.47e-02	3.34e-01	2.52e-01	1.55e-01	1.46e-01	1.14e-02	2.49e-04
 4.04714e+22	1.06e-12	3.87e-08	6.69e-05	5.39e-03	1.01e-01	3.43e-01	2.51e-01	1.51e-01	1.38e-01	1.04e-02	2.18e-04
 4.06883e+22	1.34e-12	4.76e-08	7.99e-05	6.14e-03	1.09e-01	3.55e-01	2.48e-01	1.45e-01	1.27e-01	9.09e-03	1.81e-04
 4.09090e+22	1.60e-12	5.58e-08	9.14e-05	6.77e-03	1.16e-01	3.64e-01	2.46e-01	1.41e-01	1.19e-01	8.20e-03	1.57e-04
 4.11344e+22	2.04e-12	6.92e-08	1.10e-04	7.72e-03	1.25e-01	3.75e-01	2.42e-01	1.34e-01	1.08e-01	7.10e-03	1.29e-04
 4.13633e+22	2.47e-12	8.16e-08	1.26e-04	8.51e-03	1.32e-01	3.84e-01	2.38e-01	1.29e-01	1.01e-01	6.36e-03	1.12e-04
 4.15965e+22	3.18e-12	1.02e-07	1.51e-04	9.70e-03	1.43e-01	3.94e-01	2.33e-01	1.23e-01	9.14e-02	5.46e-03	9.08e-05
 4.18340e+22	3.88e-12	1.21e-07	1.74e-04	1.07e-02	1.51e-01	4.01e-01	2.29e-01	1.18e-01	8.47e-02	4.85e-03	7.76e-05
 4.20772e+22	5.08e-12	1.52e-07	2.10e-04	1.22e-02	1.63e-01	4.11e-01	2.23e-01	1.11e-01	7.61e-02	4.12e-03	6.24e-05
 4.23258e+22	6.26e-12	1.81e-07	2.42e-04	1.35e-02	1.72e-01	4.17e-01	2.18e-01	1.06e-01	6.99e-02	3.63e-03	5.27e-05
 4.25814e+22	8.32e-12	2.30e-07	2.93e-04	1.54e-02	1.85e-01	4.25e-01	2.11e-01	9.88e-02	6.22e-02	3.05e-03	4.18e-05
 4.28401e+22	1.03e-11	2.75e-07	3.39e-04	1.69e-02	1.95e-01	4.30e-01	2.05e-01	9.36e-02	5.68e-02	2.66e-03	3.50e-05
 4.31027e+22	1.38e-11	3.50e-07	4.10e-04	1.93e-02	2.09e-01	4.35e-01	1.97e-01	8.69e-02	5.02e-02	2.21e-03	2.74e-05
 4.33685e+22	1.71e-11	4.20e-07	4.73e-04	2.12e-02	2.19e-01	4.39e-01	1.91e-01	8.19e-02	4.56e-02	1.92e-03	2.28e-05
 4.35959e+22	2.11e-11	4.99e-07	5.43e-04	2.32e-02	2.30e-01	4.41e-01	1.85e-01	7.72e-02	4.15e-02	1.68e-03	1.91e-05
 4.38492e+22	2.76e-11	6.23e-07	6.46e-04	2.60e-02	2.43e-01	4.44e-01	1.77e-01	7.15e-02	3.67e-02	1.40e-03	1.51e-05
 4.41051e+22	3.43e-11	7.43e-07	7.41e-04	2.85e-02	2.54e-01	4.45e-01	1.70e-01	6.71e-02	3.31e-02	1.21e-03	1.25e-05
 4.43644e+22	4.47e-11	9.22e-07	8.77e-04	3.18e-02	2.68e-01	4.45e-01	1.62e-01	6.19e-02	2.92e-02	1.01e-03	9.85e-06
 4.46156e+22	5.46e-11	1.09e-06	9.95e-04	3.44e-02	2.78e-01	4.45e-01	1.56e-01	5.81e-02	2.65e-02	8.78e-04	8.21e-06
 4.48233e+22	6.63e-11	1.27e-06	1.12e-03	3.72e-02	2.89e-01	4.44e-01	1.50e-01	5.46e-02	2.41e-02	7.65e-04	6.87e-06
 4.50602e+22	8.42e-11	1.54e-06	1.31e-03	4.09e-02	3.01e-01	4.41e-01	1.43e-01	5.04e-02	2.13e-02	6.45e-04	5.51e-06
 4.53048e+22	1.03e-10	1.82e-06	1.48e-03	4.43e-02	3.12e-01	4.39e-01	1.37e-01	4.70e-02	1.92e-02	5.55e-04	4.54e-06
 4.55249e+22	1.27e-10	2.14e-06	1.68e-03	4.79e-02	3.22e-01	4.36e-01	1.31e-01	4.39e-02	1.73e-02	4.78e-04	3.75e-06
 4.57764e+22	1.62e-10	2.62e-06	1.96e-03	5.26e-02	3.35e-01	4.31e-01	1.23e-01	4.02e-02	1.52e-02	3.97e-04	2.96e-06
 4.60358e+22	2.02e-10	3.12e-06	2.24e-03	5.71e-02	3.47e-01	4.26e-01	1.17e-01	3.71e-02	1.35e-02	3.36e-04	2.39e-06
 4.62671e+22	2.48e-10	3.68e-06	2.53e-03	6.16e-02	3.57e-01	4.21e-01	1.11e-01	3.44e-02	1.20e-02	2.87e-04	1.95e-06
 4.65290e+22	3.19e-10	4.51e-06	2.96e-03	6.75e-02	3.70e-01	4.14e-01	1.04e-01	3.12e-02	1.04e-02	2.35e-04	1.51e-06
 4.68019e+22	4.00e-10	5.40e-06	3.39e-03	7.32e-02	3.81e-01	4.07e-01	9.79e-02	2.86e-02	9.17e-03	1.96e-04	1.20e-06
 4.70479e+22	4.94e-10	6.40e-06	3.85e-03	7.89e-02	3.91e-01	3.99e-01	9.23e-02	2.62e-02	8.10e-03	1.65e-04	9.66e-07
 4.73265e+22	6.45e-10	7.90e-06	4.51e-03	8.66e-02	4.03e-01	3.89e-01	8.55e-02	2.35e-02	6.92e-03	1.33e-04	7.32e-07
 4.76128e+22	8.11e-10	9.48e-06	5.17e-03	9.37e-02	4.14e-01	3.80e-01	7.98e-02	2.14e-02	6.02e-03	1.10e-04	5.72e-07
 4.78674e+22	1.01e-09	1.13e-05	5.87e-03	1.01e-01	4.23e-01	3.71e-01	7.47e-02	1.95e-02	5.27e-03	9.12e-05	4.54e-07
 4.81567e+22	1.32e-09	1.39e-05	6.88e-03	1.10e-01	4.34e-01	3.59e-01	6.85e-02	1.73e-02	4.45e-03	7.22e-05	3.37e-07
 4.84555e+22	1.67e-09	1.68e-05	7.90e-03	1.19e-01	4.43e-01	3.48e-01	6.34e-02	1.55e-02	3.82e-03	5.86e-05	2.59e-07
 4.87194e+22	2.07e-09	1.99e-05	8.96e-03	1.28e-01	4.50e-01	3.37e-01	5.89e-02	1.40e-02	3.32e-03	4.83e-05	2.03e-07
 4.90152e+22	2.71e-09	2.46e-05	1.05e-02	1.39e-01	4.59e-01	3.23e-01	5.35e-02	1.24e-02	2.77e-03	3.77e-05	1.49e-07
 4.93176e+22	3.41e-09	2.95e-05	1.20e-02	1.49e-01	4.65e-01	3.11e-01	4.92e-02	1.11e-02	2.37e-03	3.04e-05	0.00e+00
 4.95863e+22	4.24e-09	3.50e-05	1.36e-02	1.59e-01	4.70e-01	2.99e-01	4.53e-02	9.91e-03	2.03e-03	2.47e-05	0.00e+00
 4.98934e+22	5.57e-09	4.33e-05	1.58e-02	1.73e-01	4.76e-01	2.84e-01	4.07e-02	8.62e-03	1.67e-03	1.90e-05	0.00e+00
 5.02069e+22	7.03e-09	5.19e-05	1.81e-02	1.85e-01	4.79e-01	2.71e-01	3.71e-02	7.63e-03	1.41e-03	1.51e-05	0.00e+00
 5.04856e+22	8.76e-09	6.17e-05	2.05e-02	1.97e-01	4.82e-01	2.59e-01	3.38e-02	6.78e-03	1.20e-03	1.21e-05	0.00e+00
 5.08046e+22	1.15e-08	7.64e-05	2.39e-02	2.12e-01	4.84e-01	2.43e-01	3.00e-02	5.81e-03	9.68e-04	9.09e-06	0.00e+00
 5.11304e+22	1.46e-08	9.17e-05	2.72e-02	2.26e-01	4.84e-01	2.30e-01	2.70e-02	5.09e-03	8.06e-04	7.10e-06	0.00e+00
 5.14087e+22	1.80e-08	1.08e-04	3.05e-02	2.39e-01	4.83e-01	2.18e-01	2.45e-02	4.51e-03	6.83e-04	5.68e-06	0.00e+00
 5.17143e+22	2.32e-08	1.31e-04	3.51e-02	2.55e-01	4.80e-01	2.03e-01	2.17e-02	3.86e-03	5.53e-04	4.29e-06	0.00e+00
 5.20264e+22	2.87e-08	1.55e-04	3.95e-02	2.69e-01	4.77e-01	1.91e-01	1.95e-02	3.38e-03	4.62e-04	3.37e-06	0.00e+00
 5.23046e+22	3.54e-08	1.82e-04	4.42e-02	2.82e-01	4.73e-01	1.80e-01	1.76e-02	2.96e-03	3.86e-04	2.66e-06	0.00e+00
 5.26238e+22	4.58e-08	2.21e-04	5.08e-02	3.00e-01	4.66e-01	1.66e-01	1.53e-02	2.50e-03	3.07e-04	1.96e-06	0.00e+00
 5.29369e+22	5.60e-08	2.58e-04	5.65e-02	3.13e-01	4.59e-01	1.55e-01	1.37e-02	2.19e-03	2.56e-04	1.54e-06	0.00e+00
 5.32016e+22	6.79e-08	2.99e-04	6.25e-02	3.26e-01	4.52e-01	1.45e-01	1.23e-02	1.91e-03	2.14e-04	1.21e-06	0.00e+00
 5.35052e+22	8.59e-08	3.58e-04	7.08e-02	3.42e-01	4.41e-01	1.33e-01	1.07e-02	1.62e-03	1.71e-04	9.02e-07	0.00e+00
 5.38158e+22	1.05e-07	4.16e-04	7.84e-02	3.55e-01	4.32e-01	1.23e-01	9.52e-03	1.40e-03	1.41e-04	6.99e-07	0.00e+00
 5.40643e+22	1.22e-07	4.67e-04	8.48e-02	3.65e-01	4.24e-01	1.16e-01	8.65e-03	1.24e-03	1.21e-04	5.71e-07	0.00e+00
 5.43160e+22	1.48e-07	5.40e-04	9.36e-02	3.78e-01	4.12e-01	1.07e-01	7.66e-03	1.07e-03	9.92e-05	4.41e-07	0.00e+00
 5.45720e+22	1.73e-07	6.07e-04	1.01e-01	3.88e-01	4.03e-01	9.97e-02	6.91e-03	9.47e-04	8.43e-05	3.56e-07	0.00e+00
 5.48337e+22	2.09e-07	7.01e-04	1.11e-01	4.00e-01	3.90e-01	9.13e-02	6.07e-03	8.10e-04	6.86e-05	2.72e-07	0.00e+00
 5.50982e+22	2.45e-07	7.88e-04	1.20e-01	4.09e-01	3.79e-01	8.48e-02	5.44e-03	7.10e-04	5.78e-05	2.17e-07	0.00e+00
 5.53311e+22	2.85e-07	8.83e-04	1.30e-01	4.17e-01	3.68e-01	7.87e-02	4.88e-03	6.23e-04	4.87e-05	1.74e-07	0.00e+00
 5.55985e+22	3.45e-07	1.02e-03	1.42e-01	4.27e-01	3.53e-01	7.13e-02	4.24e-03	5.26e-04	3.91e-05	1.31e-07	0.00e+00
 5.58682e+22	4.01e-07	1.14e-03	1.53e-01	4.35e-01	3.41e-01	6.58e-02	3.78e-03	4.58e-04	3.27e-05	0.00e+00	0.00e+00
 5.61408e+22	4.86e-07	1.31e-03	1.68e-01	4.43e-01	3.25e-01	5.91e-02	3.26e-03	3.83e-04	2.60e-05	0.00e+00	0.00e+00
 5.64150e+22	5.63e-07	1.46e-03	1.79e-01	4.49e-01	3.13e-01	5.42e-02	2.89e-03	3.32e-04	2.16e-05	0.00e+00	0.00e+00
 5.66912e+22	6.78e-07	1.68e-03	1.96e-01	4.55e-01	2.97e-01	4.85e-02	2.48e-03	2.76e-04	1.71e-05	0.00e+00	0.00e+00
 5.69729e+22	7.87e-07	1.87e-03	2.09e-01	4.59e-01	2.83e-01	4.41e-02	2.18e-03	2.36e-04	1.40e-05	0.00e+00	0.00e+00
 5.72619e+22	9.50e-07	2.14e-03	2.28e-01	4.63e-01	2.66e-01	3.89e-02	1.84e-03	1.93e-04	1.09e-05	0.00e+00	0.00e+00
 5.75545e+22	1.10e-06	2.39e-03	2.43e-01	4.65e-01	2.53e-01	3.51e-02	1.61e-03	1.64e-04	8.86e-06	0.00e+00	0.00e+00
 5.78519e+22	1.34e-06	2.74e-03	2.64e-01	4.66e-01	2.35e-01	3.07e-02	1.34e-03	1.32e-04	6.77e-06	0.00e+00	0.00e+00
 5.81510e+22	1.55e-06	3.04e-03	2.80e-01	4.66e-01	2.22e-01	2.75e-02	1.17e-03	1.12e-04	5.47e-06	0.00e+00	0.00e+00
 5.84521e+22	1.85e-06	3.46e-03	3.02e-01	4.64e-01	2.05e-01	2.39e-02	9.72e-04	8.98e-05	4.17e-06	0.00e+00	0.00e+00
 5.87625e+22	2.16e-06	3.85e-03	3.21e-01	4.61e-01	1.92e-01	2.11e-02	8.29e-04	7.42e-05	3.29e-06	0.00e+00	0.00e+00
 5.90851e+22	2.62e-06	4.40e-03	3.46e-01	4.56e-01	1.75e-01	1.80e-02	6.77e-04	5.81e-05	2.44e-06	0.00e+00	0.00e+00
 5.94132e+22	3.04e-06	4.88e-03	3.66e-01	4.51e-01	1.62e-01	1.58e-02	5.73e-04	4.76e-05	1.91e-06	0.00e+00	0.00e+00
 5.96726e+22	3.42e-06	5.29e-03	3.82e-01	4.46e-01	1.53e-01	1.42e-02	5.03e-04	4.07e-05	1.58e-06	0.00e+00	0.00e+00
 5.99340e+22	3.96e-06	5.85e-03	4.03e-01	4.38e-01	1.41e-01	1.24e-02	4.23e-04	3.31e-05	1.23e-06	0.00e+00	0.00e+00
 6.01963e+22	4.44e-06	6.32e-03	4.19e-01	4.32e-01	1.32e-01	1.11e-02	3.70e-04	2.81e-05	1.01e-06	0.00e+00	0.00e+00
 6.04597e+22	5.10e-06	6.94e-03	4.39e-01	4.23e-01	1.21e-01	9.68e-03	3.12e-04	2.29e-05	7.85e-07	0.00e+00	0.00e+00
 6.07301e+22	5.74e-06	7.52e-03	4.57e-01	4.14e-01	1.12e-01	8.58e-03	2.69e-04	1.92e-05	6.34e-07	0.00e+00	0.00e+00
 6.10094e+22	6.62e-06	8.27e-03	4.79e-01	4.03e-01	1.02e-01	7.37e-03	2.24e-04	1.53e-05	4.85e-07	0.00e+00	0.00e+00
 6.12916e+22	7.45e-06	8.94e-03	4.96e-01	3.94e-01	9.43e-02	6.49e-03	1.92e-04	1.27e-05	3.89e-07	0.00e+00	0.00e+00
 6.15773e+22	8.62e-06	9.84e-03	5.19e-01	3.81e-01	8.49e-02	5.51e-03	1.57e-04	1.00e-05	2.92e-07	0.00e+00	0.00e+00
 6.18638e+22	9.66e-06	1.06e-02	5.36e-01	3.70e-01	7.82e-02	4.84e-03	1.35e-04	8.30e-06	2.34e-07	0.00e+00	0.00e+00
 6.21513e+22	1.11e-05	1.16e-02	5.58e-01	3.57e-01	7.01e-02	4.10e-03	1.10e-04	6.53e-06	1.76e-07	0.00e+00	0.00e+00
 6.24474e+22	1.25e-05	1.25e-02	5.75e-01	3.45e-01	6.39e-02	3.56e-03	9.32e-05	5.33e-06	1.38e-07	0.00e+00	0.00e+00
 6.27546e+22	1.45e-05	1.38e-02	5.98e-01	3.29e-01	5.65e-02	2.96e-03	7.48e-05	4.08e-06	0.00e+00	0.00e+00	0.00e+00
 6.30371e+22	1.58e-05	1.46e-02	6.11e-01	3.20e-01	5.24e-02	2.65e-03	6.54e-05	3.47e-06	0.00e+00	0.00e+00	0.00e+00
 6.32305e+22	1.70e-05	1.53e-02	6.21e-01	3.12e-01	4.93e-02	2.41e-03	5.86e-05	3.04e-06	0.00e+00	0.00e+00	0.00e+00
 6.34252e+22	1.86e-05	1.61e-02	6.34e-01	3.02e-01	4.55e-02	2.15e-03	5.10e-05	2.57e-06	0.00e+00	0.00e+00	0.00e+00
 6.36783e+22	2.08e-05	1.73e-02	6.51e-01	2.89e-01	4.09e-02	1.84e-03	4.26e-05	2.06e-06	0.00e+00	0.00e+00	0.00e+00
 6.39333e+22	2.27e-05	1.83e-02	6.63e-01	2.79e-01	3.77e-02	1.63e-03	3.69e-05	1.74e-06	0.00e+00	0.00e+00	0.00e+00
 6.41549e+22	2.48e-05	1.93e-02	6.75e-01	2.69e-01	3.46e-02	1.44e-03	3.20e-05	1.46e-06	0.00e+00	0.00e+00	0.00e+00
 6.43497e+22	2.66e-05	2.02e-02	6.84e-01	2.62e-01	3.25e-02	1.32e-03	2.87e-05	1.28e-06	0.00e+00	0.00e+00	0.00e+00
 6.45454e+22	2.89e-05	2.12e-02	6.95e-01	2.52e-01	2.98e-02	1.16e-03	2.49e-05	1.08e-06	0.00e+00	0.00e+00	0.00e+00
 6.47997e+22	3.22e-05	2.27e-02	7.10e-01	2.40e-01	2.66e-02	9.90e-04	2.06e-05	8.55e-07	0.00e+00	0.00e+00	0.00e+00
 6.50507e+22	3.50e-05	2.39e-02	7.20e-01	2.31e-01	2.44e-02	8.79e-04	1.79e-05	7.22e-07	0.00e+00	0.00e+00	0.00e+00
 6.52973e+22	3.89e-05	2.54e-02	7.33e-01	2.19e-01	2.18e-02	7.51e-04	1.49e-05	5.77e-07	0.00e+00	0.00e+00	0.00e+00
 6.55703e+22	4.31e-05	2.70e-02	7.45e-01	2.08e-01	1.95e-02	6.44e-04	1.24e-05	4.64e-07	0.00e+00	0.00e+00	0.00e+00
 6.58777e+22	4.91e-05	2.92e-02	7.60e-01	1.94e-01	1.69e-02	5.26e-04	9.82e-06	3.48e-07	0.00e+00	0.00e+00	0.00e+00
 6.61956e+22	5.47e-05	3.12e-02	7.71e-01	1.83e-01	1.49e-02	4.45e-04	8.08e-06	2.75e-07	0.00e+00	0.00e+00	0.00e+00
 6.65272e+22	6.27e-05	3.37e-02	7.85e-01	1.68e-01	1.27e-02	3.57e-04	6.26e-06	2.02e-07	0.00e+00	0.00e+00	0.00e+00
 6.68838e+22	7.12e-05	3.63e-02	7.96e-01	1.56e-01	1.09e-02	2.92e-04	4.94e-06	1.52e-07	0.00e+00	0.00e+00	0.00e+00
 6.72730e+22	8.38e-05	3.99e-02	8.10e-01	1.41e-01	8.90e-03	2.22e-04	3.61e-06	0.00e+00	0.00e+00	0.00e+00	0.00e+00
 6.76582e+22	9.51e-05	4.29e-02	8.19e-01	1.30e-01	7.65e-03	1.82e-04	2.85e-06	0.00e+00	0.00e+00	0.00e+00	0.00e+00
 6.80382e+22	1.11e-04	4.68e-02	8.30e-01	1.16e-01	6.22e-03	1.39e-04	2.08e-06	0.00e+00	0.00e+00	0.00e+00	0.00e+00
 6.84234e+22	1.27e-04	5.05e-02	8.38e-01	1.06e-01	5.25e-03	1.11e-04	1.60e-06	0.00e+00	0.00e+00	0.00e+00	0.00e+00
 6.88153e+22	1.50e-04	5.53e-02	8.47e-01	9.35e-02	4.18e-03	8.27e-05	1.14e-06	0.00e+00	0.00e+00	0.00e+00	0.00e+00
 6.92086e+22	1.72e-04	5.95e-02	8.52e-01	8.43e-02	3.48e-03	6.55e-05	8.66e-07	0.00e+00	0.00e+00	0.00e+00	0.00e+00
 6.95117e+22	1.91e-04	6.31e-02	8.56e-01	7.75e-02	3.01e-03	5.43e-05	6.97e-07	0.00e+00	0.00e+00	0.00e+00	0.00e+00
 6.98139e+22	2.19e-04	6.76e-02	8.61e-01	6.92e-02	2.48e-03	4.24e-05	5.22e-07	0.00e+00	0.00e+00	0.00e+00	0.00e+00
 7.01138e+22	2.44e-04	7.16e-02	8.63e-01	6.30e-02	2.12e-03	3.47e-05	4.14e-07	0.00e+00	0.00e+00	0.00e+00	0.00e+00
 7.03689e+22	2.70e-04	7.54e-02	8.65e-01	5.74e-02	1.82e-03	2.85e-05	3.30e-07	0.00e+00	0.00e+00	0.00e+00	0.00e+00
 7.06587e+22	3.09e-04	8.06e-02	8.67e-01	5.06e-02	1.48e-03	2.19e-05	2.44e-07	0.00e+00	0.00e+00	0.00e+00	0.00e+00
 7.09526e+22	3.47e-04	8.54e-02	8.68e-01	4.53e-02	1.24e-03	1.75e-05	1.87e-07	0.00e+00	0.00e+00	0.00e+00	0.00e+00
 7.12085e+22	3.88e-04	9.02e-02	8.68e-01	4.04e-02	1.04e-03	1.39e-05	1.44e-07	0.00e+00	0.00e+00	0.00e+00	0.00e+00
 7.14978e+22	4.47e-04	9.64e-02	8.68e-01	3.48e-02	8.23e-04	1.03e-05	0.00e+00	0.00e+00	0.00e+00	0.00e+00	0.00e+00
 7.17964e+22	5.08e-04	1.02e-01	8.66e-01	3.02e-02	6.65e-04	7.80e-06	0.00e+00	0.00e+00	0.00e+00	0.00e+00	0.00e+00
 7.20597e+22	5.74e-04	1.08e-01	8.64e-01	2.62e-02	5.41e-04	5.92e-06	0.00e+00	0.00e+00	0.00e+00	0.00e+00	0.00e+00
 7.23546e+22	6.68e-04	1.16e-01	8.61e-01	2.18e-02	4.16e-04	4.15e-06	0.00e+00	0.00e+00	0.00e+00	0.00e+00	0.00e+00
 7.26701e+22	7.74e-04	1.24e-01	8.57e-01	1.79e-02	3.19e-04	2.87e-06	0.00e+00	0.00e+00	0.00e+00	0.00e+00	0.00e+00
 7.29514e+22	8.87e-04	1.31e-01	8.53e-01	1.48e-02	2.48e-04	2.01e-06	0.00e+00	0.00e+00	0.00e+00	0.00e+00	0.00e+00
 7.32099e+22	1.01e-03	1.38e-01	8.49e-01	1.22e-02	1.95e-04	1.41e-06	0.00e+00	0.00e+00	0.00e+00	0.00e+00	0.00e+00
 7.34552e+22	1.15e-03	1.45e-01	8.44e-01	1.01e-02	1.53e-04	9.81e-07	0.00e+00	0.00e+00	0.00e+00	0.00e+00	0.00e+00
 7.36150e+22	1.21e-03	1.48e-01	8.42e-01	9.06e-03	1.36e-04	8.10e-07	0.00e+00	0.00e+00	0.00e+00	0.00e+00	0.00e+00
 7.36795e+22	1.25e-03	1.50e-01	8.41e-01	8.60e-03	1.28e-04	7.35e-07	0.00e+00	0.00e+00	0.00e+00	0.00e+00	0.00e+00
 7.37287e+22	1.28e-03	1.51e-01	8.39e-01	8.23e-03	1.21e-04	6.78e-07	0.00e+00	0.00e+00	0.00e+00	0.00e+00	0.00e+00
 7.37867e+22	1.32e-03	1.53e-01	8.38e-01	7.81e-03	1.14e-04	6.16e-07	0.00e+00	0.00e+00	0.00e+00	0.00e+00	0.00e+00
 7.38574e+22	1.37e-03	1.55e-01	8.36e-01	7.32e-03	1.06e-04	5.46e-07	0.00e+00	0.00e+00	0.00e+00	0.00e+00	0.00e+00
 7.39298e+22	1.43e-03	1.57e-01	8.35e-01	6.86e-03	9.83e-05	4.85e-07	0.00e+00	0.00e+00	0.00e+00	0.00e+00	0.00e+00
 7.39960e+22	1.48e-03	1.59e-01	8.33e-01	6.45e-03	9.18e-05	4.33e-07	0.00e+00	0.00e+00	0.00e+00	0.00e+00	0.00e+00
 7.40578e+22	1.53e-03	1.61e-01	8.31e-01	6.10e-03	8.62e-05	3.91e-07	0.00e+00	0.00e+00	0.00e+00	0.00e+00	0.00e+00
 7.41202e+22	1.59e-03	1.63e-01	8.30e-01	5.74e-03	8.06e-05	3.49e-07	0.00e+00	0.00e+00	0.00e+00	0.00e+00	0.00e+00
 7.41828e+22	1.64e-03	1.65e-01	8.28e-01	5.40e-03	7.55e-05	3.12e-07	0.00e+00	0.00e+00	0.00e+00	0.00e+00	0.00e+00
 7.42428e+22	1.70e-03	1.67e-01	8.26e-01	5.10e-03	7.08e-05	2.81e-07	0.00e+00	0.00e+00	0.00e+00	0.00e+00	0.00e+00
 7.43018e+22	1.75e-03	1.68e-01	8.25e-01	4.81e-03	6.66e-05	2.53e-07	0.00e+00	0.00e+00	0.00e+00	0.00e+00	0.00e+00
 7.43624e+22	1.82e-03	1.71e-01	8.23e-01	4.52e-03	6.24e-05	2.25e-07	0.00e+00	0.00e+00	0.00e+00	0.00e+00	0.00e+00
 7.44221e+22	1.87e-03	1.72e-01	8.22e-01	4.26e-03	5.86e-05	2.02e-07	0.00e+00	0.00e+00	0.00e+00	0.00e+00	0.00e+00
 7.44800e+22	1.94e-03	1.74e-01	8.20e-01	4.01e-03	5.50e-05	1.81e-07	0.00e+00	0.00e+00	0.00e+00	0.00e+00	0.00e+00
 7.45365e+22	1.99e-03	1.76e-01	8.18e-01	3.79e-03	5.19e-05	1.63e-07	0.00e+00	0.00e+00	0.00e+00	0.00e+00	0.00e+00
 7.45928e+22	2.07e-03	1.78e-01	8.17e-01	3.57e-03	4.87e-05	1.46e-07	0.00e+00	0.00e+00	0.00e+00	0.00e+00	0.00e+00
 7.46493e+22	2.14e-03	1.80e-01	8.15e-01	3.36e-03	4.59e-05	1.31e-07	0.00e+00	0.00e+00	0.00e+00	0.00e+00	0.00e+00
 7.47035e+22	2.20e-03	1.81e-01	8.13e-01	3.18e-03	4.33e-05	0.00e+00	0.00e+00	0.00e+00	0.00e+00	0.00e+00	0.00e+00
 7.47580e+22	2.28e-03	1.83e-01	8.12e-01	3.00e-03	4.08e-05	0.00e+00	0.00e+00	0.00e+00	0.00e+00	0.00e+00	0.00e+00
 7.48125e+22	2.35e-03	1.85e-01	8.10e-01	2.83e-03	3.86e-05	0.00e+00	0.00e+00	0.00e+00	0.00e+00	0.00e+00	0.00e+00
 7.48673e+22	2.43e-03	1.86e-01	8.08e-01	2.67e-03	3.63e-05	0.00e+00	0.00e+00	0.00e+00	0.00e+00	0.00e+00	0.00e+00
 7.49216e+22	2.51e-03	1.88e-01	8.07e-01	2.52e-03	3.43e-05	0.00e+00	0.00e+00	0.00e+00	0.00e+00	0.00e+00	0.00e+00
 7.49739e+22	2.59e-03	1.90e-01	8.05e-01	2.38e-03	3.25e-05	0.00e+00	0.00e+00	0.00e+00	0.00e+00	0.00e+00	0.00e+00
 7.50260e+22	2.67e-03	1.91e-01	8.04e-01	2.25e-03	3.07e-05	0.00e+00	0.00e+00	0.00e+00	0.00e+00	0.00e+00	0.00e+00
 7.50786e+22	2.74e-03	1.92e-01	8.03e-01	2.13e-03	2.92e-05	0.00e+00	0.00e+00	0.00e+00	0.00e+00	0.00e+00	0.00e+00
 7.51346e+22	2.84e-03	1.94e-01	8.01e-01	2.00e-03	2.75e-05	0.00e+00	0.00e+00	0.00e+00	0.00e+00	0.00e+00	0.00e+00
 7.51907e+22	2.94e-03	1.96e-01	7.99e-01	1.88e-03	2.59e-05	0.00e+00	0.00e+00	0.00e+00	0.00e+00	0.00e+00	0.00e+00
 7.52411e+22	3.03e-03	1.98e-01	7.97e-01	1.78e-03	2.47e-05	0.00e+00	0.00e+00	0.00e+00	0.00e+00	0.00e+00	0.00e+00
 7.52905e+22	3.10e-03	1.99e-01	7.96e-01	1.70e-03	2.35e-05	0.00e+00	0.00e+00	0.00e+00	0.00e+00	0.00e+00	0.00e+00
 7.53463e+22	3.22e-03	2.01e-01	7.95e-01	1.60e-03	2.22e-05	0.00e+00	0.00e+00	0.00e+00	0.00e+00	0.00e+00	0.00e+00
 7.54043e+22	3.33e-03	2.02e-01	7.93e-01	1.50e-03	2.10e-05	0.00e+00	0.00e+00	0.00e+00	0.00e+00	0.00e+00	0.00e+00
 7.54567e+22	3.45e-03	2.04e-01	7.91e-01	1.42e-03	1.99e-05	0.00e+00	0.00e+00	0.00e+00	0.00e+00	0.00e+00	0.00e+00
 7.55056e+22	3.52e-03	2.05e-01	7.90e-01	1.35e-03	1.91e-05	0.00e+00	0.00e+00	0.00e+00	0.00e+00	0.00e+00	0.00e+00
 7.55606e+22	3.65e-03	2.07e-01	7.88e-01	1.27e-03	1.81e-05	0.00e+00	0.00e+00	0.00e+00	0.00e+00	0.00e+00	0.00e+00
 7.56200e+22	3.78e-03	2.08e-01	7.87e-01	1.20e-03	1.71e-05	0.00e+00	0.00e+00	0.00e+00	0.00e+00	0.00e+00	0.00e+00
 7.56744e+22	3.91e-03	2.10e-01	7.85e-01	1.14e-03	1.63e-05	0.00e+00	0.00e+00	0.00e+00	0.00e+00	0.00e+00	0.00e+00
 7.57258e+22	4.01e-03	2.11e-01	7.84e-01	1.08e-03	1.56e-05	0.00e+00	0.00e+00	0.00e+00	0.00e+00	0.00e+00	0.00e+00
 7.57814e+22	4.15e-03	2.13e-01	7.82e-01	1.02e-03	1.48e-05	0.00e+00	0.00e+00	0.00e+00	0.00e+00	0.00e+00	0.00e+00
