#depth	Si	Si+	Si+2	Si+3	Si+4	Si+5	Si+6	Si+7	Si+8	Si+9	Si+10	Si+11	Si+12	Si+13	Si+14
 4.62852e+21	0.00e+00	0.00e+00	0.00e+00	4.84e-31	2.86e-26	3.40e-22	1.36e-18	1.73e-15	9.67e-13	2.86e-10	7.23e-08	1.23e-05	2.79e-03	8.54e-02	9.12e-01
 1.02099e+22	0.00e+00	0.00e+00	4.27e-32	1.22e-27	3.32e-23	1.70e-19	2.94e-16	1.64e-13	4.04e-11	5.23e-09	5.66e-07	4.63e-05	7.71e-03	1.48e-01	8.44e-01
 1.15238e+22	0.00e+00	0.00e+00	1.29e-30	2.65e-26	5.39e-22	2.01e-18	2.52e-15	1.03e-12	1.87e-10	1.77e-08	1.38e-06	8.48e-05	1.16e-02	1.80e-01	8.08e-01
 1.20656e+22	0.00e+00	1.04e-34	7.21e-30	1.26e-25	2.21e-21	7.02e-18	7.52e-15	2.64e-12	4.11e-10	3.34e-08	2.21e-06	1.17e-04	1.44e-02	1.98e-01	7.88e-01
 1.22953e+22	0.00e+00	1.38e-34	9.24e-30	1.54e-25	3.23e-21	9.82e-18	1.01e-14	3.40e-12	5.07e-10	3.97e-08	2.51e-06	1.28e-04	1.52e-02	2.03e-01	7.82e-01
 1.24032e+22	0.00e+00	2.58e-34	1.64e-29	2.58e-25	5.16e-21	1.49e-17	1.45e-14	4.64e-12	6.60e-10	4.91e-08	2.94e-06	1.43e-04	1.63e-02	2.09e-01	7.75e-01
 1.25168e+22	0.00e+00	0.00e+00	2.74e-29	4.11e-25	7.86e-21	2.16e-17	2.01e-14	6.15e-12	8.35e-10	5.94e-08	3.39e-06	1.58e-04	1.74e-02	2.15e-01	7.68e-01
 1.26290e+22	0.00e+00	8.22e-34	4.75e-29	6.76e-25	1.24e-20	3.23e-17	2.85e-14	8.31e-12	1.08e-09	7.31e-08	3.95e-06	1.76e-04	1.86e-02	2.21e-01	7.60e-01
 1.27420e+22	0.00e+00	0.00e+00	8.00e-29	1.08e-24	1.89e-20	4.72e-17	3.97e-14	1.11e-11	1.37e-09	8.89e-08	4.57e-06	1.95e-04	1.98e-02	2.27e-01	7.53e-01
 1.28540e+22	0.00e+00	2.58e-33	1.36e-28	1.75e-24	2.92e-20	6.95e-17	5.57e-14	1.48e-11	1.75e-09	1.09e-07	5.31e-06	2.17e-04	2.11e-02	2.33e-01	7.45e-01
 1.29675e+22	0.00e+00	4.57e-33	2.30e-28	2.80e-24	4.50e-20	1.02e-16	7.78e-14	1.97e-11	2.24e-09	1.33e-07	6.16e-06	2.41e-04	2.25e-02	2.40e-01	7.37e-01
 1.30813e+22	0.00e+00	0.00e+00	3.89e-28	4.50e-24	6.91e-20	1.49e-16	1.09e-13	2.63e-11	2.86e-09	1.62e-07	7.15e-06	2.68e-04	2.41e-02	2.46e-01	7.29e-01
 1.31956e+22	0.00e+00	1.42e-32	6.52e-28	7.17e-24	1.06e-19	2.17e-16	1.51e-13	3.50e-11	3.63e-09	1.97e-07	8.29e-06	2.98e-04	2.56e-02	2.53e-01	7.21e-01
 1.33114e+22	0.00e+00	2.51e-32	1.10e-27	1.15e-23	1.62e-19	3.18e-16	2.10e-13	4.66e-11	4.63e-09	2.40e-07	9.62e-06	3.31e-04	2.74e-02	2.59e-01	7.13e-01
 1.34287e+22	0.00e+00	4.40e-32	1.84e-27	1.82e-23	2.47e-19	4.62e-16	2.92e-13	6.19e-11	5.90e-09	2.93e-07	1.12e-05	3.68e-04	2.92e-02	2.66e-01	7.04e-01
 1.35474e+22	0.00e+00	7.72e-32	3.08e-27	2.90e-23	3.76e-19	6.73e-16	4.06e-13	8.22e-11	7.50e-09	3.57e-07	1.30e-05	4.09e-04	3.11e-02	2.73e-01	6.95e-01
 1.36680e+22	0.00e+00	1.35e-31	5.15e-27	4.60e-23	5.73e-19	9.78e-16	5.63e-13	1.09e-10	9.55e-09	4.35e-07	1.50e-05	4.55e-04	3.32e-02	2.80e-01	6.86e-01
 1.37909e+22	0.00e+00	2.36e-31	8.61e-27	7.29e-23	8.72e-19	1.42e-15	7.81e-13	1.45e-10	1.22e-08	5.31e-07	1.75e-05	5.06e-04	3.54e-02	2.87e-01	6.77e-01
 1.39166e+22	0.00e+00	4.13e-31	1.44e-26	1.16e-22	1.33e-18	2.06e-15	1.08e-12	1.92e-10	1.55e-08	6.47e-07	2.03e-05	5.64e-04	3.77e-02	2.94e-01	6.68e-01
 1.40396e+22	0.00e+00	6.88e-31	2.29e-26	1.76e-22	1.94e-18	2.90e-15	1.46e-12	2.49e-10	1.93e-08	7.76e-07	2.32e-05	6.22e-04	4.00e-02	3.01e-01	6.59e-01
 1.41662e+22	0.00e+00	1.22e-30	3.87e-26	2.81e-22	2.98e-18	4.24e-15	2.04e-12	3.33e-10	2.47e-08	9.52e-07	2.71e-05	6.94e-04	4.27e-02	3.08e-01	6.48e-01
 1.42940e+22	0.00e+00	1.97e-30	6.04e-26	4.19e-22	4.29e-18	5.87e-15	2.71e-12	4.26e-10	3.05e-08	1.13e-06	3.09e-05	7.63e-04	4.52e-02	3.15e-01	6.39e-01
 1.44284e+22	0.00e+00	3.04e-30	8.86e-26	6.78e-22	6.65e-18	8.67e-15	3.81e-12	5.73e-10	3.94e-08	1.40e-06	3.63e-05	8.54e-04	4.83e-02	3.23e-01	6.28e-01
 1.45658e+22	0.00e+00	4.97e-30	1.39e-25	1.02e-21	9.61e-18	1.20e-14	5.09e-12	7.37e-10	4.88e-08	1.67e-06	4.15e-05	9.41e-04	5.12e-02	3.29e-01	6.19e-01
 1.47057e+22	0.00e+00	8.80e-30	2.35e-25	1.63e-21	1.48e-17	1.77e-14	7.12e-12	9.87e-10	6.27e-08	2.06e-06	4.85e-05	1.05e-03	5.47e-02	3.37e-01	6.07e-01
 1.48485e+22	0.00e+00	1.43e-29	3.68e-25	2.43e-21	2.13e-17	2.45e-14	9.49e-12	1.27e-09	7.77e-08	2.46e-06	5.54e-05	1.16e-03	5.79e-02	3.44e-01	5.97e-01
 1.49967e+22	0.00e+00	2.56e-29	6.28e-25	3.92e-21	3.30e-17	3.62e-14	1.34e-11	1.71e-09	1.00e-07	3.04e-06	6.51e-05	1.30e-03	6.19e-02	3.52e-01	5.85e-01
 1.51441e+22	0.00e+00	4.05e-29	9.56e-25	5.71e-21	4.65e-17	4.92e-14	1.75e-11	2.16e-09	1.23e-07	3.59e-06	7.39e-05	1.42e-03	6.53e-02	3.58e-01	5.75e-01
 1.52952e+22	0.00e+00	7.21e-29	1.63e-24	9.18e-21	7.19e-17	7.25e-14	2.47e-11	2.91e-09	1.59e-07	4.44e-06	8.67e-05	1.59e-03	6.98e-02	3.66e-01	5.63e-01
 1.54489e+22	0.00e+00	1.13e-28	2.47e-24	1.33e-20	1.01e-16	9.84e-14	3.22e-11	3.67e-09	1.94e-07	5.25e-06	9.84e-05	1.74e-03	7.36e-02	3.72e-01	5.53e-01
 1.56059e+22	0.00e+00	2.02e-28	4.19e-24	2.14e-20	1.56e-16	1.45e-13	4.53e-11	4.95e-09	2.51e-07	6.49e-06	1.15e-04	1.95e-03	7.86e-02	3.80e-01	5.40e-01
 1.57634e+22	0.00e+00	3.12e-28	6.25e-24	3.07e-20	2.17e-16	1.95e-13	5.88e-11	6.20e-09	3.05e-07	7.63e-06	1.30e-04	2.13e-03	8.27e-02	3.86e-01	5.29e-01
 1.59216e+22	0.00e+00	5.47e-28	1.05e-23	4.87e-20	3.31e-16	2.84e-13	8.21e-11	8.30e-09	3.91e-07	9.39e-06	1.53e-04	2.38e-03	8.81e-02	3.93e-01	5.16e-01
 1.60828e+22	0.00e+00	8.43e-28	1.56e-23	6.96e-20	4.60e-16	3.81e-13	1.06e-10	1.04e-08	4.75e-07	1.10e-05	1.72e-04	2.59e-03	9.26e-02	3.99e-01	5.06e-01
 1.62479e+22	0.00e+00	1.50e-27	2.65e-23	1.12e-19	7.09e-16	5.61e-13	1.50e-10	1.40e-08	6.15e-07	1.37e-05	2.03e-04	2.91e-03	9.88e-02	4.06e-01	4.92e-01
 1.64116e+22	0.00e+00	2.24e-27	3.84e-23	1.56e-19	9.63e-16	7.38e-13	1.90e-10	1.73e-08	7.38e-07	1.59e-05	2.27e-04	3.15e-03	1.03e-01	4.11e-01	4.82e-01
 1.65735e+22	0.00e+00	3.87e-27	6.37e-23	2.44e-19	1.46e-15	1.07e-12	2.64e-10	2.30e-08	9.44e-07	1.95e-05	2.65e-04	3.51e-03	1.10e-01	4.18e-01	4.69e-01
 1.67377e+22	0.00e+00	5.82e-27	9.27e-23	3.42e-19	1.98e-15	1.41e-12	3.37e-10	2.85e-08	1.13e-06	2.27e-05	2.97e-04	3.80e-03	1.15e-01	4.22e-01	4.58e-01
 1.69049e+22	0.00e+00	1.00e-26	1.53e-22	5.35e-19	2.99e-15	2.04e-12	4.67e-10	3.79e-08	1.45e-06	2.79e-05	3.46e-04	4.23e-03	1.22e-01	4.28e-01	4.45e-01
 1.70744e+22	0.00e+00	1.53e-26	2.26e-22	7.57e-19	4.12e-15	2.72e-12	6.01e-10	4.72e-08	1.76e-06	3.26e-05	3.90e-04	4.59e-03	1.28e-01	4.33e-01	4.34e-01
 1.72469e+22	0.00e+00	2.66e-26	3.75e-22	1.19e-18	6.25e-15	3.95e-12	8.37e-10	6.31e-08	2.25e-06	4.02e-05	4.55e-04	5.11e-03	1.36e-01	4.39e-01	4.20e-01
 1.74223e+22	0.00e+00	4.10e-26	5.60e-22	1.70e-18	8.69e-15	5.30e-12	1.09e-09	7.92e-08	2.75e-06	4.73e-05	5.15e-04	5.56e-03	1.42e-01	4.43e-01	4.09e-01
 1.76017e+22	0.00e+00	7.22e-26	9.42e-22	2.70e-18	1.33e-14	7.78e-12	1.52e-09	1.07e-07	3.55e-06	5.85e-05	6.04e-04	6.21e-03	1.51e-01	4.48e-01	3.94e-01
 1.77766e+22	0.00e+00	1.08e-25	1.37e-21	3.77e-18	1.81e-14	1.02e-11	1.94e-09	1.32e-07	4.26e-06	6.81e-05	6.76e-04	6.71e-03	1.58e-01	4.51e-01	3.84e-01
 1.79214e+22	0.00e+00	1.61e-25	1.97e-21	5.20e-18	2.44e-14	1.34e-11	2.46e-09	1.62e-07	5.10e-06	7.90e-05	7.56e-04	7.24e-03	1.64e-01	4.54e-01	3.74e-01
 1.80641e+22	0.00e+00	2.39e-25	2.83e-21	7.18e-18	3.28e-14	1.75e-11	3.12e-09	1.99e-07	6.11e-06	9.17e-05	8.44e-04	7.81e-03	1.71e-01	4.57e-01	3.63e-01
 1.82281e+22	0.00e+00	4.00e-25	4.53e-21	1.09e-17	4.83e-14	2.47e-11	4.24e-09	2.61e-07	7.71e-06	1.11e-04	9.75e-04	8.61e-03	1.80e-01	4.60e-01	3.50e-01
 1.83909e+22	0.00e+00	5.89e-25	6.47e-21	1.49e-17	6.47e-14	3.22e-11	5.35e-09	3.20e-07	9.20e-06	1.29e-04	1.09e-03	9.26e-03	1.87e-01	4.62e-01	3.40e-01
 1.85219e+22	0.00e+00	8.23e-25	8.79e-21	1.96e-17	8.32e-14	4.03e-11	6.54e-09	3.81e-07	1.07e-05	1.46e-04	1.19e-03	9.86e-03	1.93e-01	4.64e-01	3.31e-01
 1.86359e+22	0.00e+00	1.11e-24	1.16e-20	2.50e-17	1.04e-13	4.94e-11	7.83e-09	4.46e-07	1.23e-05	1.64e-04	1.30e-03	1.04e-02	1.99e-01	4.65e-01	3.24e-01
 1.87412e+22	0.00e+00	1.48e-24	1.50e-20	3.14e-17	1.29e-13	5.98e-11	9.27e-09	5.18e-07	1.40e-05	1.82e-04	1.40e-03	1.10e-02	2.05e-01	4.66e-01	3.17e-01
 1.88613e+22	0.00e+00	2.20e-24	2.16e-20	4.32e-17	1.73e-13	7.80e-11	1.18e-08	6.38e-07	1.68e-05	2.12e-04	1.57e-03	1.18e-02	2.13e-01	4.67e-01	3.06e-01
 1.89784e+22	0.00e+00	2.88e-24	2.75e-20	5.36e-17	2.11e-13	9.34e-11	1.38e-08	7.34e-07	1.89e-05	2.34e-04	1.69e-03	1.24e-02	2.18e-01	4.68e-01	3.00e-01
 1.90915e+22	0.00e+00	4.19e-24	3.87e-20	7.22e-17	2.79e-13	1.20e-10	1.72e-08	8.92e-07	2.25e-05	2.69e-04	1.88e-03	1.33e-02	2.26e-01	4.68e-01	2.90e-01
 1.92018e+22	0.00e+00	5.39e-24	4.87e-20	8.83e-17	3.36e-13	1.42e-10	2.00e-08	1.02e-06	2.52e-05	2.96e-04	2.01e-03	1.40e-02	2.31e-01	4.69e-01	2.84e-01
 1.93084e+22	0.00e+00	7.62e-24	6.66e-20	1.16e-16	4.34e-13	1.79e-10	2.46e-08	1.22e-06	2.95e-05	3.38e-04	2.21e-03	1.49e-02	2.38e-01	4.69e-01	2.75e-01
 1.94133e+22	0.00e+00	9.79e-24	8.36e-20	1.42e-16	5.23e-13	2.12e-10	2.86e-08	1.39e-06	3.31e-05	3.71e-04	2.37e-03	1.55e-02	2.44e-01	4.68e-01	2.69e-01
 1.95159e+22	0.00e+00	1.40e-23	1.15e-19	1.87e-16	6.79e-13	2.68e-10	3.53e-08	1.68e-06	3.89e-05	4.25e-04	2.62e-03	1.66e-02	2.52e-01	4.68e-01	2.61e-01
 1.96163e+22	0.00e+00	1.77e-23	1.43e-19	2.26e-16	8.08e-13	3.14e-10	4.07e-08	1.90e-06	4.34e-05	4.64e-04	2.80e-03	1.73e-02	2.57e-01	4.67e-01	2.55e-01
 1.97135e+22	0.00e+00	2.45e-23	1.92e-19	2.91e-16	1.02e-12	3.90e-10	4.93e-08	2.25e-06	5.03e-05	5.25e-04	3.06e-03	1.83e-02	2.64e-01	4.67e-01	2.47e-01
 1.98135e+22	0.00e+00	3.21e-23	2.44e-19	3.59e-16	1.25e-12	4.66e-10	5.78e-08	2.59e-06	5.69e-05	5.81e-04	3.30e-03	1.92e-02	2.70e-01	4.66e-01	2.41e-01
 1.98986e+22	0.00e+00	4.09e-23	3.03e-19	4.32e-16	1.49e-12	5.47e-10	6.68e-08	2.94e-06	6.36e-05	6.37e-04	3.52e-03	2.01e-02	2.76e-01	4.65e-01	2.35e-01
 1.99908e+22	0.00e+00	5.62e-23	4.03e-19	5.52e-16	1.87e-12	6.75e-10	8.06e-08	3.47e-06	7.35e-05	7.18e-04	3.85e-03	2.12e-02	2.83e-01	4.63e-01	2.28e-01
 2.00824e+22	0.00e+00	7.13e-23	4.99e-19	6.63e-16	2.22e-12	7.90e-10	9.29e-08	3.93e-06	8.20e-05	7.86e-04	4.11e-03	2.21e-02	2.89e-01	4.62e-01	2.22e-01
 2.01730e+22	0.00e+00	9.89e-23	6.67e-19	8.49e-16	2.81e-12	9.79e-10	1.13e-07	4.67e-06	9.54e-05	8.90e-04	4.50e-03	2.34e-02	2.97e-01	4.60e-01	2.15e-01
 2.02625e+22	0.00e+00	1.24e-22	8.15e-19	1.01e-15	3.31e-12	1.14e-09	1.29e-07	5.25e-06	1.06e-04	9.69e-04	4.79e-03	2.44e-02	3.02e-01	4.58e-01	2.09e-01
 2.03507e+22	0.00e+00	1.72e-22	1.09e-18	1.29e-15	4.19e-12	1.41e-09	1.57e-07	6.25e-06	1.23e-04	1.10e-03	5.24e-03	2.58e-02	3.10e-01	4.56e-01	2.02e-01
 2.04384e+22	1.29e-35	2.16e-22	1.34e-18	1.53e-15	4.93e-12	1.64e-09	1.79e-07	7.04e-06	1.37e-04	1.20e-03	5.58e-03	2.68e-02	3.15e-01	4.54e-01	1.97e-01
 2.05255e+22	1.95e-35	3.02e-22	1.79e-18	1.96e-15	6.24e-12	2.04e-09	2.19e-07	8.39e-06	1.60e-04	1.36e-03	6.12e-03	2.84e-02	3.23e-01	4.51e-01	1.90e-01
 2.06129e+22	2.64e-35	3.82e-22	2.21e-18	2.34e-15	7.39e-12	2.38e-09	2.52e-07	9.51e-06	1.78e-04	1.49e-03	6.53e-03	2.95e-02	3.29e-01	4.49e-01	1.84e-01
 2.07009e+22	4.01e-35	5.32e-22	2.95e-18	2.98e-15	9.33e-12	2.96e-09	3.07e-07	1.13e-05	2.08e-04	1.69e-03	7.16e-03	3.12e-02	3.37e-01	4.45e-01	1.77e-01
 2.07879e+22	5.47e-35	6.81e-22	3.66e-18	3.57e-15	1.11e-11	3.48e-09	3.56e-07	1.29e-05	2.33e-04	1.86e-03	7.67e-03	3.26e-02	3.43e-01	4.42e-01	1.72e-01
 2.08735e+22	8.31e-35	9.45e-22	4.87e-18	4.52e-15	1.40e-11	4.31e-09	4.33e-07	1.54e-05	2.72e-04	2.11e-03	8.40e-03	3.44e-02	3.51e-01	4.38e-01	1.65e-01
 2.09599e+22	1.15e-34	1.22e-21	6.10e-18	5.44e-15	1.68e-11	5.11e-09	5.06e-07	1.77e-05	3.07e-04	2.33e-03	9.02e-03	3.59e-02	3.58e-01	4.35e-01	1.60e-01
 2.10474e+22	1.79e-34	1.73e-21	8.20e-18	6.94e-15	2.13e-11	6.40e-09	6.22e-07	2.12e-05	3.61e-04	2.66e-03	9.93e-03	3.80e-02	3.66e-01	4.30e-01	1.53e-01
 2.11319e+22	2.43e-34	2.20e-21	1.01e-17	8.24e-15	2.52e-11	7.50e-09	7.20e-07	2.42e-05	4.05e-04	2.92e-03	1.06e-02	3.96e-02	3.72e-01	4.26e-01	1.48e-01
 2.12124e+22	3.67e-34	3.03e-21	1.33e-17	1.03e-14	3.15e-11	9.27e-09	8.76e-07	2.88e-05	4.72e-04	3.31e-03	1.16e-02	4.18e-02	3.80e-01	4.21e-01	1.42e-01
 2.12934e+22	5.05e-34	3.89e-21	1.65e-17	1.23e-14	3.74e-11	1.09e-08	1.02e-06	3.29e-05	5.31e-04	3.65e-03	1.24e-02	4.35e-02	3.86e-01	4.17e-01	1.37e-01
 2.13749e+22	7.74e-34	5.44e-21	2.19e-17	1.54e-14	4.71e-11	1.36e-08	1.25e-06	3.95e-05	6.24e-04	4.16e-03	1.37e-02	4.59e-02	3.94e-01	4.11e-01	1.30e-01
 2.14564e+22	1.04e-33	6.88e-21	2.68e-17	1.81e-14	5.55e-11	1.59e-08	1.45e-06	4.49e-05	6.97e-04	4.55e-03	1.46e-02	4.77e-02	3.99e-01	4.07e-01	1.26e-01
 2.15380e+22	1.57e-33	9.45e-21	3.51e-17	2.24e-14	6.92e-11	1.97e-08	1.76e-06	5.35e-05	8.13e-04	5.15e-03	1.59e-02	5.02e-02	4.07e-01	4.01e-01	1.20e-01
 2.16227e+22	2.19e-33	1.23e-20	4.39e-17	2.68e-14	8.30e-11	2.34e-08	2.07e-06	6.19e-05	9.22e-04	5.71e-03	1.72e-02	5.24e-02	4.13e-01	3.96e-01	1.15e-01
 2.16988e+22	3.04e-33	1.59e-20	5.45e-17	3.18e-14	9.90e-11	2.78e-08	2.43e-06	7.13e-05	1.04e-03	6.31e-03	1.84e-02	5.45e-02	4.19e-01	3.90e-01	1.11e-01
 2.17826e+22	4.54e-33	2.17e-20	7.10e-17	3.91e-14	1.23e-10	3.43e-08	2.96e-06	8.49e-05	1.21e-03	7.14e-03	2.01e-02	5.73e-02	4.26e-01	3.83e-01	1.05e-01
 2.18673e+22	6.29e-33	2.81e-20	8.79e-17	4.62e-14	1.47e-10	4.07e-08	3.48e-06	9.79e-05	1.37e-03	7.89e-03	2.16e-02	5.96e-02	4.31e-01	3.78e-01	1.01e-01
 2.19521e+22	9.30e-33	3.81e-20	1.14e-16	5.64e-14	1.81e-10	5.01e-08	4.22e-06	1.16e-04	1.60e-03	8.89e-03	2.35e-02	6.26e-02	4.37e-01	3.70e-01	9.56e-02
 2.20385e+22	1.30e-32	4.94e-20	1.41e-16	6.67e-14	2.17e-10	5.97e-08	4.98e-06	1.35e-04	1.81e-03	9.84e-03	2.53e-02	6.51e-02	4.43e-01	3.64e-01	9.13e-02
 2.21246e+22	1.89e-32	6.63e-20	1.80e-16	8.05e-14	2.65e-10	7.29e-08	6.01e-06	1.59e-04	2.09e-03	1.10e-02	2.74e-02	6.81e-02	4.48e-01	3.56e-01	8.65e-02
 2.22121e+22	2.62e-32	8.59e-20	2.23e-16	9.49e-14	3.17e-10	8.69e-08	7.10e-06	1.84e-04	2.37e-03	1.22e-02	2.94e-02	7.08e-02	4.53e-01	3.49e-01	8.24e-02
 2.23004e+22	3.78e-32	1.14e-19	2.82e-16	1.14e-13	3.87e-10	1.06e-07	8.54e-06	2.17e-04	2.73e-03	1.37e-02	3.19e-02	7.39e-02	4.58e-01	3.42e-01	7.79e-02
 2.23882e+22	5.15e-32	1.46e-19	3.45e-16	1.32e-13	4.57e-10	1.25e-07	9.99e-06	2.49e-04	3.07e-03	1.50e-02	3.41e-02	7.66e-02	4.62e-01	3.35e-01	7.42e-02
 2.24777e+22	7.37e-32	1.93e-19	4.35e-16	1.58e-13	5.56e-10	1.51e-07	1.20e-05	2.93e-04	3.52e-03	1.67e-02	3.68e-02	7.99e-02	4.66e-01	3.26e-01	7.00e-02
 2.25688e+22	9.98e-32	2.45e-19	5.29e-16	1.83e-13	6.56e-10	1.79e-07	1.40e-05	3.36e-04	3.96e-03	1.84e-02	3.92e-02	8.27e-02	4.70e-01	3.19e-01	6.66e-02
 2.26623e+22	1.42e-31	3.24e-19	6.65e-16	2.18e-13	7.95e-10	2.16e-07	1.68e-05	3.95e-04	4.53e-03	2.05e-02	4.23e-02	8.60e-02	4.73e-01	3.11e-01	6.26e-02
 2.27582e+22	1.93e-31	4.12e-19	8.09e-16	2.52e-13	9.38e-10	2.55e-07	1.96e-05	4.53e-04	5.09e-03	2.24e-02	4.51e-02	8.89e-02	4.76e-01	3.03e-01	5.93e-02
 2.28569e+22	2.73e-31	5.42e-19	1.01e-15	2.99e-13	1.14e-09	3.09e-07	2.35e-05	5.31e-04	5.82e-03	2.49e-02	4.85e-02	9.23e-02	4.78e-01	2.94e-01	5.57e-02
 2.29585e+22	3.69e-31	6.89e-19	1.23e-15	3.46e-13	1.34e-09	3.64e-07	2.75e-05	6.10e-04	6.52e-03	2.73e-02	5.16e-02	9.53e-02	4.80e-01	2.86e-01	5.26e-02
 2.30639e+22	5.23e-31	9.10e-19	1.55e-15	4.10e-13	1.62e-09	4.41e-07	3.29e-05	7.16e-04	7.46e-03	3.03e-02	5.55e-02	9.89e-02	4.81e-01	2.77e-01	4.91e-02
 2.31723e+22	7.06e-31	1.15e-18	1.88e-15	4.75e-13	1.91e-09	5.19e-07	3.85e-05	8.21e-04	8.35e-03	3.31e-02	5.90e-02	1.02e-01	4.82e-01	2.69e-01	4.62e-02
 2.32849e+22	9.99e-31	1.53e-18	2.36e-15	5.64e-13	2.32e-09	6.28e-07	4.60e-05	9.62e-04	9.52e-03	3.66e-02	6.32e-02	1.05e-01	4.82e-01	2.59e-01	4.30e-02
 2.34008e+22	1.34e-30	1.93e-18	2.87e-15	6.53e-13	2.73e-09	7.39e-07	5.36e-05	1.10e-03	1.06e-02	3.99e-02	6.69e-02	1.08e-01	4.82e-01	2.51e-01	4.04e-02
 2.35235e+22	1.93e-30	2.59e-18	3.65e-15	7.82e-13	3.33e-09	9.01e-07	6.47e-05	1.30e-03	1.22e-02	4.43e-02	7.18e-02	1.12e-01	4.80e-01	2.41e-01	3.73e-02
 2.36470e+22	2.56e-30	3.25e-18	4.40e-15	9.01e-13	3.89e-09	1.05e-06	7.48e-05	1.47e-03	1.35e-02	4.80e-02	7.57e-02	1.15e-01	4.79e-01	2.33e-01	3.49e-02
 2.37729e+22	3.65e-30	4.33e-18	5.58e-15	1.08e-12	4.72e-09	1.28e-06	8.97e-05	1.73e-03	1.54e-02	5.30e-02	8.09e-02	1.18e-01	4.76e-01	2.23e-01	3.21e-02
 2.39017e+22	4.84e-30	5.44e-18	6.73e-15	1.24e-12	5.51e-09	1.49e-06	1.04e-04	1.96e-03	1.70e-02	5.73e-02	8.51e-02	1.21e-01	4.73e-01	2.14e-01	3.00e-02
 2.40132e+22	6.25e-30	6.70e-18	7.99e-15	1.42e-12	6.34e-09	1.71e-06	1.18e-04	2.20e-03	1.87e-02	6.14e-02	8.90e-02	1.23e-01	4.70e-01	2.07e-01	2.82e-02
 2.41369e+22	8.65e-30	8.73e-18	9.95e-15	1.67e-12	7.56e-09	2.03e-06	1.39e-04	2.54e-03	2.10e-02	6.70e-02	9.41e-02	1.26e-01	4.65e-01	1.98e-01	2.60e-02
 2.42622e+22	1.11e-29	1.07e-17	1.18e-14	1.90e-12	8.67e-09	2.32e-06	1.58e-04	2.84e-03	2.29e-02	7.16e-02	9.82e-02	1.28e-01	4.61e-01	1.90e-01	2.43e-02
 2.43895e+22	1.54e-29	1.40e-17	1.47e-14	2.25e-12	1.03e-08	2.76e-06	1.85e-04	3.27e-03	2.57e-02	7.79e-02	1.03e-01	1.31e-01	4.55e-01	1.81e-01	2.23e-02
 2.45186e+22	1.97e-29	1.71e-17	1.74e-14	2.56e-12	1.18e-08	3.14e-06	2.09e-04	3.64e-03	2.79e-02	8.29e-02	1.08e-01	1.33e-01	4.50e-01	1.74e-01	2.08e-02
 2.46321e+22	2.51e-29	2.09e-17	2.06e-14	2.91e-12	1.34e-08	3.57e-06	2.36e-04	4.04e-03	3.04e-02	8.81e-02	1.12e-01	1.34e-01	4.45e-01	1.67e-01	1.95e-02
 2.47617e+22	3.43e-29	2.70e-17	2.54e-14	3.42e-12	1.58e-08	4.20e-06	2.74e-04	4.61e-03	3.37e-02	9.51e-02	1.17e-01	1.36e-01	4.37e-01	1.58e-01	1.78e-02
 2.48914e+22	4.32e-29	3.27e-17	2.99e-14	3.88e-12	1.79e-08	4.73e-06	3.07e-04	5.08e-03	3.63e-02	1.00e-01	1.21e-01	1.38e-01	4.31e-01	1.52e-01	1.67e-02
 2.50210e+22	5.86e-29	4.21e-17	3.68e-14	4.54e-12	2.09e-08	5.52e-06	3.55e-04	5.77e-03	4.01e-02	1.08e-01	1.26e-01	1.39e-01	4.22e-01	1.44e-01	1.52e-02
 2.51520e+22	7.35e-29	5.09e-17	4.32e-14	5.15e-12	2.36e-08	6.21e-06	3.95e-04	6.34e-03	4.31e-02	1.14e-01	1.29e-01	1.40e-01	4.15e-01	1.38e-01	1.42e-02
 2.52845e+22	9.93e-29	6.53e-17	5.32e-14	6.05e-12	2.75e-08	7.22e-06	4.55e-04	7.17e-03	4.74e-02	1.22e-01	1.34e-01	1.41e-01	4.05e-01	1.30e-01	1.29e-02
 2.54195e+22	1.25e-28	7.92e-17	6.27e-14	6.87e-12	3.11e-08	8.11e-06	5.07e-04	7.87e-03	5.09e-02	1.28e-01	1.38e-01	1.42e-01	3.98e-01	1.24e-01	1.20e-02
 2.55576e+22	1.69e-28	1.02e-16	7.75e-14	8.10e-12	3.62e-08	9.42e-06	5.83e-04	8.88e-03	5.58e-02	1.36e-01	1.42e-01	1.42e-01	3.87e-01	1.16e-01	1.08e-02
 2.56982e+22	2.13e-28	1.24e-16	9.15e-14	9.24e-12	4.09e-08	1.06e-05	6.48e-04	9.74e-03	5.98e-02	1.43e-01	1.46e-01	1.43e-01	3.78e-01	1.10e-01	1.00e-02
 2.58213e+22	2.67e-28	1.50e-16	1.07e-13	1.05e-11	4.59e-08	1.18e-05	7.18e-04	1.06e-02	6.39e-02	1.49e-01	1.49e-01	1.43e-01	3.69e-01	1.05e-01	9.29e-03
 2.59605e+22	3.57e-28	1.92e-16	1.32e-13	1.23e-11	5.31e-08	1.36e-05	8.18e-04	1.19e-02	6.95e-02	1.58e-01	1.53e-01	1.42e-01	3.58e-01	9.82e-02	8.38e-03
 2.60994e+22	4.40e-28	2.30e-16	1.54e-13	1.40e-11	5.94e-08	1.51e-05	8.99e-04	1.29e-02	7.37e-02	1.64e-01	1.56e-01	1.42e-01	3.49e-01	9.35e-02	7.79e-03
 2.62378e+22	5.85e-28	2.92e-16	1.89e-13	1.63e-11	6.83e-08	1.73e-05	1.02e-03	1.44e-02	7.98e-02	1.73e-01	1.59e-01	1.41e-01	3.37e-01	8.71e-02	7.01e-03
 2.63781e+22	7.24e-28	3.50e-16	2.21e-13	1.85e-11	7.64e-08	1.92e-05	1.12e-03	1.55e-02	8.44e-02	1.79e-01	1.62e-01	1.40e-01	3.28e-01	8.27e-02	6.49e-03
 2.65209e+22	9.56e-28	4.43e-16	2.71e-13	2.18e-11	8.78e-08	2.19e-05	1.26e-03	1.72e-02	9.09e-02	1.88e-01	1.65e-01	1.39e-01	3.16e-01	7.70e-02	5.84e-03
 2.66685e+22	1.20e-27	5.38e-16	3.20e-13	2.49e-11	9.87e-08	2.44e-05	1.39e-03	1.87e-02	9.64e-02	1.95e-01	1.67e-01	1.38e-01	3.06e-01	7.26e-02	5.36e-03
 2.68223e+22	1.61e-27	6.91e-16	3.97e-13	2.96e-11	1.14e-07	2.80e-05	1.58e-03	2.07e-02	1.04e-01	2.04e-01	1.69e-01	1.36e-01	2.93e-01	6.69e-02	4.77e-03
 2.69786e+22	2.03e-27	8.39e-16	4.70e-13	3.39e-11	1.29e-07	3.13e-05	1.74e-03	2.25e-02	1.10e-01	2.11e-01	1.71e-01	1.35e-01	2.83e-01	6.29e-02	4.36e-03
 2.71380e+22	2.73e-27	1.08e-15	5.84e-13	4.03e-11	1.49e-07	3.58e-05	1.96e-03	2.49e-02	1.18e-01	2.20e-01	1.72e-01	1.32e-01	2.69e-01	5.78e-02	3.86e-03
 2.73028e+22	3.48e-27	1.32e-15	7.00e-13	4.67e-11	1.69e-07	4.01e-05	2.17e-03	2.70e-02	1.25e-01	2.27e-01	1.73e-01	1.30e-01	2.59e-01	5.39e-02	3.50e-03
 2.74747e+22	4.74e-27	1.72e-15	8.79e-13	5.61e-11	1.96e-07	4.62e-05	2.45e-03	2.99e-02	1.34e-01	2.36e-01	1.74e-01	1.27e-01	2.45e-01	4.90e-02	3.07e-03
 2.76521e+22	6.12e-27	2.14e-15	1.06e-12	6.56e-11	2.24e-07	5.19e-05	2.72e-03	3.25e-02	1.41e-01	2.43e-01	1.75e-01	1.24e-01	2.34e-01	4.54e-02	2.75e-03
 2.78367e+22	8.50e-27	2.82e-15	1.35e-12	7.97e-11	2.63e-07	6.01e-05	3.09e-03	3.61e-02	1.52e-01	2.51e-01	1.75e-01	1.21e-01	2.19e-01	4.09e-02	2.38e-03
 2.80218e+22	1.09e-26	3.49e-15	1.63e-12	9.28e-11	2.98e-07	6.73e-05	3.41e-03	3.90e-02	1.60e-01	2.58e-01	1.74e-01	1.18e-01	2.08e-01	3.77e-02	2.13e-03
 2.82075e+22	1.50e-26	4.58e-15	2.07e-12	1.12e-10	3.48e-07	7.74e-05	3.85e-03	4.31e-02	1.70e-01	2.66e-01	1.73e-01	1.14e-01	1.95e-01	3.38e-02	1.84e-03
 2.84014e+22	1.97e-26	5.75e-15	2.53e-12	1.33e-10	3.98e-07	8.73e-05	4.27e-03	4.67e-02	1.79e-01	2.72e-01	1.72e-01	1.10e-01	1.84e-01	3.08e-02	1.62e-03
 2.86058e+22	2.81e-26	7.78e-15	3.28e-12	1.63e-10	4.70e-07	1.01e-04	4.87e-03	5.19e-02	1.91e-01	2.79e-01	1.70e-01	1.05e-01	1.69e-01	2.71e-02	1.36e-03
 2.88102e+22	3.64e-26	9.70e-15	3.99e-12	1.91e-10	5.35e-07	1.14e-04	5.36e-03	5.60e-02	2.00e-01	2.84e-01	1.68e-01	1.02e-01	1.59e-01	2.47e-02	1.20e-03
 2.90145e+22	5.16e-26	1.31e-14	5.15e-12	2.34e-10	6.28e-07	1.31e-04	6.08e-03	6.19e-02	2.12e-01	2.90e-01	1.65e-01	9.66e-02	1.46e-01	2.16e-02	1.00e-03
 2.92217e+22	6.75e-26	1.65e-14	6.30e-12	2.75e-10	7.13e-07	1.47e-04	6.69e-03	6.67e-02	2.22e-01	2.94e-01	1.62e-01	9.27e-02	1.36e-01	1.94e-02	8.70e-04
 2.93965e+22	8.60e-26	2.03e-14	7.54e-12	3.18e-10	7.98e-07	1.62e-04	7.29e-03	7.14e-02	2.30e-01	2.97e-01	1.59e-01	8.91e-02	1.27e-01	1.76e-02	7.63e-04
 2.95871e+22	1.18e-25	2.68e-14	9.54e-12	3.82e-10	9.19e-07	1.84e-04	8.14e-03	7.79e-02	2.41e-01	3.01e-01	1.55e-01	8.43e-02	1.16e-01	1.54e-02	6.39e-04
 2.97771e+22	1.50e-25	3.29e-14	1.14e-11	4.40e-10	1.02e-06	2.03e-04	8.83e-03	8.30e-02	2.50e-01	3.03e-01	1.52e-01	8.08e-02	1.08e-01	1.39e-02	5.59e-04
 2.99661e+22	2.05e-25	4.34e-14	1.43e-11	5.26e-10	1.17e-06	2.29e-04	9.81e-03	9.02e-02	2.61e-01	3.04e-01	1.47e-01	7.61e-02	9.83e-02	1.21e-02	4.64e-04
 3.01566e+22	2.62e-25	5.37e-14	1.72e-11	6.06e-10	1.30e-06	2.52e-04	1.06e-02	9.60e-02	2.69e-01	3.05e-01	1.44e-01	7.26e-02	9.12e-02	1.08e-02	4.02e-04
 3.03490e+22	3.60e-25	7.16e-14	2.17e-11	7.26e-10	1.49e-06	2.83e-04	1.18e-02	1.04e-01	2.80e-01	3.06e-01	1.38e-01	6.79e-02	8.21e-02	9.29e-03	3.30e-04
 3.05425e+22	4.56e-25	8.91e-14	2.61e-11	8.36e-10	1.65e-06	3.11e-04	1.28e-02	1.11e-01	2.88e-01	3.05e-01	1.34e-01	6.44e-02	7.56e-02	8.26e-03	2.83e-04
 3.07374e+22	6.25e-25	1.20e-13	3.31e-11	1.00e-09	1.88e-06	3.50e-04	1.41e-02	1.20e-01	2.99e-01	3.04e-01	1.28e-01	5.99e-02	6.75e-02	7.03e-03	2.30e-04
 3.09348e+22	7.99e-25	1.51e-13	4.00e-11	1.16e-09	2.09e-06	3.83e-04	1.53e-02	1.28e-01	3.07e-01	3.02e-01	1.23e-01	5.65e-02	6.16e-02	6.17e-03	1.94e-04
 3.11353e+22	1.10e-24	2.06e-13	5.14e-11	1.40e-09	2.38e-06	4.32e-04	1.70e-02	1.39e-01	3.17e-01	2.99e-01	1.16e-01	5.21e-02	5.44e-02	5.17e-03	1.54e-04
 3.13378e+22	1.41e-24	2.63e-13	6.26e-11	1.63e-09	2.65e-06	4.74e-04	1.84e-02	1.47e-01	3.25e-01	2.95e-01	1.11e-01	4.87e-02	4.92e-02	4.49e-03	1.29e-04
 3.15423e+22	1.95e-24	3.65e-13	8.11e-11	1.99e-09	3.04e-06	5.34e-04	2.04e-02	1.60e-01	3.34e-01	2.90e-01	1.04e-01	4.46e-02	4.29e-02	3.71e-03	1.01e-04
 3.17364e+22	2.42e-24	4.56e-13	9.68e-11	2.28e-09	3.35e-06	5.80e-04	2.18e-02	1.68e-01	3.40e-01	2.85e-01	9.97e-02	4.19e-02	3.90e-02	3.25e-03	8.53e-05
 3.19174e+22	3.23e-24	6.17e-13	1.23e-10	2.73e-09	3.79e-06	6.46e-04	2.39e-02	1.81e-01	3.47e-01	2.79e-01	9.34e-02	3.84e-02	3.43e-02	2.72e-03	6.78e-05
 3.21022e+22	4.06e-24	7.88e-13	1.49e-10	3.17e-09	4.20e-06	7.05e-04	2.57e-02	1.91e-01	3.52e-01	2.73e-01	8.84e-02	3.58e-02	3.08e-02	2.35e-03	5.63e-05
 3.22831e+22	5.31e-24	1.07e-12	1.88e-10	3.81e-09	4.77e-06	7.83e-04	2.80e-02	2.04e-01	3.57e-01	2.65e-01	8.24e-02	3.28e-02	2.70e-02	1.96e-03	4.47e-05
 3.24682e+22	6.71e-24	1.39e-12	2.32e-10	4.50e-09	5.35e-06	8.61e-04	3.03e-02	2.16e-01	3.61e-01	2.58e-01	7.73e-02	3.03e-02	2.40e-02	1.66e-03	3.64e-05
 3.26457e+22	8.57e-24	1.86e-12	2.90e-10	5.37e-09	6.06e-06	9.52e-04	3.28e-02	2.29e-01	3.65e-01	2.50e-01	7.19e-02	2.77e-02	2.11e-02	1.40e-03	2.92e-05
 3.28251e+22	1.09e-23	2.46e-12	3.62e-10	6.42e-09	6.86e-06	1.05e-03	3.55e-02	2.43e-01	3.68e-01	2.41e-01	6.68e-02	2.54e-02	1.86e-02	1.17e-03	2.35e-05
 3.30006e+22	1.37e-23	3.27e-12	4.51e-10	7.67e-09	7.78e-06	1.16e-03	3.83e-02	2.57e-01	3.69e-01	2.32e-01	6.20e-02	2.33e-02	1.63e-02	9.87e-04	1.89e-05
 3.31734e+22	1.73e-23	4.32e-12	5.62e-10	9.19e-09	8.84e-06	1.28e-03	4.13e-02	2.71e-01	3.70e-01	2.23e-01	5.73e-02	2.13e-02	1.43e-02	8.29e-04	1.52e-05
 3.33444e+22	2.17e-23	5.73e-12	7.01e-10	1.10e-08	1.01e-05	1.42e-03	4.45e-02	2.85e-01	3.70e-01	2.13e-01	5.29e-02	1.94e-02	1.25e-02	6.95e-04	1.22e-05
 3.35146e+22	2.73e-23	7.58e-12	8.75e-10	1.33e-08	1.15e-05	1.57e-03	4.80e-02	2.99e-01	3.69e-01	2.04e-01	4.87e-02	1.77e-02	1.10e-02	5.81e-04	9.77e-06
 3.36845e+22	3.42e-23	1.00e-11	1.09e-09	1.60e-08	1.32e-05	1.74e-03	5.16e-02	3.14e-01	3.68e-01	1.94e-01	4.48e-02	1.61e-02	9.57e-03	4.85e-04	7.81e-06
 3.38547e+22	4.29e-23	1.33e-11	1.37e-09	1.94e-08	1.51e-05	1.93e-03	5.55e-02	3.28e-01	3.65e-01	1.85e-01	4.10e-02	1.46e-02	8.33e-03	4.04e-04	6.23e-06
 3.40261e+22	5.42e-23	1.76e-11	1.71e-09	2.35e-08	1.74e-05	2.14e-03	5.97e-02	3.43e-01	3.61e-01	1.75e-01	3.75e-02	1.32e-02	7.23e-03	3.36e-04	4.96e-06
 3.41996e+22	6.86e-23	2.34e-11	2.15e-09	2.87e-08	2.00e-05	2.37e-03	6.42e-02	3.58e-01	3.57e-01	1.65e-01	3.41e-02	1.19e-02	6.25e-03	2.78e-04	3.93e-06
 3.43756e+22	8.72e-23	3.12e-11	2.71e-09	3.50e-08	2.32e-05	2.63e-03	6.90e-02	3.73e-01	3.52e-01	1.56e-01	3.09e-02	1.07e-02	5.39e-03	2.29e-04	3.10e-06
 3.45548e+22	1.11e-22	4.15e-11	3.41e-09	4.29e-08	2.68e-05	2.93e-03	7.41e-02	3.88e-01	3.46e-01	1.46e-01	2.80e-02	9.62e-03	4.63e-03	1.88e-04	2.43e-06
 3.47347e+22	1.42e-22	5.48e-11	4.29e-09	5.25e-08	3.11e-05	3.25e-03	7.94e-02	4.03e-01	3.39e-01	1.37e-01	2.53e-02	8.63e-03	3.98e-03	1.55e-04	1.91e-06
 3.49187e+22	1.64e-22	7.32e-11	5.43e-09	6.47e-08	3.62e-05	3.62e-03	8.52e-02	4.17e-01	3.32e-01	1.28e-01	2.27e-02	7.68e-03	3.39e-03	1.26e-04	1.49e-06
 3.51042e+22	2.11e-22	9.61e-11	6.81e-09	7.91e-08	4.18e-05	4.01e-03	9.10e-02	4.31e-01	3.24e-01	1.20e-01	2.05e-02	6.85e-03	2.90e-03	1.03e-04	1.17e-06
 3.52947e+22	2.78e-22	1.29e-10	8.68e-09	9.84e-08	4.90e-05	4.48e-03	9.76e-02	4.45e-01	3.15e-01	1.11e-01	1.83e-02	6.05e-03	2.45e-03	8.29e-05	8.95e-07
 3.54736e+22	3.48e-22	1.62e-10	1.05e-08	1.17e-07	5.54e-05	4.88e-03	1.03e-01	4.56e-01	3.07e-01	1.05e-01	1.67e-02	5.48e-03	2.14e-03	6.98e-05	7.26e-07
 3.56556e+22	4.66e-22	2.17e-10	1.34e-08	1.46e-07	6.51e-05	5.45e-03	1.10e-01	4.69e-01	2.97e-01	9.65e-02	1.48e-02	4.80e-03	1.79e-03	5.56e-05	5.51e-07
 3.58397e+22	5.85e-22	2.70e-10	1.61e-08	1.72e-07	7.34e-05	5.92e-03	1.16e-01	4.78e-01	2.90e-01	9.07e-02	1.35e-02	4.34e-03	1.57e-03	4.69e-05	4.48e-07
 3.60265e+22	7.90e-22	3.60e-10	2.06e-08	2.15e-07	8.62e-05	6.60e-03	1.24e-01	4.90e-01	2.79e-01	8.33e-02	1.19e-02	3.79e-03	1.31e-03	3.72e-05	3.39e-07
 3.62179e+22	1.00e-21	4.48e-10	2.49e-08	2.56e-07	9.75e-05	7.18e-03	1.30e-01	4.99e-01	2.71e-01	7.80e-02	1.08e-02	3.41e-03	1.13e-03	3.11e-05	2.73e-07
 3.64152e+22	1.38e-21	6.00e-10	3.20e-08	3.21e-07	1.15e-04	8.01e-03	1.39e-01	5.09e-01	2.59e-01	7.12e-02	9.46e-03	2.95e-03	9.37e-04	2.44e-05	2.04e-07
 3.66152e+22	1.76e-21	7.46e-10	3.87e-08	3.82e-07	1.30e-04	8.70e-03	1.46e-01	5.16e-01	2.51e-01	6.65e-02	8.56e-03	2.64e-03	8.11e-04	2.03e-05	1.63e-07
 3.68188e+22	2.42e-21	9.91e-10	4.95e-08	4.79e-07	1.53e-04	9.69e-03	1.55e-01	5.25e-01	2.39e-01	6.05e-02	7.48e-03	2.28e-03	6.67e-04	1.59e-05	1.21e-07
 3.70241e+22	3.09e-21	1.22e-09	5.97e-08	5.68e-07	1.73e-04	1.05e-02	1.62e-01	5.31e-01	2.31e-01	5.63e-02	6.76e-03	2.03e-03	5.76e-04	1.32e-05	0.00e+00
 3.72317e+22	4.25e-21	1.62e-09	7.61e-08	7.12e-07	2.03e-04	1.17e-02	1.72e-01	5.38e-01	2.19e-01	5.11e-02	5.89e-03	1.75e-03	4.73e-04	1.03e-05	0.00e+00
 3.74416e+22	5.44e-21	1.99e-09	9.16e-08	8.43e-07	2.30e-04	1.26e-02	1.79e-01	5.42e-01	2.11e-01	4.75e-02	5.31e-03	1.56e-03	4.07e-04	8.51e-06	0.00e+00
 3.76546e+22	7.50e-21	2.61e-09	1.17e-07	1.06e-06	2.69e-04	1.40e-02	1.90e-01	5.47e-01	2.00e-01	4.30e-02	4.62e-03	1.33e-03	3.33e-04	6.61e-06	0.00e+00
 3.78711e+22	9.63e-21	3.22e-09	1.41e-07	1.25e-06	3.05e-04	1.52e-02	1.98e-01	5.50e-01	1.91e-01	3.98e-02	4.15e-03	1.18e-03	2.85e-04	5.44e-06	0.00e+00
 3.80921e+22	1.33e-20	4.22e-09	1.80e-07	1.57e-06	3.58e-04	1.68e-02	2.09e-01	5.53e-01	1.80e-01	3.59e-02	3.60e-03	1.01e-03	2.32e-04	4.20e-06	0.00e+00
 3.83175e+22	1.72e-20	5.21e-09	2.17e-07	1.88e-06	4.06e-04	1.82e-02	2.17e-01	5.55e-01	1.72e-01	3.31e-02	3.22e-03	8.90e-04	1.97e-04	3.43e-06	0.00e+00
 3.85485e+22	2.39e-20	6.85e-09	2.79e-07	2.37e-06	4.78e-04	2.02e-02	2.29e-01	5.56e-01	1.62e-01	2.97e-02	2.77e-03	7.53e-04	1.59e-04	2.62e-06	0.00e+00
 3.87847e+22	3.11e-20	8.48e-09	3.39e-07	2.84e-06	5.43e-04	2.19e-02	2.38e-01	5.55e-01	1.54e-01	2.72e-02	2.47e-03	6.60e-04	1.35e-04	2.13e-06	0.00e+00
 3.89837e+22	3.91e-20	1.02e-08	4.03e-07	3.33e-06	6.08e-04	2.35e-02	2.46e-01	5.55e-01	1.47e-01	2.52e-02	2.22e-03	5.87e-04	1.16e-04	1.76e-06	0.00e+00
 3.91987e+22	5.26e-20	1.30e-08	5.04e-07	4.10e-06	7.04e-04	2.58e-02	2.57e-01	5.53e-01	1.38e-01	2.28e-02	1.94e-03	5.04e-04	9.54e-05	1.38e-06	0.00e+00
 3.94160e+22	6.62e-20	1.57e-08	5.99e-07	4.82e-06	7.88e-04	2.77e-02	2.66e-01	5.51e-01	1.31e-01	2.11e-02	1.74e-03	4.47e-04	8.19e-05	1.14e-06	0.00e+00
 3.96065e+22	8.30e-20	1.89e-08	7.10e-07	5.65e-06	8.81e-04	2.96e-02	2.74e-01	5.49e-01	1.25e-01	1.95e-02	1.57e-03	3.97e-04	7.04e-05	9.42e-07	0.00e+00
 3.98242e+22	1.11e-19	2.39e-08	8.86e-07	6.95e-06	1.02e-03	3.24e-02	2.85e-01	5.45e-01	1.17e-01	1.76e-02	1.37e-03	3.40e-04	5.77e-05	7.35e-07	0.00e+00
 4.00407e+22	1.38e-19	2.84e-08	1.04e-06	8.05e-06	1.13e-03	3.45e-02	2.93e-01	5.41e-01	1.12e-01	1.64e-02	1.24e-03	3.04e-04	5.02e-05	6.17e-07	0.00e+00
 4.02556e+22	1.83e-19	3.57e-08	1.29e-06	9.90e-06	1.30e-03	3.76e-02	3.04e-01	5.36e-01	1.05e-01	1.47e-02	1.08e-03	2.60e-04	4.11e-05	4.81e-07	0.00e+00
 4.04714e+22	2.27e-19	4.23e-08	1.52e-06	1.15e-05	1.44e-03	4.00e-02	3.12e-01	5.32e-01	9.98e-02	1.37e-02	9.75e-04	2.32e-04	3.57e-05	4.02e-07	0.00e+00
 4.06883e+22	2.99e-19	5.31e-08	1.88e-06	1.40e-05	1.66e-03	4.35e-02	3.23e-01	5.25e-01	9.31e-02	1.23e-02	8.49e-04	1.98e-04	2.93e-05	3.14e-07	0.00e+00
 4.09090e+22	3.73e-19	6.31e-08	2.21e-06	1.63e-05	1.84e-03	4.63e-02	3.31e-01	5.20e-01	8.84e-02	1.14e-02	7.66e-04	1.76e-04	2.52e-05	2.61e-07	0.00e+00
 4.11344e+22	4.95e-19	7.94e-08	2.75e-06	2.01e-05	2.12e-03	5.03e-02	3.42e-01	5.12e-01	8.22e-02	1.02e-02	6.63e-04	1.50e-04	2.06e-05	2.02e-07	0.00e+00
 4.13633e+22	6.20e-19	9.47e-08	3.25e-06	2.34e-05	2.36e-03	5.36e-02	3.51e-01	5.05e-01	7.78e-02	9.44e-03	5.96e-04	1.33e-04	1.77e-05	1.67e-07	0.00e+00
 4.15965e+22	8.26e-19	1.19e-07	4.06e-06	2.89e-05	2.72e-03	5.83e-02	3.62e-01	4.96e-01	7.20e-02	8.44e-03	5.14e-04	1.12e-04	1.43e-05	1.29e-07	0.00e+00
 4.18340e+22	1.04e-18	1.43e-07	4.82e-06	3.38e-05	3.03e-03	6.21e-02	3.70e-01	4.88e-01	6.79e-02	7.75e-03	4.60e-04	9.91e-05	1.22e-05	0.00e+00	0.00e+00
 4.20772e+22	1.40e-18	1.82e-07	6.06e-06	4.21e-05	3.52e-03	6.76e-02	3.81e-01	4.78e-01	6.25e-02	6.89e-03	3.94e-04	8.33e-05	9.82e-06	0.00e+00	0.00e+00
 4.23258e+22	1.78e-18	2.19e-07	7.25e-06	4.95e-05	3.93e-03	7.21e-02	3.90e-01	4.69e-01	5.87e-02	6.31e-03	3.51e-04	7.29e-05	8.31e-06	0.00e+00	0.00e+00
 4.25814e+22	2.41e-18	2.80e-07	9.18e-06	6.20e-05	4.58e-03	7.86e-02	4.01e-01	4.56e-01	5.37e-02	5.57e-03	2.98e-04	6.08e-05	6.61e-06	0.00e+00	0.00e+00
 4.28401e+22	3.08e-18	3.38e-07	1.10e-05	7.32e-05	5.12e-03	8.37e-02	4.09e-01	4.47e-01	5.03e-02	5.08e-03	2.64e-04	5.30e-05	5.57e-06	0.00e+00	0.00e+00
 4.31027e+22	4.20e-18	4.33e-07	1.40e-05	9.19e-05	5.96e-03	9.11e-02	4.19e-01	4.33e-01	4.58e-02	4.47e-03	2.24e-04	4.40e-05	4.41e-06	0.00e+00	0.00e+00
 4.33685e+22	5.38e-18	5.24e-07	1.68e-05	1.09e-04	6.68e-03	9.70e-02	4.27e-01	4.23e-01	4.27e-02	4.07e-03	1.97e-04	3.82e-05	3.70e-06	0.00e+00	0.00e+00
 4.35959e+22	6.76e-18	6.28e-07	2.00e-05	1.28e-04	7.44e-03	1.03e-01	4.33e-01	4.12e-01	3.98e-02	3.70e-03	1.75e-04	3.33e-05	3.12e-06	0.00e+00	0.00e+00
 4.38492e+22	9.07e-18	7.90e-07	2.49e-05	1.58e-04	8.55e-03	1.11e-01	4.42e-01	3.99e-01	3.63e-02	3.28e-03	1.49e-04	2.79e-05	2.50e-06	0.00e+00	0.00e+00
 4.41051e+22	1.15e-17	9.50e-07	2.98e-05	1.86e-04	9.55e-03	1.18e-01	4.48e-01	3.88e-01	3.38e-02	2.98e-03	1.32e-04	2.42e-05	2.09e-06	0.00e+00	0.00e+00
 4.43644e+22	1.51e-17	1.19e-06	3.71e-05	2.29e-04	1.09e-02	1.27e-01	4.55e-01	3.74e-01	3.08e-02	2.64e-03	1.13e-04	2.03e-05	1.68e-06	0.00e+00	0.00e+00
 4.46156e+22	1.88e-17	1.42e-06	4.38e-05	2.66e-04	1.21e-02	1.34e-01	4.60e-01	3.63e-01	2.87e-02	2.41e-03	9.99e-05	1.78e-05	1.42e-06	0.00e+00	0.00e+00
 4.48233e+22	2.32e-17	1.67e-06	5.13e-05	3.10e-04	1.33e-02	1.41e-01	4.64e-01	3.53e-01	2.67e-02	2.20e-03	8.89e-05	1.56e-05	1.21e-06	0.00e+00	0.00e+00
 4.50602e+22	3.03e-17	2.05e-06	6.26e-05	3.72e-04	1.51e-02	1.50e-01	4.69e-01	3.40e-01	2.45e-02	1.96e-03	7.69e-05	1.33e-05	9.87e-07	0.00e+00	0.00e+00
 4.53048e+22	3.81e-17	2.45e-06	7.42e-05	4.36e-04	1.67e-02	1.58e-01	4.72e-01	3.28e-01	2.26e-02	1.78e-03	6.77e-05	1.15e-05	8.28e-07	0.00e+00	0.00e+00
 4.55249e+22	4.74e-17	2.91e-06	8.75e-05	5.09e-04	1.85e-02	1.66e-01	4.75e-01	3.17e-01	2.10e-02	1.62e-03	5.98e-05	1.00e-05	6.96e-07	0.00e+00	0.00e+00
 4.57764e+22	6.33e-17	3.61e-06	1.08e-04	6.16e-04	2.09e-02	1.76e-01	4.78e-01	3.03e-01	1.90e-02	1.43e-03	5.12e-05	8.43e-06	5.61e-07	0.00e+00	0.00e+00
 4.60358e+22	8.11e-17	4.35e-06	1.29e-04	7.28e-04	2.32e-02	1.86e-01	4.80e-01	2.91e-01	1.74e-02	1.29e-03	4.46e-05	7.22e-06	4.63e-07	0.00e+00	0.00e+00
 4.62671e+22	1.01e-16	5.18e-06	1.52e-04	8.53e-04	2.57e-02	1.95e-01	4.81e-01	2.80e-01	1.60e-02	1.16e-03	3.90e-05	6.24e-06	3.86e-07	0.00e+00	0.00e+00
 4.65290e+22	1.37e-16	6.46e-06	1.88e-04	1.04e-03	2.91e-02	2.07e-01	4.81e-01	2.66e-01	1.45e-02	1.02e-03	3.31e-05	5.20e-06	3.08e-07	0.00e+00	0.00e+00
 4.68019e+22	1.79e-16	7.85e-06	2.26e-04	1.23e-03	3.25e-02	2.18e-01	4.81e-01	2.53e-01	1.31e-02	9.08e-04	2.85e-05	4.40e-06	2.51e-07	0.00e+00	0.00e+00
 4.70479e+22	2.28e-16	9.42e-06	2.69e-04	1.45e-03	3.60e-02	2.29e-01	4.80e-01	2.41e-01	1.20e-02	8.13e-04	2.47e-05	3.76e-06	2.06e-07	0.00e+00	0.00e+00
 4.73265e+22	3.13e-16	1.19e-05	3.35e-04	1.78e-03	4.09e-02	2.42e-01	4.77e-01	2.27e-01	1.06e-02	7.06e-04	2.06e-05	3.09e-06	1.61e-07	0.00e+00	0.00e+00
 4.76128e+22	4.14e-16	1.45e-05	4.04e-04	2.12e-03	4.56e-02	2.54e-01	4.74e-01	2.14e-01	9.56e-03	6.23e-04	1.76e-05	2.59e-06	1.30e-07	0.00e+00	0.00e+00
 4.78674e+22	5.36e-16	1.74e-05	4.83e-04	2.49e-03	5.05e-02	2.65e-01	4.70e-01	2.03e-01	8.64e-03	5.53e-04	1.51e-05	2.19e-06	0.00e+00	0.00e+00	0.00e+00
 4.81567e+22	7.47e-16	2.21e-05	6.03e-04	3.06e-03	5.73e-02	2.79e-01	4.63e-01	1.89e-01	7.59e-03	4.75e-04	1.25e-05	1.77e-06	0.00e+00	0.00e+00	0.00e+00
 4.84555e+22	1.02e-15	2.71e-05	7.30e-04	3.66e-03	6.38e-02	2.92e-01	4.56e-01	1.76e-01	6.75e-03	4.14e-04	1.05e-05	1.47e-06	0.00e+00	0.00e+00	0.00e+00
 4.87194e+22	1.33e-15	3.27e-05	8.70e-04	4.31e-03	7.04e-02	3.03e-01	4.49e-01	1.66e-01	6.05e-03	3.65e-04	8.93e-06	1.23e-06	0.00e+00	0.00e+00	0.00e+00
 4.90152e+22	1.89e-15	4.14e-05	1.09e-03	5.28e-03	7.96e-02	3.17e-01	4.39e-01	1.52e-01	5.25e-03	3.10e-04	7.28e-06	9.85e-07	0.00e+00	0.00e+00	0.00e+00
 4.93176e+22	2.63e-15	5.05e-05	1.31e-03	6.27e-03	8.81e-02	3.29e-01	4.29e-01	1.41e-01	4.64e-03	2.69e-04	6.08e-06	8.11e-07	0.00e+00	0.00e+00	0.00e+00
 4.95863e+22	3.51e-15	6.12e-05	1.56e-03	7.38e-03	9.69e-02	3.40e-01	4.19e-01	1.31e-01	4.11e-03	2.35e-04	5.12e-06	6.72e-07	0.00e+00	0.00e+00	0.00e+00
 4.98934e+22	5.16e-15	7.78e-05	1.94e-03	9.04e-03	1.09e-01	3.52e-01	4.05e-01	1.19e-01	3.51e-03	1.97e-04	4.10e-06	5.28e-07	0.00e+00	0.00e+00	0.00e+00
 5.02069e+22	7.63e-15	9.52e-05	2.33e-03	1.07e-02	1.20e-01	3.63e-01	3.92e-01	1.09e-01	3.06e-03	1.68e-04	3.38e-06	4.28e-07	0.00e+00	0.00e+00	0.00e+00
 5.04856e+22	1.04e-14	1.15e-04	2.78e-03	1.26e-02	1.32e-01	3.72e-01	3.78e-01	9.99e-02	2.67e-03	1.45e-04	2.80e-06	3.50e-07	0.00e+00	0.00e+00	0.00e+00
 5.08046e+22	1.59e-14	1.47e-04	3.47e-03	1.54e-02	1.47e-01	3.82e-01	3.60e-01	8.91e-02	2.25e-03	1.19e-04	2.20e-06	2.69e-07	0.00e+00	0.00e+00	0.00e+00
 5.11304e+22	2.59e-14	1.80e-04	4.16e-03	1.82e-02	1.62e-01	3.89e-01	3.44e-01	8.04e-02	1.93e-03	1.00e-04	1.78e-06	2.14e-07	0.00e+00	0.00e+00	0.00e+00
 5.14087e+22	3.62e-14	2.16e-04	4.88e-03	2.11e-02	1.75e-01	3.95e-01	3.29e-01	7.31e-02	1.67e-03	8.60e-05	1.47e-06	1.75e-07	0.00e+00	0.00e+00	0.00e+00
 5.17143e+22	5.71e-14	2.71e-04	5.96e-03	2.53e-02	1.92e-01	4.00e-01	3.10e-01	6.46e-02	1.40e-03	7.06e-05	1.15e-06	1.34e-07	0.00e+00	0.00e+00	0.00e+00
 5.20264e+22	9.05e-14	3.27e-04	7.02e-03	2.94e-02	2.08e-01	4.03e-01	2.93e-01	5.79e-02	1.20e-03	5.94e-05	9.35e-07	0.00e+00	0.00e+00	0.00e+00	0.00e+00
 5.23046e+22	1.48e-13	3.92e-04	8.21e-03	3.38e-02	2.23e-01	4.05e-01	2.77e-01	5.19e-02	1.02e-03	5.01e-05	7.59e-07	0.00e+00	0.00e+00	0.00e+00	0.00e+00
 5.26238e+22	2.77e-13	4.92e-04	1.00e-02	4.04e-02	2.43e-01	4.04e-01	2.56e-01	4.48e-02	8.36e-04	4.02e-05	5.81e-07	0.00e+00	0.00e+00	0.00e+00	0.00e+00
 5.29369e+22	5.29e-13	5.84e-04	1.16e-02	4.61e-02	2.59e-01	4.03e-01	2.40e-01	3.98e-02	7.11e-04	3.37e-05	4.69e-07	0.00e+00	0.00e+00	0.00e+00	0.00e+00
 5.32016e+22	9.46e-13	6.90e-04	1.33e-02	5.22e-02	2.75e-01	3.99e-01	2.24e-01	3.54e-02	6.05e-04	2.82e-05	3.79e-07	0.00e+00	0.00e+00	0.00e+00	0.00e+00
 5.35052e+22	2.30e-12	8.48e-04	1.58e-02	6.08e-02	2.94e-01	3.93e-01	2.05e-01	3.04e-02	4.93e-04	2.26e-05	2.91e-07	0.00e+00	0.00e+00	0.00e+00	0.00e+00
 5.38158e+22	5.83e-12	1.01e-03	1.82e-02	6.88e-02	3.10e-01	3.86e-01	1.89e-01	2.66e-02	4.13e-04	1.86e-05	2.31e-07	0.00e+00	0.00e+00	0.00e+00	0.00e+00
 5.40643e+22	1.54e-11	1.15e-03	2.03e-02	7.56e-02	3.22e-01	3.80e-01	1.77e-01	2.38e-02	3.58e-04	1.60e-05	1.92e-07	0.00e+00	0.00e+00	0.00e+00	0.00e+00
 5.43160e+22	5.05e-11	1.35e-03	2.32e-02	8.50e-02	3.37e-01	3.71e-01	1.62e-01	2.07e-02	2.98e-04	1.31e-05	1.51e-07	0.00e+00	0.00e+00	0.00e+00	0.00e+00
 5.45720e+22	1.40e-10	1.55e-03	2.58e-02	9.31e-02	3.48e-01	3.62e-01	1.50e-01	1.84e-02	2.55e-04	1.11e-05	1.24e-07	0.00e+00	0.00e+00	0.00e+00	0.00e+00
 5.48337e+22	6.24e-10	1.82e-03	2.94e-02	1.04e-01	3.62e-01	3.50e-01	1.36e-01	1.57e-02	2.10e-04	8.96e-06	0.00e+00	0.00e+00	0.00e+00	0.00e+00	0.00e+00
 5.50982e+22	1.90e-09	2.08e-03	3.26e-02	1.14e-01	3.73e-01	3.40e-01	1.25e-01	1.38e-02	1.78e-04	7.50e-06	0.00e+00	0.00e+00	0.00e+00	0.00e+00	0.00e+00
 5.53311e+22	5.70e-09	2.37e-03	3.59e-02	1.24e-01	3.82e-01	3.29e-01	1.15e-01	1.21e-02	1.51e-04	6.27e-06	0.00e+00	0.00e+00	0.00e+00	0.00e+00	0.00e+00
 5.55985e+22	1.05e-08	2.78e-03	4.06e-02	1.37e-01	3.93e-01	3.13e-01	1.02e-01	1.02e-02	1.22e-04	4.97e-06	0.00e+00	0.00e+00	0.00e+00	0.00e+00	0.00e+00
 5.58682e+22	1.49e-08	3.15e-03	4.47e-02	1.48e-01	4.01e-01	3.01e-01	9.30e-02	8.88e-03	1.02e-04	4.12e-06	0.00e+00	0.00e+00	0.00e+00	0.00e+00	0.00e+00
 5.61408e+22	1.99e-08	3.70e-03	5.03e-02	1.63e-01	4.09e-01	2.84e-01	8.18e-02	7.37e-03	8.14e-05	3.22e-06	0.00e+00	0.00e+00	0.00e+00	0.00e+00	0.00e+00
 5.64150e+22	2.52e-08	4.18e-03	5.50e-02	1.75e-01	4.14e-01	2.71e-01	7.38e-02	6.36e-03	6.79e-05	2.65e-06	0.00e+00	0.00e+00	0.00e+00	0.00e+00	0.00e+00
 5.66912e+22	3.31e-08	4.87e-03	6.14e-02	1.92e-01	4.19e-01	2.53e-01	6.44e-02	5.23e-03	5.36e-05	2.05e-06	0.00e+00	0.00e+00	0.00e+00	0.00e+00	0.00e+00
 5.69729e+22	4.22e-08	5.51e-03	6.70e-02	2.05e-01	4.21e-01	2.39e-01	5.74e-02	4.44e-03	4.40e-05	1.66e-06	0.00e+00	0.00e+00	0.00e+00	0.00e+00	0.00e+00
 5.72619e+22	5.57e-08	6.42e-03	7.45e-02	2.23e-01	4.23e-01	2.21e-01	4.92e-02	3.59e-03	3.41e-05	1.25e-06	0.00e+00	0.00e+00	0.00e+00	0.00e+00	0.00e+00
 5.75545e+22	7.11e-08	7.25e-03	8.11e-02	2.37e-01	4.22e-01	2.07e-01	4.34e-02	3.01e-03	2.76e-05	1.00e-06	0.00e+00	0.00e+00	0.00e+00	0.00e+00	0.00e+00
 5.78519e+22	9.61e-08	8.46e-03	8.98e-02	2.55e-01	4.19e-01	1.88e-01	3.66e-02	2.38e-03	2.10e-05	7.43e-07	0.00e+00	0.00e+00	0.00e+00	0.00e+00	0.00e+00
 5.81510e+22	1.19e-07	9.51e-03	9.70e-02	2.69e-01	4.15e-01	1.75e-01	3.20e-02	1.98e-03	1.69e-05	5.87e-07	0.00e+00	0.00e+00	0.00e+00	0.00e+00	0.00e+00
 5.84521e+22	1.60e-07	1.10e-02	1.07e-01	2.88e-01	4.09e-01	1.58e-01	2.68e-02	1.56e-03	1.28e-05	4.33e-07	0.00e+00	0.00e+00	0.00e+00	0.00e+00	0.00e+00
 5.87625e+22	2.03e-07	1.24e-02	1.15e-01	3.03e-01	4.02e-01	1.44e-01	2.29e-02	1.27e-03	1.00e-05	3.33e-07	0.00e+00	0.00e+00	0.00e+00	0.00e+00	0.00e+00
 5.90851e+22	2.77e-07	1.44e-02	1.26e-01	3.21e-01	3.91e-01	1.28e-01	1.87e-02	9.68e-04	7.34e-06	2.37e-07	0.00e+00	0.00e+00	0.00e+00	0.00e+00	0.00e+00
 5.94132e+22	3.58e-07	1.62e-02	1.35e-01	3.35e-01	3.81e-01	1.16e-01	1.59e-02	7.78e-04	5.71e-06	1.80e-07	0.00e+00	0.00e+00	0.00e+00	0.00e+00	0.00e+00
 5.96726e+22	4.46e-07	1.77e-02	1.42e-01	3.46e-01	3.72e-01	1.07e-01	1.39e-02	6.55e-04	4.68e-06	1.45e-07	0.00e+00	0.00e+00	0.00e+00	0.00e+00	0.00e+00
