#depth	He	He+	He+2
 4.62852e+21	3.49e-13	6.98e-07	1.00e+00
 1.02099e+22	1.82e-12	1.43e-06	1.00e+00
 1.15238e+22	3.56e-12	1.89e-06	1.00e+00
 1.20656e+22	5.05e-12	2.18e-06	1.00e+00
 1.22953e+22	5.55e-12	2.26e-06	1.00e+00
 1.24032e+22	6.23e-12	2.37e-06	1.00e+00
 1.25168e+22	6.93e-12	2.47e-06	1.00e+00
 1.26290e+22	7.77e-12	2.59e-06	1.00e+00
 1.27420e+22	8.65e-12	2.71e-06	1.00e+00
 1.28540e+22	9.66e-12	2.83e-06	1.00e+00
 1.29675e+22	1.08e-11	2.96e-06	1.00e+00
 1.30813e+22	1.20e-11	3.10e-06	1.00e+00
 1.31956e+22	1.34e-11	3.24e-06	1.00e+00
 1.33114e+22	1.49e-11	3.39e-06	1.00e+00
 1.34287e+22	1.66e-11	3.54e-06	1.00e+00
 1.35474e+22	1.85e-11	3.71e-06	1.00e+00
 1.36680e+22	2.06e-11	3.88e-06	1.00e+00
 1.37909e+22	2.29e-11	4.06e-06	1.00e+00
 1.39166e+22	2.54e-11	4.25e-06	1.00e+00
 1.40396e+22	2.80e-11	4.43e-06	1.00e+00
 1.41662e+22	2.59e-11	4.64e-06	1.00e+00
 1.42940e+22	2.86e-11	4.83e-06	1.00e+00
 1.44284e+22	3.21e-11	5.07e-06	1.00e+00
 1.45658e+22	3.55e-11	5.29e-06	1.00e+00
 1.47057e+22	3.98e-11	5.55e-06	1.00e+00
 1.48485e+22	4.39e-11	5.78e-06	1.00e+00
 1.49967e+22	4.93e-11	6.07e-06	1.00e+00
 1.51441e+22	5.40e-11	6.31e-06	1.00e+00
 1.52952e+22	6.05e-11	6.63e-06	1.00e+00
 1.54489e+22	6.62e-11	6.89e-06	1.00e+00
 1.56059e+22	7.41e-11	7.23e-06	1.00e+00
 1.57634e+22	8.07e-11	7.51e-06	1.00e+00
 1.59216e+22	9.01e-11	7.88e-06	1.00e+00
 1.60828e+22	9.80e-11	8.18e-06	1.00e+00
 1.62479e+22	1.10e-10	8.60e-06	1.00e+00
 1.64116e+22	1.18e-10	8.91e-06	1.00e+00
 1.65735e+22	1.32e-10	9.35e-06	1.00e+00
 1.67377e+22	1.42e-10	9.69e-06	1.00e+00
 1.69049e+22	1.58e-10	1.02e-05	1.00e+00
 1.70744e+22	1.71e-10	1.06e-05	1.00e+00
 1.72469e+22	1.91e-10	1.11e-05	1.00e+00
 1.74223e+22	2.08e-10	1.15e-05	1.00e+00
 1.76017e+22	2.32e-10	1.22e-05	1.00e+00
 1.77766e+22	2.51e-10	1.26e-05	1.00e+00
 1.79214e+22	2.71e-10	1.31e-05	1.00e+00
 1.80641e+22	2.93e-10	1.36e-05	1.00e+00
 1.82281e+22	3.24e-10	1.43e-05	1.00e+00
 1.83909e+22	3.50e-10	1.48e-05	1.00e+00
 1.85219e+22	3.75e-10	1.53e-05	1.00e+00
 1.86359e+22	3.97e-10	1.58e-05	1.00e+00
 1.87412e+22	4.20e-10	1.62e-05	1.00e+00
 1.88613e+22	4.57e-10	1.69e-05	1.00e+00
 1.89784e+22	4.82e-10	1.74e-05	1.00e+00
 1.90915e+22	5.22e-10	1.81e-05	1.00e+00
 1.92018e+22	5.50e-10	1.85e-05	1.00e+00
 1.93084e+22	5.92e-10	1.92e-05	1.00e+00
 1.94133e+22	6.24e-10	1.97e-05	1.00e+00
 1.95159e+22	6.76e-10	2.05e-05	1.00e+00
 1.96163e+22	7.11e-10	2.11e-05	1.00e+00
 1.97135e+22	7.63e-10	2.19e-05	1.00e+00
 1.98135e+22	8.10e-10	2.25e-05	1.00e+00
 1.98986e+22	8.56e-10	2.32e-05	1.00e+00
 1.99908e+22	9.20e-10	2.41e-05	1.00e+00
 2.00824e+22	9.71e-10	2.48e-05	1.00e+00
 2.01730e+22	1.05e-09	2.58e-05	1.00e+00
 2.02625e+22	1.10e-09	2.65e-05	1.00e+00
 2.03507e+22	1.20e-09	2.76e-05	1.00e+00
 2.04384e+22	1.26e-09	2.84e-05	1.00e+00
 2.05255e+22	1.37e-09	2.97e-05	1.00e+00
 2.06129e+22	1.45e-09	3.06e-05	1.00e+00
 2.07009e+22	1.57e-09	3.20e-05	1.00e+00
 2.07879e+22	1.67e-09	3.31e-05	1.00e+00
 2.08735e+22	1.82e-09	3.46e-05	1.00e+00
 2.09599e+22	1.95e-09	3.59e-05	1.00e+00
 2.10474e+22	2.13e-09	3.78e-05	1.00e+00
 2.11319e+22	2.27e-09	3.91e-05	1.00e+00
 2.12124e+22	2.47e-09	4.11e-05	1.00e+00
 2.12934e+22	2.64e-09	4.27e-05	1.00e+00
 2.13749e+22	2.90e-09	4.50e-05	1.00e+00
 2.14564e+22	3.09e-09	4.66e-05	1.00e+00
 2.15380e+22	3.37e-09	4.90e-05	1.00e+00
 2.16227e+22	3.62e-09	5.12e-05	1.00e+00
 2.16988e+22	3.89e-09	5.33e-05	1.00e+00
 2.17826e+22	4.24e-09	5.62e-05	1.00e+00
 2.18673e+22	4.56e-09	5.86e-05	1.00e+00
 2.19521e+22	4.97e-09	6.18e-05	1.00e+00
 2.20385e+22	5.34e-09	6.46e-05	1.00e+00
 2.21246e+22	5.81e-09	6.80e-05	1.00e+00
 2.22121e+22	6.25e-09	7.11e-05	1.00e+00
 2.23004e+22	6.77e-09	7.48e-05	1.00e+00
 2.23882e+22	7.25e-09	7.82e-05	1.00e+00
 2.24777e+22	7.85e-09	8.22e-05	1.00e+00
 2.25688e+22	8.39e-09	8.59e-05	1.00e+00
 2.26623e+22	9.07e-09	9.03e-05	1.00e+00
 2.27582e+22	9.69e-09	9.44e-05	1.00e+00
 2.28569e+22	1.04e-08	9.93e-05	1.00e+00
 2.29585e+22	1.12e-08	1.04e-04	1.00e+00
 2.30639e+22	1.20e-08	1.09e-04	1.00e+00
 2.31723e+22	1.28e-08	1.14e-04	1.00e+00
 2.32849e+22	1.38e-08	1.20e-04	1.00e+00
 2.34008e+22	1.47e-08	1.25e-04	1.00e+00
 2.35235e+22	1.58e-08	1.32e-04	1.00e+00
 2.36470e+22	1.67e-08	1.38e-04	1.00e+00
 2.37729e+22	1.80e-08	1.45e-04	1.00e+00
 2.39017e+22	1.90e-08	1.51e-04	1.00e+00
 2.40132e+22	2.00e-08	1.57e-04	1.00e+00
 2.41369e+22	2.13e-08	1.64e-04	1.00e+00
 2.42622e+22	2.24e-08	1.71e-04	1.00e+00
 2.43895e+22	2.39e-08	1.79e-04	1.00e+00
 2.45186e+22	2.50e-08	1.85e-04	1.00e+00
 2.46321e+22	2.62e-08	1.92e-04	1.00e+00
 2.47617e+22	2.77e-08	2.01e-04	1.00e+00
 2.48914e+22	2.89e-08	2.07e-04	1.00e+00
 2.50210e+22	3.06e-08	2.17e-04	1.00e+00
 2.51520e+22	3.19e-08	2.24e-04	1.00e+00
 2.52845e+22	3.37e-08	2.34e-04	1.00e+00
 2.54195e+22	3.51e-08	2.42e-04	1.00e+00
 2.55576e+22	3.70e-08	2.53e-04	1.00e+00
 2.56982e+22	3.85e-08	2.61e-04	1.00e+00
 2.58213e+22	4.01e-08	2.69e-04	1.00e+00
 2.59605e+22	4.21e-08	2.81e-04	1.00e+00
 2.60994e+22	4.37e-08	2.89e-04	1.00e+00
 2.62378e+22	4.58e-08	3.01e-04	1.00e+00
 2.63781e+22	4.75e-08	3.10e-04	1.00e+00
 2.65209e+22	4.98e-08	3.22e-04	1.00e+00
 2.66685e+22	5.17e-08	3.32e-04	1.00e+00
 2.68223e+22	5.44e-08	3.46e-04	1.00e+00
 2.69786e+22	5.65e-08	3.57e-04	1.00e+00
 2.71380e+22	5.93e-08	3.72e-04	1.00e+00
 2.73028e+22	6.17e-08	3.84e-04	1.00e+00
 2.74747e+22	6.50e-08	4.01e-04	1.00e+00
 2.76521e+22	6.78e-08	4.15e-04	1.00e+00
 2.78367e+22	7.16e-08	4.34e-04	1.00e+00
 2.80218e+22	7.46e-08	4.49e-04	1.00e+00
 2.82075e+22	7.87e-08	4.69e-04	1.00e+00
 2.84014e+22	8.23e-08	4.86e-04	1.00e+00
 2.86058e+22	8.71e-08	5.12e-04	9.99e-01
 2.88102e+22	9.11e-08	5.30e-04	9.99e-01
 2.90145e+22	9.63e-08	5.58e-04	9.99e-01
 2.92217e+22	1.01e-07	5.79e-04	9.99e-01
 2.93965e+22	1.05e-07	6.01e-04	9.99e-01
 2.95871e+22	1.10e-07	6.30e-04	9.99e-01
 2.97771e+22	1.14e-07	6.53e-04	9.99e-01
 2.99661e+22	1.20e-07	6.86e-04	9.99e-01
 3.01566e+22	1.24e-07	7.13e-04	9.99e-01
 3.03490e+22	1.29e-07	7.51e-04	9.99e-01
 3.05425e+22	1.34e-07	7.81e-04	9.99e-01
 3.07374e+22	1.39e-07	8.24e-04	9.99e-01
 3.09348e+22	1.44e-07	8.60e-04	9.99e-01
 3.11353e+22	1.49e-07	9.11e-04	9.99e-01
 3.13378e+22	1.53e-07	9.53e-04	9.99e-01
 3.15423e+22	1.57e-07	1.01e-03	9.99e-01
 3.17364e+22	1.60e-07	1.05e-03	9.99e-01
 3.19174e+22	1.63e-07	1.11e-03	9.99e-01
 3.21022e+22	1.65e-07	1.16e-03	9.99e-01
 3.22831e+22	1.66e-07	1.23e-03	9.99e-01
 3.24682e+22	1.67e-07	1.29e-03	9.99e-01
 3.26457e+22	1.68e-07	1.35e-03	9.99e-01
 3.28251e+22	1.68e-07	1.42e-03	9.99e-01
 3.30006e+22	1.68e-07	1.49e-03	9.99e-01
 3.31734e+22	1.67e-07	1.56e-03	9.98e-01
 3.33444e+22	1.67e-07	1.64e-03	9.98e-01
 3.35146e+22	1.67e-07	1.72e-03	9.98e-01
 3.36845e+22	1.67e-07	1.80e-03	9.98e-01
 3.38547e+22	1.67e-07	1.88e-03	9.98e-01
 3.40261e+22	1.68e-07	1.97e-03	9.98e-01
 3.41996e+22	1.70e-07	2.07e-03	9.98e-01
 3.43756e+22	1.72e-07	2.16e-03	9.98e-01
 3.45548e+22	1.76e-07	2.27e-03	9.98e-01
 3.47347e+22	1.81e-07	2.38e-03	9.98e-01
 3.49187e+22	1.85e-07	2.49e-03	9.98e-01
 3.51042e+22	1.93e-07	2.61e-03	9.97e-01
 3.52947e+22	2.02e-07	2.74e-03	9.97e-01
 3.54736e+22	2.10e-07	2.85e-03	9.97e-01
 3.56556e+22	2.23e-07	3.00e-03	9.97e-01
 3.58397e+22	2.35e-07	3.11e-03	9.97e-01
 3.60265e+22	2.52e-07	3.27e-03	9.97e-01
 3.62179e+22	2.67e-07	3.40e-03	9.97e-01
 3.64152e+22	2.90e-07	3.58e-03	9.96e-01
 3.66152e+22	3.09e-07	3.73e-03	9.96e-01
 3.68188e+22	3.38e-07	3.92e-03	9.96e-01
 3.70241e+22	3.62e-07	4.08e-03	9.96e-01
 3.72317e+22	3.98e-07	4.30e-03	9.96e-01
 3.74416e+22	4.27e-07	4.47e-03	9.96e-01
 3.76546e+22	4.71e-07	4.71e-03	9.95e-01
 3.78711e+22	5.09e-07	4.90e-03	9.95e-01
 3.80921e+22	5.63e-07	5.17e-03	9.95e-01
 3.83175e+22	6.10e-07	5.39e-03	9.95e-01
 3.85485e+22	6.78e-07	5.69e-03	9.94e-01
 3.87847e+22	7.37e-07	5.93e-03	9.94e-01
 3.89837e+22	7.94e-07	6.16e-03	9.94e-01
 3.91987e+22	8.75e-07	6.47e-03	9.94e-01
 3.94160e+22	9.44e-07	6.72e-03	9.93e-01
 3.96065e+22	1.02e-06	6.97e-03	9.93e-01
 3.98242e+22	1.12e-06	7.33e-03	9.93e-01
 4.00407e+22	1.20e-06	7.58e-03	9.92e-01
 4.02556e+22	1.33e-06	7.96e-03	9.92e-01
 4.04714e+22	1.42e-06	8.24e-03	9.92e-01
 4.06883e+22	1.57e-06	8.65e-03	9.91e-01
 4.09090e+22	1.68e-06	8.96e-03	9.91e-01
 4.11344e+22	1.86e-06	9.42e-03	9.91e-01
 4.13633e+22	2.00e-06	9.77e-03	9.90e-01
 4.15965e+22	2.22e-06	1.03e-02	9.90e-01
 4.18340e+22	2.39e-06	1.07e-02	9.89e-01
 4.20772e+22	2.66e-06	1.12e-02	9.89e-01
 4.23258e+22	2.88e-06	1.17e-02	9.88e-01
 4.25814e+22	3.21e-06	1.23e-02	9.88e-01
 4.28401e+22	3.48e-06	1.28e-02	9.87e-01
 4.31027e+22	3.88e-06	1.36e-02	9.86e-01
 4.33685e+22	4.22e-06	1.41e-02	9.86e-01
 4.35959e+22	4.56e-06	1.47e-02	9.85e-01
 4.38492e+22	5.05e-06	1.55e-02	9.85e-01
 4.41051e+22	5.48e-06	1.61e-02	9.84e-01
 4.43644e+22	6.06e-06	1.69e-02	9.83e-01
 4.46156e+22	6.54e-06	1.76e-02	9.82e-01
 4.48233e+22	7.04e-06	1.82e-02	9.82e-01
 4.50602e+22	7.71e-06	1.90e-02	9.81e-01
 4.53048e+22	8.34e-06	1.98e-02	9.80e-01
 4.55249e+22	9.01e-06	2.06e-02	9.79e-01
 4.57764e+22	9.91e-06	2.16e-02	9.78e-01
 4.60358e+22	1.08e-05	2.25e-02	9.78e-01
 4.62671e+22	1.17e-05	2.34e-02	9.77e-01
 4.65290e+22	1.29e-05	2.45e-02	9.75e-01
 4.68019e+22	1.41e-05	2.56e-02	9.74e-01
 4.70479e+22	1.53e-05	2.67e-02	9.73e-01
 4.73265e+22	1.69e-05	2.81e-02	9.72e-01
 4.76128e+22	1.85e-05	2.94e-02	9.71e-01
 4.78674e+22	2.02e-05	3.06e-02	9.69e-01
 4.81567e+22	2.25e-05	3.23e-02	9.68e-01
 4.84555e+22	2.47e-05	3.38e-02	9.66e-01
 4.87194e+22	2.69e-05	3.53e-02	9.65e-01
 4.90152e+22	3.00e-05	3.72e-02	9.63e-01
 4.93176e+22	3.29e-05	3.89e-02	9.61e-01
 4.95863e+22	3.60e-05	4.06e-02	9.59e-01
 4.98934e+22	4.02e-05	4.29e-02	9.57e-01
 5.02069e+22	4.42e-05	4.50e-02	9.55e-01
 5.04856e+22	4.84e-05	4.70e-02	9.53e-01
 5.08046e+22	5.43e-05	4.97e-02	9.50e-01
 5.11304e+22	6.00e-05	5.22e-02	9.48e-01
 5.14087e+22	6.54e-05	5.44e-02	9.45e-01
 5.17143e+22	7.29e-05	5.74e-02	9.43e-01
 5.20264e+22	7.99e-05	6.00e-02	9.40e-01
 5.23046e+22	8.74e-05	6.27e-02	9.37e-01
 5.26238e+22	9.77e-05	6.62e-02	9.34e-01
 5.29369e+22	1.07e-04	6.91e-02	9.31e-01
 5.32016e+22	1.16e-04	7.20e-02	9.28e-01
 5.35052e+22	1.29e-04	7.57e-02	9.24e-01
 5.38158e+22	1.41e-04	7.90e-02	9.21e-01
 5.40643e+22	1.51e-04	8.17e-02	9.18e-01
 5.43160e+22	1.64e-04	8.52e-02	9.15e-01
 5.45720e+22	1.76e-04	8.82e-02	9.12e-01
 5.48337e+22	1.93e-04	9.20e-02	9.08e-01
 5.50982e+22	2.07e-04	9.53e-02	9.04e-01
 5.53311e+22	2.22e-04	9.86e-02	9.01e-01
 5.55985e+22	2.43e-04	1.03e-01	8.97e-01
 5.58682e+22	2.61e-04	1.07e-01	8.93e-01
 5.61408e+22	2.86e-04	1.11e-01	8.88e-01
 5.64150e+22	3.07e-04	1.15e-01	8.84e-01
 5.66912e+22	3.36e-04	1.20e-01	8.79e-01
 5.69729e+22	3.62e-04	1.25e-01	8.75e-01
 5.72619e+22	3.97e-04	1.31e-01	8.69e-01
 5.75545e+22	4.29e-04	1.35e-01	8.64e-01
 5.78519e+22	4.73e-04	1.42e-01	8.58e-01
 5.81510e+22	5.10e-04	1.47e-01	8.53e-01
 5.84521e+22	5.61e-04	1.53e-01	8.46e-01
 5.87625e+22	6.09e-04	1.59e-01	8.40e-01
 5.90851e+22	6.74e-04	1.67e-01	8.32e-01
 5.94132e+22	7.31e-04	1.74e-01	8.26e-01
 5.96726e+22	7.80e-04	1.79e-01	8.20e-01
 5.99340e+22	8.46e-04	1.86e-01	8.13e-01
 6.01963e+22	9.02e-04	1.91e-01	8.08e-01
 6.04597e+22	9.75e-04	1.98e-01	8.01e-01
 6.07301e+22	1.04e-03	2.05e-01	7.94e-01
 6.10094e+22	1.13e-03	2.12e-01	7.87e-01
 6.12916e+22	1.21e-03	2.19e-01	7.80e-01
 6.15773e+22	1.33e-03	2.28e-01	7.71e-01
 6.18638e+22	1.42e-03	2.35e-01	7.64e-01
 6.21513e+22	1.54e-03	2.44e-01	7.55e-01
 6.24474e+22	1.66e-03	2.52e-01	7.46e-01
 6.27546e+22	1.81e-03	2.62e-01	7.36e-01
 6.30371e+22	1.92e-03	2.69e-01	7.29e-01
 6.32305e+22	2.00e-03	2.74e-01	7.24e-01
 6.34252e+22	2.12e-03	2.81e-01	7.17e-01
 6.36783e+22	2.27e-03	2.90e-01	7.08e-01
 6.39333e+22	2.40e-03	2.98e-01	7.00e-01
 6.41549e+22	2.54e-03	3.05e-01	6.93e-01
 6.43497e+22	2.65e-03	3.11e-01	6.87e-01
 6.45454e+22	2.80e-03	3.18e-01	6.79e-01
 6.47997e+22	3.01e-03	3.28e-01	6.69e-01
 6.50507e+22	3.18e-03	3.36e-01	6.61e-01
 6.52973e+22	3.40e-03	3.46e-01	6.50e-01
 6.55703e+22	3.63e-03	3.56e-01	6.40e-01
 6.58777e+22	3.96e-03	3.70e-01	6.26e-01
 6.61956e+22	4.26e-03	3.81e-01	6.14e-01
 6.65272e+22	4.66e-03	3.96e-01	5.99e-01
 6.68838e+22	5.07e-03	4.11e-01	5.84e-01
 6.72730e+22	5.67e-03	4.30e-01	5.65e-01
 6.76582e+22	6.16e-03	4.45e-01	5.49e-01
 6.80382e+22	6.86e-03	4.64e-01	5.29e-01
 6.84234e+22	7.50e-03	4.81e-01	5.11e-01
 6.88153e+22	8.40e-03	5.03e-01	4.89e-01
 6.92086e+22	9.19e-03	5.21e-01	4.70e-01
 6.95117e+22	9.87e-03	5.35e-01	4.55e-01
 6.98139e+22	1.08e-02	5.53e-01	4.37e-01
 7.01138e+22	1.17e-02	5.67e-01	4.21e-01
 7.03689e+22	1.25e-02	5.81e-01	4.06e-01
 7.06587e+22	1.37e-02	5.98e-01	3.88e-01
 7.09526e+22	1.48e-02	6.14e-01	3.72e-01
 7.12085e+22	1.60e-02	6.28e-01	3.56e-01
 7.14978e+22	1.76e-02	6.45e-01	3.37e-01
 7.17964e+22	1.93e-02	6.61e-01	3.20e-01
 7.20597e+22	2.10e-02	6.76e-01	3.03e-01
 7.23546e+22	2.34e-02	6.93e-01	2.84e-01
 7.26701e+22	2.60e-02	7.08e-01	2.66e-01
 7.29514e+22	2.87e-02	7.22e-01	2.49e-01
 7.32099e+22	3.15e-02	7.34e-01	2.34e-01
 7.34552e+22	3.47e-02	7.45e-01	2.21e-01
 7.36150e+22	3.62e-02	7.49e-01	2.15e-01
 7.36795e+22	3.71e-02	7.52e-01	2.11e-01
 7.37287e+22	3.79e-02	7.53e-01	2.09e-01
 7.37867e+22	3.88e-02	7.56e-01	2.06e-01
 7.38574e+22	4.01e-02	7.58e-01	2.02e-01
 7.39298e+22	4.13e-02	7.61e-01	1.98e-01
 7.39960e+22	4.25e-02	7.63e-01	1.95e-01
 7.40578e+22	4.36e-02	7.65e-01	1.92e-01
 7.41202e+22	4.49e-02	7.67e-01	1.88e-01
 7.41828e+22	4.62e-02	7.68e-01	1.85e-01
 7.42428e+22	4.75e-02	7.70e-01	1.82e-01
 7.43018e+22	4.88e-02	7.72e-01	1.80e-01
 7.43624e+22	5.03e-02	7.73e-01	1.77e-01
 7.44221e+22	5.16e-02	7.74e-01	1.74e-01
 7.44800e+22	5.32e-02	7.76e-01	1.71e-01
 7.45365e+22	5.46e-02	7.77e-01	1.69e-01
 7.45928e+22	5.63e-02	7.78e-01	1.66e-01
 7.46493e+22	5.79e-02	7.78e-01	1.64e-01
 7.47035e+22	5.95e-02	7.79e-01	1.61e-01
 7.47580e+22	6.13e-02	7.80e-01	1.59e-01
 7.48125e+22	6.30e-02	7.80e-01	1.57e-01
 7.48673e+22	6.50e-02	7.80e-01	1.55e-01
 7.49216e+22	6.69e-02	7.81e-01	1.52e-01
 7.49739e+22	6.89e-02	7.81e-01	1.50e-01
 7.50260e+22	7.10e-02	7.81e-01	1.48e-01
 7.50786e+22	7.29e-02	7.81e-01	1.47e-01
 7.51346e+22	7.54e-02	7.80e-01	1.44e-01
 7.51907e+22	7.80e-02	7.80e-01	1.42e-01
 7.52411e+22	8.03e-02	7.79e-01	1.40e-01
 7.52905e+22	8.25e-02	7.78e-01	1.39e-01
 7.53463e+22	8.55e-02	7.78e-01	1.37e-01
 7.54043e+22	8.86e-02	7.76e-01	1.35e-01
 7.54567e+22	9.16e-02	7.75e-01	1.33e-01
 7.55056e+22	9.41e-02	7.74e-01	1.32e-01
 7.55606e+22	9.76e-02	7.72e-01	1.30e-01
 7.56200e+22	1.01e-01	7.70e-01	1.29e-01
 7.56744e+22	1.05e-01	7.68e-01	1.27e-01
 7.57258e+22	1.08e-01	7.66e-01	1.26e-01
 7.57814e+22	1.12e-01	7.64e-01	1.24e-01
 7.58402e+22	1.17e-01	7.61e-01	1.22e-01
 7.58961e+22	1.21e-01	7.58e-01	1.21e-01
 7.59515e+22	1.26e-01	7.55e-01	1.20e-01
 7.60098e+22	1.31e-01	7.51e-01	1.18e-01
 7.60693e+22	1.36e-01	7.47e-01	1.16e-01
 7.61274e+22	1.42e-01	7.43e-01	1.15e-01
 7.61880e+22	1.48e-01	7.39e-01	1.13e-01
 7.62504e+22	1.54e-01	7.34e-01	1.12e-01
 7.63148e+22	1.61e-01	7.29e-01	1.10e-01
 7.63812e+22	1.68e-01	7.23e-01	1.09e-01
 7.64461e+22	1.76e-01	7.17e-01	1.07e-01
 7.65126e+22	1.83e-01	7.11e-01	1.05e-01
 7.65842e+22	1.93e-01	7.04e-01	1.03e-01
 7.66518e+22	2.01e-01	6.97e-01	1.02e-01
 7.67118e+22	2.09e-01	6.91e-01	1.01e-01
 7.67727e+22	2.17e-01	6.84e-01	9.89e-02
 7.68371e+22	2.27e-01	6.76e-01	9.71e-02
 7.69045e+22	2.36e-01	6.68e-01	9.53e-02
 7.69737e+22	2.47e-01	6.60e-01	9.34e-02
 7.70422e+22	2.57e-01	6.51e-01	9.17e-02
 7.71126e+22	2.68e-01	6.42e-01	8.97e-02
 7.71868e+22	2.80e-01	6.32e-01	8.76e-02
 7.72616e+22	2.93e-01	6.22e-01	8.56e-02
 7.73375e+22	3.05e-01	6.11e-01	8.34e-02
 7.74169e+22	3.19e-01	6.00e-01	8.12e-02
 7.75002e+22	3.33e-01	5.88e-01	7.88e-02
 7.75855e+22	3.48e-01	5.76e-01	7.64e-02
 7.76735e+22	3.63e-01	5.63e-01	7.39e-02
 7.77656e+22	3.80e-01	5.49e-01	7.12e-02
 7.78608e+22	3.96e-01	5.35e-01	6.86e-02
 7.79603e+22	4.13e-01	5.21e-01	6.58e-02
 7.80660e+22	4.31e-01	5.06e-01	6.28e-02
 7.81779e+22	4.50e-01	4.90e-01	5.98e-02
 7.82952e+22	4.69e-01	4.75e-01	5.68e-02
 7.84200e+22	4.88e-01	4.58e-01	5.36e-02
 7.85533e+22	5.08e-01	4.42e-01	5.03e-02
 7.86938e+22	5.27e-01	4.26e-01	4.71e-02
 7.88408e+22	5.46e-01	4.10e-01	4.40e-02
 7.89962e+22	5.65e-01	3.94e-01	4.08e-02
 7.91602e+22	5.84e-01	3.79e-01	3.78e-02
 7.93333e+22	6.02e-01	3.64e-01	3.48e-02
 7.95147e+22	6.19e-01	3.49e-01	3.20e-02
 7.97003e+22	6.35e-01	3.36e-01	2.93e-02
 7.98878e+22	6.51e-01	3.22e-01	2.68e-02
 8.00720e+22	6.65e-01	3.11e-01	2.47e-02
 8.02528e+22	6.78e-01	2.99e-01	2.27e-02
 8.04338e+22	6.91e-01	2.89e-01	2.09e-02
 8.06125e+22	7.02e-01	2.78e-01	1.92e-02
 8.07874e+22	7.13e-01	2.69e-01	1.78e-02
 8.09623e+22	7.24e-01	2.60e-01	1.64e-02
 8.11342e+22	7.34e-01	2.51e-01	1.51e-02
 8.12984e+22	7.43e-01	2.43e-01	1.40e-02
 8.14585e+22	7.52e-01	2.35e-01	1.30e-02
 8.16158e+22	7.61e-01	2.27e-01	1.20e-02
 8.17700e+22	7.69e-01	2.20e-01	1.12e-02
 8.19198e+22	7.77e-01	2.13e-01	1.04e-02
 8.20650e+22	7.84e-01	2.06e-01	9.72e-03
 8.22072e+22	7.91e-01	2.00e-01	9.06e-03
 8.23486e+22	7.98e-01	1.94e-01	8.45e-03
 8.24887e+22	8.05e-01	1.88e-01	7.87e-03
 8.26240e+22	8.11e-01	1.82e-01	7.36e-03
 8.27552e+22	8.17e-01	1.77e-01	6.89e-03
 8.28835e+22	8.22e-01	1.71e-01	6.45e-03
 8.30061e+22	8.27e-01	1.67e-01	6.06e-03
 8.31208e+22	8.32e-01	1.62e-01	5.71e-03
 8.32287e+22	8.37e-01	1.58e-01	5.39e-03
 8.33317e+22	8.41e-01	1.54e-01	5.10e-03
 8.34123e+22	8.44e-01	1.51e-01	4.92e-03
 8.34606e+22	8.46e-01	1.49e-01	4.79e-03
 8.34935e+22	8.47e-01	1.48e-01	4.68e-03
 8.35253e+22	8.49e-01	1.46e-01	4.58e-03
 8.35613e+22	8.51e-01	1.45e-01	4.48e-03
 8.35984e+22	8.52e-01	1.44e-01	4.40e-03
 8.36341e+22	8.53e-01	1.42e-01	4.31e-03
 8.36688e+22	8.55e-01	1.41e-01	4.23e-03
 8.37032e+22	8.56e-01	1.40e-01	4.15e-03
 8.37388e+22	8.57e-01	1.39e-01	4.06e-03
 8.37749e+22	8.59e-01	1.37e-01	3.98e-03
 8.38105e+22	8.60e-01	1.36e-01	3.91e-03
 8.38454e+22	8.61e-01	1.35e-01	3.83e-03
 8.38815e+22	8.63e-01	1.33e-01	3.75e-03
 8.39203e+22	8.64e-01	1.32e-01	3.66e-03
 8.39594e+22	8.66e-01	1.31e-01	3.59e-03
 8.39982e+22	8.67e-01	1.29e-01	3.51e-03
 8.40376e+22	8.69e-01	1.28e-01	3.43e-03
 8.40762e+22	8.70e-01	1.27e-01	3.36e-03
 8.41151e+22	8.71e-01	1.25e-01	3.28e-03
 8.41557e+22	8.73e-01	1.24e-01	3.20e-03
 8.41959e+22	8.74e-01	1.23e-01	3.13e-03
 8.42361e+22	8.76e-01	1.21e-01	3.05e-03
 8.42769e+22	8.77e-01	1.20e-01	2.99e-03
 8.43190e+22	8.79e-01	1.18e-01	2.90e-03
 8.43623e+22	8.80e-01	1.17e-01	2.83e-03
 8.44027e+22	8.82e-01	1.16e-01	2.76e-03
 8.44387e+22	8.83e-01	1.15e-01	2.71e-03
 8.44782e+22	8.84e-01	1.13e-01	2.63e-03
 8.45208e+22	8.85e-01	1.12e-01	2.57e-03
 8.45595e+22	8.87e-01	1.11e-01	2.52e-03
 8.46011e+22	8.88e-01	1.09e-01	2.44e-03
 8.46453e+22	8.90e-01	1.08e-01	2.39e-03
 8.46855e+22	8.91e-01	1.07e-01	2.32e-03
 8.47220e+22	8.92e-01	1.06e-01	2.28e-03
 8.47621e+22	8.94e-01	1.04e-01	2.21e-03
 8.48054e+22	8.95e-01	1.03e-01	2.16e-03
 8.48447e+22	8.96e-01	1.02e-01	2.10e-03
 8.48806e+22	8.97e-01	1.01e-01	2.06e-03
 8.49198e+22	8.99e-01	9.94e-02	2.00e-03
 8.49622e+22	9.00e-01	9.83e-02	1.96e-03
 8.50008e+22	9.01e-01	9.70e-02	1.90e-03
 8.50358e+22	9.02e-01	9.62e-02	1.87e-03
 8.50743e+22	9.03e-01	9.49e-02	1.82e-03
 8.51158e+22	9.04e-01	9.39e-02	1.78e-03
 8.51536e+22	9.06e-01	9.27e-02	1.73e-03
 8.51880e+22	9.06e-01	9.19e-02	1.70e-03
 8.52256e+22	9.08e-01	9.06e-02	1.65e-03
 8.52663e+22	9.09e-01	8.97e-02	1.62e-03
 8.53109e+22	9.10e-01	8.85e-02	1.57e-03
 8.53590e+22	9.11e-01	8.74e-02	1.53e-03
 8.54028e+22	9.12e-01	8.67e-02	1.51e-03
 8.54426e+22	9.13e-01	8.54e-02	1.46e-03
 8.54863e+22	9.14e-01	8.42e-02	1.42e-03
 8.55334e+22	9.15e-01	8.32e-02	1.38e-03
 8.55763e+22	9.16e-01	8.23e-02	1.35e-03
 8.56233e+22	9.18e-01	8.09e-02	1.30e-03
 8.56740e+22	9.19e-01	7.99e-02	1.27e-03
 8.57202e+22	9.20e-01	7.89e-02	1.24e-03
 8.57708e+22	9.21e-01	7.76e-02	1.20e-03
 8.58254e+22	9.22e-01	7.65e-02	1.16e-03
 8.58751e+22	9.24e-01	7.54e-02	1.13e-03
 8.59204e+22	9.24e-01	7.46e-02	1.10e-03
 8.59699e+22	9.26e-01	7.32e-02	1.06e-03
 8.60235e+22	9.27e-01	7.23e-02	1.04e-03
 8.60722e+22	9.28e-01	7.12e-02	1.00e-03
 8.61165e+22	9.29e-01	7.02e-02	9.75e-04
 8.61568e+22	9.30e-01	6.95e-02	9.56e-04
 8.62010e+22	9.31e-01	6.84e-02	9.24e-04
 8.62487e+22	9.32e-01	6.75e-02	9.01e-04
 8.62921e+22	9.33e-01	6.66e-02	8.77e-04
 8.63316e+22	9.33e-01	6.60e-02	8.60e-04
 8.63749e+22	9.34e-01	6.49e-02	8.33e-04
 8.64216e+22	9.35e-01	6.41e-02	8.12e-04
 8.64641e+22	9.36e-01	6.33e-02	7.90e-04
 8.65028e+22	9.37e-01	6.27e-02	7.75e-04
 8.65453e+22	9.38e-01	6.17e-02	7.51e-04
 8.65910e+22	9.38e-01	6.10e-02	7.33e-04
 8.66327e+22	9.39e-01	6.02e-02	7.14e-04
 8.66706e+22	9.40e-01	5.96e-02	7.01e-04
 8.67122e+22	9.41e-01	5.87e-02	6.80e-04
 8.67570e+22	9.41e-01	5.81e-02	6.64e-04
 8.67978e+22	9.42e-01	5.74e-02	6.50e-04
 8.68425e+22	9.43e-01	5.65e-02	6.30e-04
 8.68908e+22	9.43e-01	5.60e-02	6.17e-04
 8.69437e+22	9.44e-01	5.49e-02	5.94e-04
 8.70008e+22	9.45e-01	5.42e-02	5.77e-04
 8.70528e+22	9.46e-01	5.33e-02	5.60e-04
 8.71001e+22	9.47e-01	5.28e-02	5.48e-04
 8.71520e+22	9.48e-01	5.18e-02	5.29e-04
 8.72079e+22	9.48e-01	5.11e-02	5.14e-04
 8.72588e+22	9.49e-01	5.05e-02	5.01e-04
 8.73146e+22	9.50e-01	4.95e-02	4.82e-04
 8.73749e+22	9.51e-01	4.88e-02	4.68e-04
 8.74297e+22	9.51e-01	4.81e-02	4.55e-04
 8.74897e+22	9.52e-01	4.71e-02	4.37e-04
 8.75546e+22	9.53e-01	4.64e-02	4.23e-04
 8.76136e+22	9.54e-01	4.57e-02	4.11e-04
 8.76783e+22	9.55e-01	4.46e-02	3.91e-04
 8.77481e+22	9.56e-01	4.39e-02	3.80e-04
 8.78116e+22	9.56e-01	4.32e-02	3.68e-04
 8.78694e+22	9.57e-01	4.26e-02	3.58e-04
 8.79328e+22	9.58e-01	4.17e-02	3.43e-04
 8.80011e+22	9.59e-01	4.10e-02	3.31e-04
 8.80634e+22	9.59e-01	4.04e-02	3.21e-04
 8.81316e+22	9.60e-01	3.95e-02	3.08e-04
 8.82052e+22	9.61e-01	3.88e-02	2.97e-04
 8.82722e+22	9.62e-01	3.81e-02	2.87e-04
 8.83332e+22	9.62e-01	3.76e-02	2.79e-04
 8.84000e+22	9.63e-01	3.68e-02	2.67e-04
 8.84721e+22	9.64e-01	3.61e-02	2.58e-04
 8.85377e+22	9.64e-01	3.56e-02	2.50e-04
 8.86096e+22	9.65e-01	3.48e-02	2.39e-04
 8.86873e+22	9.66e-01	3.41e-02	2.31e-04
 8.87579e+22	9.66e-01	3.36e-02	2.23e-04
 8.88354e+22	9.67e-01	3.28e-02	2.13e-04
 8.89190e+22	9.68e-01	3.21e-02	2.05e-04
 8.89950e+22	9.68e-01	3.16e-02	1.97e-04
 8.90642e+22	9.69e-01	3.11e-02	1.91e-04
 8.91401e+22	9.69e-01	3.04e-02	1.83e-04
 8.92220e+22	9.70e-01	2.98e-02	1.76e-04
 8.92965e+22	9.71e-01	2.93e-02	1.70e-04
 8.93781e+22	9.71e-01	2.86e-02	1.63e-04
 8.94663e+22	9.72e-01	2.80e-02	1.56e-04
 8.95465e+22	9.72e-01	2.75e-02	1.51e-04
 8.96344e+22	9.73e-01	2.68e-02	1.43e-04
 8.97293e+22	9.74e-01	2.63e-02	1.38e-04
 8.98156e+22	9.74e-01	2.57e-02	1.32e-04
 8.98942e+22	9.75e-01	2.53e-02	1.28e-04
 8.99803e+22	9.75e-01	2.47e-02	1.22e-04
 9.00733e+22	9.76e-01	2.42e-02	1.17e-04
 9.01579e+22	9.76e-01	2.37e-02	1.12e-04
 9.02349e+22	9.77e-01	2.33e-02	1.09e-04
 9.03192e+22	9.77e-01	2.28e-02	1.04e-04
 9.04103e+22	9.78e-01	2.23e-02	1.00e-04
 9.04932e+22	9.78e-01	2.19e-02	9.63e-05
 9.05840e+22	9.79e-01	2.14e-02	9.20e-05
 9.06821e+22	9.79e-01	2.09e-02	8.82e-05
 9.07713e+22	9.79e-01	2.05e-02	8.48e-05
 9.08690e+22	9.80e-01	2.00e-02	8.06e-05
 9.09746e+22	9.80e-01	1.96e-02	7.71e-05
 9.10706e+22	9.81e-01	1.91e-02	7.40e-05
 9.11580e+22	9.81e-01	1.88e-02	7.13e-05
 9.12538e+22	9.82e-01	1.84e-02	6.80e-05
 9.13572e+22	9.82e-01	1.79e-02	6.51e-05
 9.14513e+22	9.82e-01	1.76e-02	6.24e-05
 9.15544e+22	9.83e-01	1.71e-02	5.95e-05
 9.16657e+22	9.83e-01	1.67e-02	5.68e-05
 9.17670e+22	9.84e-01	1.64e-02	5.44e-05
 9.18780e+22	9.84e-01	1.59e-02	5.17e-05
 9.19978e+22	9.84e-01	1.55e-02	4.92e-05
 9.21069e+22	9.85e-01	1.52e-02	4.69e-05
 9.22263e+22	9.85e-01	1.48e-02	4.45e-05
 9.23553e+22	9.86e-01	1.44e-02	4.22e-05
 9.24727e+22	9.86e-01	1.40e-02	4.02e-05
 9.25495e+22	9.86e-01	1.39e-02	3.95e-05
