#depth	H	H+	H2
 4.62852e+21	8.69e-09	1.00e+00	1.09e-36
 1.02099e+22	1.84e-08	1.00e+00	1.42e-35
 1.15238e+22	2.44e-08	1.00e+00	4.28e-35
 1.20656e+22	2.82e-08	1.00e+00	7.83e-35
 1.22953e+22	2.92e-08	1.00e+00	9.24e-35
 1.24032e+22	3.07e-08	1.00e+00	1.12e-34
 1.25168e+22	3.20e-08	1.00e+00	1.35e-34
 1.26290e+22	3.35e-08	1.00e+00	1.65e-34
 1.27420e+22	3.50e-08	1.00e+00	1.99e-34
 1.28540e+22	3.66e-08	1.00e+00	2.42e-34
 1.29675e+22	3.82e-08	1.00e+00	2.91e-34
 1.30813e+22	3.99e-08	1.00e+00	3.52e-34
 1.31956e+22	4.17e-08	1.00e+00	4.25e-34
 1.33114e+22	4.36e-08	1.00e+00	5.13e-34
 1.34287e+22	4.55e-08	1.00e+00	6.19e-34
 1.35474e+22	4.75e-08	1.00e+00	7.46e-34
 1.36680e+22	4.96e-08	1.00e+00	8.99e-34
 1.37909e+22	5.19e-08	1.00e+00	1.08e-33
 1.39166e+22	5.42e-08	1.00e+00	1.31e-33
 1.40396e+22	5.64e-08	1.00e+00	1.55e-33
 1.41662e+22	5.90e-08	1.00e+00	6.40e-34
 1.42940e+22	6.13e-08	1.00e+00	7.66e-34
 1.44284e+22	6.41e-08	1.00e+00	9.50e-34
 1.45658e+22	6.67e-08	1.00e+00	1.14e-33
 1.47057e+22	6.97e-08	1.00e+00	1.41e-33
 1.48485e+22	7.24e-08	1.00e+00	1.68e-33
 1.49967e+22	7.58e-08	1.00e+00	2.08e-33
 1.51441e+22	7.86e-08	1.00e+00	2.47e-33
 1.52952e+22	8.22e-08	1.00e+00	2.99e-33
 1.54489e+22	8.52e-08	1.00e+00	3.54e-33
 1.56059e+22	8.91e-08	1.00e+00	4.03e-33
 1.57634e+22	9.22e-08	1.00e+00	4.74e-33
 1.59216e+22	9.64e-08	1.00e+00	5.80e-33
 1.60828e+22	9.96e-08	1.00e+00	6.81e-33
 1.62479e+22	1.04e-07	1.00e+00	8.38e-33
 1.64116e+22	1.08e-07	1.00e+00	9.70e-33
 1.65735e+22	1.12e-07	1.00e+00	1.19e-32
 1.67377e+22	1.16e-07	1.00e+00	1.29e-32
 1.69049e+22	1.21e-07	1.00e+00	1.58e-32
 1.70744e+22	1.25e-07	1.00e+00	1.84e-32
 1.72469e+22	1.31e-07	1.00e+00	2.26e-32
 1.74223e+22	1.35e-07	1.00e+00	2.66e-32
 1.76017e+22	1.41e-07	1.00e+00	3.27e-32
 1.77766e+22	1.46e-07	1.00e+00	3.79e-32
 1.79214e+22	1.51e-07	1.00e+00	4.38e-32
 1.80641e+22	1.56e-07	1.00e+00	5.07e-32
 1.82281e+22	1.62e-07	1.00e+00	6.15e-32
 1.83909e+22	1.68e-07	1.00e+00	7.09e-32
 1.85219e+22	1.72e-07	1.00e+00	8.04e-32
 1.86359e+22	1.77e-07	1.00e+00	8.70e-32
 1.87412e+22	1.81e-07	1.00e+00	9.67e-32
 1.88613e+22	1.88e-07	1.00e+00	1.12e-31
 1.89784e+22	1.92e-07	1.00e+00	1.24e-31
 1.90915e+22	1.99e-07	1.00e+00	1.43e-31
 1.92018e+22	2.03e-07	1.00e+00	1.58e-31
 1.93084e+22	2.09e-07	1.00e+00	1.81e-31
 1.94133e+22	2.14e-07	1.00e+00	1.99e-31
 1.95159e+22	2.22e-07	1.00e+00	2.28e-31
 1.96163e+22	2.26e-07	1.00e+00	2.51e-31
 1.97135e+22	2.34e-07	1.00e+00	2.85e-31
 1.98135e+22	2.40e-07	1.00e+00	3.17e-31
 1.98986e+22	2.45e-07	1.00e+00	3.49e-31
 1.99908e+22	2.53e-07	1.00e+00	3.96e-31
 2.00824e+22	2.59e-07	1.00e+00	4.36e-31
 2.01730e+22	2.69e-07	1.00e+00	4.97e-31
 2.02625e+22	2.75e-07	1.00e+00	5.45e-31
 2.03507e+22	2.85e-07	1.00e+00	6.24e-31
 2.04384e+22	2.92e-07	1.00e+00	6.86e-31
 2.05255e+22	3.03e-07	1.00e+00	7.88e-31
 2.06129e+22	3.11e-07	1.00e+00	8.71e-31
 2.07009e+22	3.23e-07	1.00e+00	1.00e-30
 2.07879e+22	3.32e-07	1.00e+00	1.12e-30
 2.08735e+22	3.45e-07	1.00e+00	1.29e-30
 2.09599e+22	3.56e-07	1.00e+00	1.44e-30
 2.10474e+22	3.72e-07	1.00e+00	1.68e-30
 2.11319e+22	3.84e-07	1.00e+00	1.87e-30
 2.12124e+22	4.00e-07	1.00e+00	2.17e-30
 2.12934e+22	4.14e-07	1.00e+00	2.43e-30
 2.13749e+22	4.33e-07	1.00e+00	2.84e-30
 2.14564e+22	4.47e-07	1.00e+00	3.16e-30
 2.15380e+22	4.67e-07	1.00e+00	3.67e-30
 2.16227e+22	4.85e-07	1.00e+00	4.15e-30
 2.16988e+22	5.03e-07	1.00e+00	4.69e-30
 2.17826e+22	5.27e-07	1.00e+00	5.45e-30
 2.18673e+22	5.47e-07	1.00e+00	6.17e-30
 2.19521e+22	5.74e-07	1.00e+00	7.18e-30
 2.20385e+22	5.97e-07	1.00e+00	8.17e-30
 2.21246e+22	6.25e-07	1.00e+00	9.46e-30
 2.22121e+22	6.52e-07	1.00e+00	1.08e-29
 2.23004e+22	6.83e-07	1.00e+00	1.25e-29
 2.23882e+22	7.10e-07	1.00e+00	1.42e-29
 2.24777e+22	7.45e-07	1.00e+00	1.64e-29
 2.25688e+22	7.75e-07	1.00e+00	1.85e-29
 2.26623e+22	8.13e-07	1.00e+00	2.15e-29
 2.27582e+22	8.46e-07	1.00e+00	2.44e-29
 2.28569e+22	8.87e-07	1.00e+00	2.83e-29
 2.29585e+22	9.25e-07	1.00e+00	3.21e-29
 2.30639e+22	9.71e-07	1.00e+00	3.73e-29
 2.31723e+22	1.01e-06	1.00e+00	4.24e-29
 2.32849e+22	1.06e-06	1.00e+00	4.93e-29
 2.34008e+22	1.11e-06	1.00e+00	5.60e-29
 2.35235e+22	1.16e-06	1.00e+00	6.56e-29
 2.36470e+22	1.21e-06	1.00e+00	7.42e-29
 2.37729e+22	1.27e-06	1.00e+00	8.68e-29
 2.39017e+22	1.32e-06	1.00e+00	9.82e-29
 2.40132e+22	1.37e-06	1.00e+00	1.10e-28
 2.41369e+22	1.44e-06	1.00e+00	1.27e-28
 2.42622e+22	1.49e-06	1.00e+00	1.42e-28
 2.43895e+22	1.56e-06	1.00e+00	1.64e-28
 2.45186e+22	1.61e-06	1.00e+00	1.83e-28
 2.46321e+22	1.67e-06	1.00e+00	2.04e-28
 2.47617e+22	1.74e-06	1.00e+00	2.35e-28
 2.48914e+22	1.80e-06	1.00e+00	2.60e-28
 2.50210e+22	1.88e-06	1.00e+00	2.98e-28
 2.51520e+22	1.94e-06	1.00e+00	3.30e-28
 2.52845e+22	2.02e-06	1.00e+00	3.78e-28
 2.54195e+22	2.09e-06	1.00e+00	4.18e-28
 2.55576e+22	2.18e-06	1.00e+00	4.99e-28
 2.56982e+22	2.25e-06	1.00e+00	5.52e-28
 2.58213e+22	2.32e-06	1.00e+00	6.10e-28
 2.59605e+22	2.41e-06	1.00e+00	6.94e-28
 2.60994e+22	2.48e-06	1.00e+00	7.59e-28
 2.62378e+22	2.58e-06	1.00e+00	8.64e-28
 2.63781e+22	2.65e-06	1.00e+00	9.46e-28
 2.65209e+22	2.75e-06	1.00e+00	1.07e-27
 2.66685e+22	2.83e-06	1.00e+00	1.18e-27
 2.68223e+22	2.94e-06	1.00e+00	1.35e-27
 2.69786e+22	3.02e-06	1.00e+00	1.49e-27
 2.71380e+22	3.14e-06	1.00e+00	1.70e-27
 2.73028e+22	3.23e-06	1.00e+00	1.89e-27
 2.74747e+22	3.36e-06	1.00e+00	2.17e-27
 2.76521e+22	3.46e-06	1.00e+00	2.42e-27
 2.78367e+22	3.61e-06	1.00e+00	2.81e-27
 2.80218e+22	3.71e-06	1.00e+00	3.13e-27
 2.82075e+22	3.86e-06	1.00e+00	3.62e-27
 2.84014e+22	3.99e-06	1.00e+00	4.07e-27
 2.86058e+22	4.18e-06	1.00e+00	4.81e-27
 2.88102e+22	4.31e-06	1.00e+00	5.39e-27
 2.90145e+22	4.53e-06	1.00e+00	6.36e-27
 2.92217e+22	4.69e-06	1.00e+00	7.19e-27
 2.93965e+22	4.85e-06	1.00e+00	8.06e-27
 2.95871e+22	5.09e-06	1.00e+00	9.39e-27
 2.97771e+22	5.27e-06	1.00e+00	1.05e-26
 2.99661e+22	5.55e-06	1.00e+00	1.22e-26
 3.01566e+22	5.76e-06	1.00e+00	1.40e-26
 3.03490e+22	6.11e-06	1.00e+00	1.64e-26
 3.05425e+22	6.37e-06	1.00e+00	1.84e-26
 3.07374e+22	6.77e-06	1.00e+00	2.15e-26
 3.09348e+22	7.12e-06	1.00e+00	2.44e-26
 3.11353e+22	7.64e-06	1.00e+00	2.87e-26
 3.13378e+22	8.07e-06	1.00e+00	3.26e-26
 3.15423e+22	8.72e-06	1.00e+00	3.85e-26
 3.17364e+22	9.19e-06	1.00e+00	4.29e-26
 3.19174e+22	9.90e-06	1.00e+00	4.97e-26
 3.21022e+22	1.05e-05	1.00e+00	5.59e-26
 3.22831e+22	1.14e-05	1.00e+00	6.39e-26
 3.24682e+22	1.21e-05	1.00e+00	7.17e-26
 3.26457e+22	1.31e-05	1.00e+00	8.09e-26
 3.28251e+22	1.41e-05	1.00e+00	9.09e-26
 3.30006e+22	1.51e-05	1.00e+00	1.02e-25
 3.31734e+22	1.62e-05	1.00e+00	1.14e-25
 3.33444e+22	1.75e-05	1.00e+00	1.27e-25
 3.35146e+22	1.88e-05	1.00e+00	1.42e-25
 3.36845e+22	2.02e-05	1.00e+00	1.59e-25
 3.38547e+22	2.17e-05	1.00e+00	1.78e-25
 3.40261e+22	2.33e-05	1.00e+00	2.01e-25
 3.41996e+22	2.51e-05	1.00e+00	2.27e-25
 3.43756e+22	2.69e-05	1.00e+00	2.58e-25
 3.45548e+22	2.90e-05	1.00e+00	2.95e-25
 3.47347e+22	3.11e-05	1.00e+00	3.39e-25
 3.49187e+22	3.34e-05	1.00e+00	3.52e-25
 3.51042e+22	3.58e-05	1.00e+00	4.09e-25
 3.52947e+22	3.85e-05	1.00e+00	4.85e-25
 3.54736e+22	4.08e-05	1.00e+00	5.59e-25
 3.56556e+22	4.39e-05	1.00e+00	6.77e-25
 3.58397e+22	4.63e-05	1.00e+00	7.84e-25
 3.60265e+22	4.98e-05	1.00e+00	9.61e-25
 3.62179e+22	5.25e-05	1.00e+00	1.13e-24
 3.64152e+22	5.65e-05	1.00e+00	1.41e-24
 3.66152e+22	5.96e-05	1.00e+00	1.67e-24
 3.68188e+22	6.40e-05	1.00e+00	2.11e-24
 3.70241e+22	6.74e-05	1.00e+00	2.51e-24
 3.72317e+22	7.23e-05	1.00e+00	3.19e-24
 3.74416e+22	7.60e-05	1.00e+00	3.82e-24
 3.76546e+22	8.14e-05	1.00e+00	4.88e-24
 3.78711e+22	8.57e-05	1.00e+00	5.89e-24
 3.80921e+22	9.17e-05	1.00e+00	7.57e-24
 3.83175e+22	9.65e-05	1.00e+00	9.20e-24
 3.85485e+22	1.03e-04	1.00e+00	1.19e-23
 3.87847e+22	1.09e-04	1.00e+00	1.46e-23
 3.89837e+22	1.14e-04	1.00e+00	1.75e-23
 3.91987e+22	1.21e-04	1.00e+00	2.22e-23
 3.94160e+22	1.27e-04	1.00e+00	2.66e-23
 3.96065e+22	1.33e-04	1.00e+00	3.18e-23
 3.98242e+22	1.41e-04	1.00e+00	4.03e-23
 4.00407e+22	1.46e-04	1.00e+00	4.77e-23
 4.02556e+22	1.55e-04	1.00e+00	6.03e-23
 4.04714e+22	1.61e-04	1.00e+00	7.14e-23
 4.06883e+22	1.71e-04	1.00e+00	9.00e-23
 4.09090e+22	1.78e-04	1.00e+00	1.07e-22
 4.11344e+22	1.88e-04	1.00e+00	1.36e-22
 4.13633e+22	1.96e-04	1.00e+00	1.62e-22
 4.15965e+22	2.08e-04	1.00e+00	2.07e-22
 4.18340e+22	2.17e-04	1.00e+00	2.49e-22
 4.20772e+22	2.30e-04	1.00e+00	3.20e-22
 4.23258e+22	2.40e-04	1.00e+00	3.87e-22
 4.25814e+22	2.56e-04	1.00e+00	5.02e-22
 4.28401e+22	2.67e-04	1.00e+00	6.10e-22
 4.31027e+22	2.84e-04	1.00e+00	7.96e-22
 4.33685e+22	2.96e-04	1.00e+00	9.71e-22
 4.35959e+22	3.10e-04	1.00e+00	1.18e-21
 4.38492e+22	3.27e-04	1.00e+00	1.51e-21
 4.41051e+22	3.42e-04	1.00e+00	1.83e-21
 4.43644e+22	3.61e-04	1.00e+00	2.27e-21
 4.46156e+22	3.76e-04	1.00e+00	2.73e-21
 4.48233e+22	3.91e-04	1.00e+00	3.26e-21
 4.50602e+22	4.11e-04	1.00e+00	4.08e-21
 4.53048e+22	4.29e-04	1.00e+00	4.95e-21
 4.55249e+22	4.47e-04	1.00e+00	5.96e-21
 4.57764e+22	4.70e-04	1.00e+00	7.57e-21
 4.60358e+22	4.91e-04	1.00e+00	9.36e-21
 4.62671e+22	5.12e-04	9.99e-01	1.13e-20
 4.65290e+22	5.39e-04	9.99e-01	1.46e-20
 4.68019e+22	5.65e-04	9.99e-01	1.83e-20
 4.70479e+22	5.90e-04	9.99e-01	2.26e-20
 4.73265e+22	6.23e-04	9.99e-01	2.95e-20
 4.76128e+22	6.54e-04	9.99e-01	3.77e-20
 4.78674e+22	6.84e-04	9.99e-01	4.70e-20
 4.81567e+22	7.23e-04	9.99e-01	6.26e-20
 4.84555e+22	7.60e-04	9.99e-01	8.21e-20
 4.87194e+22	7.95e-04	9.99e-01	1.04e-19
 4.90152e+22	8.42e-04	9.99e-01	1.41e-19
 4.93176e+22	8.84e-04	9.99e-01	1.90e-19
 4.95863e+22	9.26e-04	9.99e-01	2.45e-19
 4.98934e+22	9.81e-04	9.99e-01	3.45e-19
 5.02069e+22	1.03e-03	9.99e-01	4.96e-19
 5.04856e+22	1.08e-03	9.99e-01	6.55e-19
 5.08046e+22	1.15e-03	9.99e-01	9.63e-19
 5.11304e+22	1.21e-03	9.99e-01	1.53e-18
 5.14087e+22	1.26e-03	9.99e-01	2.08e-18
 5.17143e+22	1.34e-03	9.99e-01	3.17e-18
 5.20264e+22	1.40e-03	9.99e-01	4.92e-18
 5.23046e+22	1.47e-03	9.99e-01	7.88e-18
 5.26238e+22	1.56e-03	9.98e-01	1.43e-17
 5.29369e+22	1.63e-03	9.98e-01	2.69e-17
 5.32016e+22	1.70e-03	9.98e-01	4.73e-17
 5.35052e+22	1.80e-03	9.98e-01	1.13e-16
 5.38158e+22	1.88e-03	9.98e-01	2.81e-16
 5.40643e+22	1.95e-03	9.98e-01	7.30e-16
 5.43160e+22	2.04e-03	9.98e-01	2.36e-15
 5.45720e+22	2.12e-03	9.98e-01	6.42e-15
 5.48337e+22	2.22e-03	9.98e-01	2.70e-14
 5.50982e+22	2.30e-03	9.98e-01	7.47e-14
 5.53311e+22	2.39e-03	9.98e-01	1.83e-13
 5.55985e+22	2.50e-03	9.97e-01	2.87e-13
 5.58682e+22	2.59e-03	9.97e-01	3.67e-13
 5.61408e+22	2.72e-03	9.97e-01	4.58e-13
 5.64150e+22	2.82e-03	9.97e-01	5.43e-13
 5.66912e+22	2.96e-03	9.97e-01	6.68e-13
 5.69729e+22	3.07e-03	9.97e-01	7.92e-13
 5.72619e+22	3.23e-03	9.97e-01	9.73e-13
 5.75545e+22	3.35e-03	9.97e-01	1.15e-12
 5.78519e+22	3.53e-03	9.96e-01	1.41e-12
 5.81510e+22	3.67e-03	9.96e-01	1.64e-12
 5.84521e+22	3.85e-03	9.96e-01	2.00e-12
 5.87625e+22	4.02e-03	9.96e-01	2.35e-12
 5.90851e+22	4.24e-03	9.96e-01	2.87e-12
 5.94132e+22	4.42e-03	9.96e-01	3.35e-12
 5.96726e+22	4.56e-03	9.95e-01	3.78e-12
 5.99340e+22	4.76e-03	9.95e-01	4.41e-12
 6.01963e+22	4.91e-03	9.95e-01	4.95e-12
 6.04597e+22	5.12e-03	9.95e-01	5.70e-12
 6.07301e+22	5.30e-03	9.95e-01	6.45e-12
 6.10094e+22	5.53e-03	9.94e-01	7.45e-12
 6.12916e+22	5.72e-03	9.94e-01	8.38e-12
 6.15773e+22	5.99e-03	9.94e-01	9.75e-12
 6.18638e+22	6.19e-03	9.94e-01	1.09e-11
 6.21513e+22	6.47e-03	9.94e-01	1.25e-11
 6.24474e+22	6.71e-03	9.93e-01	1.40e-11
 6.27546e+22	7.04e-03	9.93e-01	1.63e-11
 6.30371e+22	7.21e-03	9.93e-01	1.77e-11
 6.32305e+22	7.37e-03	9.93e-01	1.90e-11
 6.34252e+22	7.59e-03	9.92e-01	2.07e-11
 6.36783e+22	7.88e-03	9.92e-01	2.31e-11
 6.39333e+22	8.10e-03	9.92e-01	2.52e-11
 6.41549e+22	8.34e-03	9.92e-01	2.75e-11
 6.43497e+22	8.51e-03	9.91e-01	2.93e-11
 6.45454e+22	8.76e-03	9.91e-01	3.18e-11
 6.47997e+22	9.10e-03	9.91e-01	3.56e-11
 6.50507e+22	9.34e-03	9.91e-01	3.86e-11
 6.52973e+22	9.69e-03	9.90e-01	4.28e-11
 6.55703e+22	1.00e-02	9.90e-01	4.74e-11
 6.58777e+22	1.05e-02	9.89e-01	5.42e-11
 6.61956e+22	1.09e-02	9.89e-01	6.03e-11
 6.65272e+22	1.15e-02	9.89e-01	6.95e-11
 6.68838e+22	1.20e-02	9.88e-01	7.91e-11
 6.72730e+22	1.28e-02	9.87e-01	9.43e-11
 6.76582e+22	1.34e-02	9.87e-01	1.07e-10
 6.80382e+22	1.43e-02	9.86e-01	1.28e-10
 6.84234e+22	1.50e-02	9.85e-01	1.47e-10
 6.88153e+22	1.62e-02	9.84e-01	1.79e-10
 6.92086e+22	1.71e-02	9.83e-01	2.09e-10
 6.95117e+22	1.80e-02	9.82e-01	2.37e-10
 6.98139e+22	1.92e-02	9.81e-01	2.81e-10
 7.01138e+22	2.03e-02	9.80e-01	3.24e-10
 7.03689e+22	2.14e-02	9.79e-01	3.72e-10
 7.06587e+22	2.31e-02	9.77e-01	4.50e-10
 7.09526e+22	2.48e-02	9.75e-01	5.35e-10
 7.12085e+22	2.66e-02	9.73e-01	6.37e-10
 7.14978e+22	2.92e-02	9.71e-01	8.01e-10
 7.17964e+22	3.20e-02	9.68e-01	1.00e-09
 7.20597e+22	3.52e-02	9.65e-01	1.25e-09
 7.23546e+22	3.97e-02	9.60e-01	1.67e-09
 7.26701e+22	4.53e-02	9.55e-01	2.28e-09
 7.29514e+22	5.17e-02	9.48e-01	3.09e-09
 7.32099e+22	5.91e-02	9.41e-01	4.21e-09
 7.34552e+22	6.77e-02	9.32e-01	5.76e-09
 7.36150e+22	7.33e-02	9.27e-01	6.87e-09
 7.36795e+22	7.62e-02	9.24e-01	7.53e-09
 7.37287e+22	7.87e-02	9.21e-01	8.10e-09
 7.37867e+22	8.16e-02	9.18e-01	8.78e-09
 7.38574e+22	8.54e-02	9.15e-01	9.76e-09
 7.39298e+22	8.96e-02	9.10e-01	1.09e-08
 7.39960e+22	9.36e-02	9.06e-01	1.20e-08
 7.40578e+22	9.75e-02	9.03e-01	1.31e-08
 7.41202e+22	1.02e-01	8.98e-01	1.46e-08
 7.41828e+22	1.06e-01	8.94e-01	1.61e-08
 7.42428e+22	1.11e-01	8.89e-01	1.77e-08
 7.43018e+22	1.16e-01	8.84e-01	1.95e-08
 7.43624e+22	1.21e-01	8.79e-01	2.16e-08
 7.44221e+22	1.26e-01	8.74e-01	2.38e-08
 7.44800e+22	1.32e-01	8.68e-01	2.65e-08
 7.45365e+22	1.38e-01	8.62e-01	2.89e-08
 7.45928e+22	1.44e-01	8.56e-01	3.21e-08
 7.46493e+22	1.50e-01	8.50e-01	3.55e-08
 7.47035e+22	1.57e-01	8.43e-01	3.91e-08
 7.47580e+22	1.64e-01	8.36e-01	4.32e-08
 7.48125e+22	1.70e-01	8.30e-01	4.74e-08
 7.48673e+22	1.78e-01	8.22e-01	5.26e-08
 7.49216e+22	1.86e-01	8.14e-01	5.82e-08
 7.49739e+22	1.94e-01	8.06e-01	6.41e-08
 7.50260e+22	2.02e-01	7.98e-01	7.06e-08
 7.50786e+22	2.09e-01	7.91e-01	7.69e-08
 7.51346e+22	2.19e-01	7.81e-01	8.59e-08
 7.51907e+22	2.29e-01	7.71e-01	9.59e-08
 7.52411e+22	2.38e-01	7.62e-01	1.05e-07
 7.52905e+22	2.47e-01	7.53e-01	1.14e-07
 7.53463e+22	2.58e-01	7.42e-01	1.27e-07
 7.54043e+22	2.69e-01	7.31e-01	1.42e-07
 7.54567e+22	2.80e-01	7.20e-01	1.57e-07
 7.55056e+22	2.89e-01	7.11e-01	1.69e-07
 7.55606e+22	3.02e-01	6.98e-01	1.88e-07
 7.56200e+22	3.15e-01	6.85e-01	2.10e-07
 7.56744e+22	3.27e-01	6.73e-01	2.32e-07
 7.57258e+22	3.38e-01	6.62e-01	2.51e-07
 7.57814e+22	3.51e-01	6.49e-01	2.78e-07
 7.58402e+22	3.65e-01	6.35e-01	3.09e-07
 7.58961e+22	3.78e-01	6.22e-01	3.39e-07
 7.59515e+22	3.91e-01	6.09e-01	3.71e-07
 7.60098e+22	4.05e-01	5.95e-01	4.10e-07
 7.60693e+22	4.19e-01	5.81e-01	4.53e-07
 7.61274e+22	4.32e-01	5.68e-01	4.94e-07
 7.61880e+22	4.47e-01	5.53e-01	5.47e-07
 7.62504e+22	4.61e-01	5.39e-01	5.96e-07
 7.63148e+22	4.76e-01	5.24e-01	6.58e-07
 7.63812e+22	4.91e-01	5.09e-01	7.26e-07
 7.64461e+22	5.06e-01	4.94e-01	7.94e-07
 7.65126e+22	5.20e-01	4.80e-01	8.66e-07
 7.65842e+22	5.36e-01	4.64e-01	9.59e-07
 7.66518e+22	5.49e-01	4.51e-01	1.03e-06
 7.67118e+22	5.61e-01	4.39e-01	1.12e-06
 7.67727e+22	5.73e-01	4.27e-01	1.20e-06
 7.68371e+22	5.85e-01	4.15e-01	1.29e-06
 7.69045e+22	5.97e-01	4.03e-01	1.39e-06
 7.69737e+22	6.09e-01	3.91e-01	1.51e-06
 7.70422e+22	6.21e-01	3.79e-01	1.61e-06
 7.71126e+22	6.32e-01	3.68e-01	1.74e-06
 7.71868e+22	6.44e-01	3.56e-01	1.88e-06
 7.72616e+22	6.56e-01	3.44e-01	2.01e-06
 7.73375e+22	6.66e-01	3.34e-01	2.16e-06
 7.74169e+22	6.77e-01	3.23e-01	2.31e-06
 7.75002e+22	6.88e-01	3.12e-01	2.49e-06
 7.75855e+22	6.99e-01	3.01e-01	2.66e-06
 7.76735e+22	7.09e-01	2.91e-01	2.86e-06
 7.77656e+22	7.19e-01	2.81e-01	3.07e-06
 7.78608e+22	7.29e-01	2.71e-01	3.29e-06
 7.79603e+22	7.38e-01	2.62e-01	3.52e-06
 7.80660e+22	7.47e-01	2.53e-01	3.77e-06
 7.81779e+22	7.57e-01	2.43e-01	4.05e-06
 7.82952e+22	7.65e-01	2.35e-01	4.34e-06
 7.84200e+22	7.74e-01	2.26e-01	4.66e-06
 7.85533e+22	7.82e-01	2.18e-01	5.01e-06
 7.86938e+22	7.90e-01	2.10e-01	5.38e-06
 7.88408e+22	7.97e-01	2.03e-01	5.78e-06
 7.89962e+22	8.04e-01	1.96e-01	6.20e-06
 7.91602e+22	8.10e-01	1.89e-01	6.68e-06
 7.93333e+22	8.17e-01	1.83e-01	7.21e-06
 7.95147e+22	8.23e-01	1.77e-01	7.80e-06
 7.97003e+22	8.29e-01	1.71e-01	8.43e-06
 7.98878e+22	8.35e-01	1.65e-01	9.18e-06
 8.00720e+22	8.40e-01	1.60e-01	9.93e-06
 8.02528e+22	8.45e-01	1.55e-01	1.08e-05
 8.04338e+22	8.50e-01	1.50e-01	1.17e-05
 8.06125e+22	8.54e-01	1.46e-01	1.27e-05
 8.07874e+22	8.58e-01	1.42e-01	1.38e-05
 8.09623e+22	8.62e-01	1.38e-01	1.50e-05
 8.11342e+22	8.66e-01	1.34e-01	1.64e-05
 8.12984e+22	8.70e-01	1.30e-01	1.78e-05
 8.14585e+22	8.74e-01	1.26e-01	1.94e-05
 8.16158e+22	8.77e-01	1.23e-01	2.11e-05
 8.17700e+22	8.81e-01	1.19e-01	2.30e-05
 8.19198e+22	8.84e-01	1.16e-01	2.51e-05
 8.20650e+22	8.87e-01	1.13e-01	2.74e-05
 8.22072e+22	8.90e-01	1.10e-01	2.98e-05
 8.23486e+22	8.93e-01	1.07e-01	3.26e-05
 8.24887e+22	8.96e-01	1.04e-01	3.57e-05
 8.26240e+22	8.98e-01	1.01e-01	3.90e-05
 8.27552e+22	9.01e-01	9.89e-02	4.26e-05
 8.28835e+22	9.04e-01	9.63e-02	4.65e-05
 8.30061e+22	9.06e-01	9.39e-02	5.07e-05
 8.31208e+22	9.08e-01	9.17e-02	5.51e-05
 8.32287e+22	9.10e-01	8.97e-02	5.97e-05
 8.33317e+22	9.12e-01	8.77e-02	6.47e-05
 8.34123e+22	9.13e-01	8.64e-02	6.87e-05
 8.34606e+22	9.14e-01	8.59e-02	7.13e-05
 8.34935e+22	9.14e-01	8.57e-02	7.30e-05
 8.35253e+22	9.15e-01	8.53e-02	7.49e-05
 8.35613e+22	9.15e-01	8.45e-02	7.72e-05
 8.35984e+22	9.16e-01	8.37e-02	7.96e-05
 8.36341e+22	9.17e-01	8.30e-02	8.21e-05
 8.36688e+22	9.18e-01	8.23e-02	8.45e-05
 8.37032e+22	9.18e-01	8.17e-02	8.69e-05
 8.37388e+22	9.19e-01	8.10e-02	8.95e-05
 8.37749e+22	9.20e-01	8.03e-02	9.23e-05
 8.38105e+22	9.20e-01	7.96e-02	9.52e-05
 8.38454e+22	9.21e-01	7.89e-02	9.77e-05
 8.38815e+22	9.22e-01	7.82e-02	1.00e-04
 8.39203e+22	9.22e-01	7.73e-02	1.04e-04
 8.39594e+22	9.23e-01	7.66e-02	1.07e-04
 8.39982e+22	9.24e-01	7.59e-02	1.10e-04
 8.40376e+22	9.25e-01	7.51e-02	1.13e-04
 8.40762e+22	9.25e-01	7.44e-02	1.16e-04
 8.41151e+22	9.26e-01	7.37e-02	1.20e-04
 8.41557e+22	9.27e-01	7.28e-02	1.23e-04
 8.41959e+22	9.28e-01	7.22e-02	1.27e-04
 8.42361e+22	9.28e-01	7.13e-02	1.31e-04
 8.42769e+22	9.29e-01	7.07e-02	1.34e-04
 8.43190e+22	9.30e-01	6.98e-02	1.38e-04
 8.43623e+22	9.31e-01	6.89e-02	1.43e-04
 8.44027e+22	9.32e-01	6.81e-02	1.47e-04
 8.44387e+22	9.32e-01	6.77e-02	1.50e-04
 8.44782e+22	9.33e-01	6.69e-02	1.54e-04
 8.45208e+22	9.34e-01	6.61e-02	1.58e-04
 8.45595e+22	9.34e-01	6.54e-02	1.62e-04
 8.46011e+22	9.35e-01	6.47e-02	1.66e-04
 8.46453e+22	9.36e-01	6.38e-02	1.70e-04
 8.46855e+22	9.37e-01	6.30e-02	1.73e-04
 8.47220e+22	9.37e-01	6.26e-02	1.77e-04
 8.47621e+22	9.38e-01	6.19e-02	1.80e-04
 8.48054e+22	9.39e-01	6.10e-02	1.84e-04
 8.48447e+22	9.39e-01	6.03e-02	1.88e-04
 8.48806e+22	9.40e-01	5.99e-02	1.92e-04
 8.49198e+22	9.40e-01	5.92e-02	1.96e-04
 8.49622e+22	9.41e-01	5.84e-02	2.00e-04
 8.50008e+22	9.42e-01	5.77e-02	2.04e-04
 8.50358e+22	9.42e-01	5.74e-02	2.08e-04
 8.50743e+22	9.43e-01	5.67e-02	2.11e-04
 8.51158e+22	9.44e-01	5.59e-02	2.15e-04
 8.51536e+22	9.44e-01	5.53e-02	2.19e-04
 8.51880e+22	9.45e-01	5.50e-02	2.21e-04
 8.52256e+22	9.45e-01	5.43e-02	2.24e-04
 8.52663e+22	9.46e-01	5.36e-02	2.28e-04
 8.53109e+22	9.47e-01	5.30e-02	2.31e-04
 8.53590e+22	9.47e-01	5.23e-02	2.35e-04
 8.54028e+22	9.48e-01	5.19e-02	2.36e-04
 8.54426e+22	9.48e-01	5.13e-02	2.41e-04
 8.54863e+22	9.49e-01	5.07e-02	2.44e-04
 8.55334e+22	9.50e-01	5.00e-02	2.46e-04
 8.55763e+22	9.50e-01	4.95e-02	2.48e-04
 8.56233e+22	9.51e-01	4.88e-02	2.52e-04
 8.56740e+22	9.51e-01	4.81e-02	2.54e-04
 8.57202e+22	9.52e-01	4.77e-02	2.56e-04
 8.57708e+22	9.53e-01	4.70e-02	2.57e-04
 8.58254e+22	9.53e-01	4.63e-02	2.60e-04
 8.58751e+22	9.54e-01	4.56e-02	2.61e-04
 8.59204e+22	9.54e-01	4.53e-02	2.62e-04
 8.59699e+22	9.55e-01	4.46e-02	2.63e-04
 8.60235e+22	9.56e-01	4.39e-02	2.64e-04
 8.60722e+22	9.56e-01	4.34e-02	2.65e-04
 8.61165e+22	9.57e-01	4.29e-02	2.64e-04
 8.61568e+22	9.57e-01	4.26e-02	2.65e-04
 8.62010e+22	9.57e-01	4.20e-02	2.65e-04
 8.62487e+22	9.58e-01	4.14e-02	2.65e-04
 8.62921e+22	9.59e-01	4.09e-02	2.64e-04
 8.63316e+22	9.59e-01	4.06e-02	2.64e-04
 8.63749e+22	9.59e-01	4.01e-02	2.64e-04
 8.64216e+22	9.60e-01	3.96e-02	2.63e-04
 8.64641e+22	9.60e-01	3.91e-02	2.61e-04
 8.65028e+22	9.61e-01	3.88e-02	2.60e-04
 8.65453e+22	9.61e-01	3.84e-02	2.58e-04
 8.65910e+22	9.62e-01	3.78e-02	2.57e-04
 8.66327e+22	9.62e-01	3.74e-02	2.54e-04
 8.66706e+22	9.62e-01	3.72e-02	2.53e-04
 8.67122e+22	9.63e-01	3.67e-02	2.51e-04
 8.67570e+22	9.63e-01	3.62e-02	2.50e-04
 8.67978e+22	9.64e-01	3.59e-02	2.48e-04
 8.68425e+22	9.64e-01	3.55e-02	2.46e-04
 8.68908e+22	9.64e-01	3.51e-02	2.45e-04
 8.69437e+22	9.65e-01	3.45e-02	2.43e-04
 8.70008e+22	9.65e-01	3.40e-02	2.41e-04
 8.70528e+22	9.66e-01	3.36e-02	2.39e-04
 8.71001e+22	9.66e-01	3.33e-02	2.38e-04
 8.71520e+22	9.67e-01	3.28e-02	2.35e-04
 8.72079e+22	9.67e-01	3.24e-02	2.34e-04
 8.72588e+22	9.67e-01	3.21e-02	2.33e-04
 8.73146e+22	9.68e-01	3.15e-02	2.30e-04
 8.73749e+22	9.68e-01	3.11e-02	2.28e-04
 8.74297e+22	9.69e-01	3.08e-02	2.26e-04
 8.74897e+22	9.69e-01	3.02e-02	2.23e-04
 8.75546e+22	9.70e-01	2.98e-02	2.21e-04
 8.76136e+22	9.70e-01	2.94e-02	2.20e-04
 8.76783e+22	9.71e-01	2.88e-02	2.18e-04
 8.77481e+22	9.71e-01	2.84e-02	2.15e-04
 8.78116e+22	9.72e-01	2.80e-02	2.13e-04
 8.78694e+22	9.72e-01	2.77e-02	2.12e-04
 8.79328e+22	9.72e-01	2.73e-02	2.09e-04
 8.80011e+22	9.73e-01	2.68e-02	2.08e-04
 8.80634e+22	9.73e-01	2.65e-02	2.06e-04
 8.81316e+22	9.74e-01	2.60e-02	2.03e-04
 8.82052e+22	9.74e-01	2.56e-02	2.02e-04
 8.82722e+22	9.74e-01	2.53e-02	2.00e-04
 8.83332e+22	9.75e-01	2.50e-02	1.99e-04
 8.84000e+22	9.75e-01	2.45e-02	1.97e-04
 8.84721e+22	9.75e-01	2.42e-02	1.96e-04
 8.85377e+22	9.76e-01	2.39e-02	1.94e-04
 8.86096e+22	9.76e-01	2.34e-02	1.93e-04
 8.86873e+22	9.77e-01	2.30e-02	1.91e-04
 8.87579e+22	9.77e-01	2.27e-02	1.90e-04
 8.88354e+22	9.77e-01	2.23e-02	1.88e-04
 8.89190e+22	9.78e-01	2.19e-02	1.87e-04
 8.89950e+22	9.78e-01	2.16e-02	1.86e-04
 8.90642e+22	9.78e-01	2.13e-02	1.85e-04
 8.91401e+22	9.79e-01	2.09e-02	1.83e-04
 8.92220e+22	9.79e-01	2.06e-02	1.82e-04
 8.92965e+22	9.79e-01	2.03e-02	1.81e-04
 8.93781e+22	9.80e-01	1.99e-02	1.80e-04
 8.94663e+22	9.80e-01	1.96e-02	1.79e-04
 8.95465e+22	9.80e-01	1.93e-02	1.78e-04
 8.96344e+22	9.81e-01	1.89e-02	1.77e-04
 8.97293e+22	9.81e-01	1.86e-02	1.76e-04
 8.98156e+22	9.81e-01	1.83e-02	1.75e-04
 8.98942e+22	9.82e-01	1.80e-02	1.75e-04
 8.99803e+22	9.82e-01	1.77e-02	1.74e-04
 9.00733e+22	9.82e-01	1.74e-02	1.73e-04
 9.01579e+22	9.83e-01	1.71e-02	1.73e-04
 9.02349e+22	9.83e-01	1.69e-02	1.72e-04
 9.03192e+22	9.83e-01	1.66e-02	1.71e-04
 9.04103e+22	9.83e-01	1.63e-02	1.71e-04
 9.04932e+22	9.84e-01	1.61e-02	1.71e-04
 9.05840e+22	9.84e-01	1.58e-02	1.70e-04
 9.06821e+22	9.84e-01	1.55e-02	1.69e-04
 9.07713e+22	9.84e-01	1.52e-02	1.69e-04
 9.08690e+22	9.85e-01	1.49e-02	1.69e-04
 9.09746e+22	9.85e-01	1.47e-02	1.68e-04
 9.10706e+22	9.85e-01	1.44e-02	1.68e-04
 9.11580e+22	9.85e-01	1.42e-02	1.68e-04
 9.12538e+22	9.86e-01	1.39e-02	1.68e-04
 9.13572e+22	9.86e-01	1.37e-02	1.67e-04
 9.14513e+22	9.86e-01	1.34e-02	1.67e-04
 9.15544e+22	9.86e-01	1.32e-02	1.67e-04
 9.16657e+22	9.87e-01	1.29e-02	1.67e-04
 9.17670e+22	9.87e-01	1.27e-02	1.67e-04
 9.18780e+22	9.87e-01	1.24e-02	1.67e-04
 9.19978e+22	9.87e-01	1.22e-02	1.67e-04
 9.21069e+22	9.88e-01	1.20e-02	1.68e-04
 9.22263e+22	9.88e-01	1.17e-02	1.68e-04
 9.23553e+22	9.88e-01	1.15e-02	1.68e-04
 9.24727e+22	9.88e-01	1.12e-02	1.68e-04
 9.25495e+22	9.88e-01	1.12e-02	1.69e-04
