#depth	Ne	Ne+	Ne+2	Ne+3	Ne+4	Ne+5	Ne+6	Ne+7	Ne+8	Ne+9	Ne+10
 4.62852e+21	0.00e+00	6.60e-28	9.24e-23	1.80e-18	7.95e-15	8.60e-12	3.66e-09	9.47e-07	7.95e-04	5.47e-02	9.45e-01
 1.05482e+22	1.90e-32	2.65e-26	2.44e-21	3.15e-17	9.29e-14	6.70e-11	1.87e-08	3.17e-06	1.77e-03	8.04e-02	9.18e-01
 1.25894e+22	2.65e-31	2.80e-25	1.97e-20	1.95e-16	4.43e-13	2.46e-10	5.20e-08	6.71e-06	2.90e-03	1.02e-01	8.95e-01
 1.37146e+22	1.06e-30	9.66e-25	5.87e-20	5.06e-16	1.00e-12	4.85e-10	8.87e-08	9.91e-06	3.73e-03	1.14e-01	8.82e-01
 1.41834e+22	1.55e-30	1.36e-24	7.94e-20	6.58e-16	1.26e-12	5.85e-10	1.03e-07	1.10e-05	4.00e-03	1.18e-01	8.78e-01
 1.43631e+22	2.19e-30	1.86e-24	1.05e-19	8.38e-16	1.55e-12	6.95e-10	1.18e-07	1.22e-05	4.26e-03	1.22e-01	8.74e-01
 1.45606e+22	3.27e-30	2.66e-24	1.44e-19	1.10e-15	1.96e-12	8.46e-10	1.37e-07	1.36e-05	4.58e-03	1.26e-01	8.70e-01
 1.47698e+22	4.63e-30	3.62e-24	1.89e-19	1.40e-15	2.41e-12	1.00e-09	1.57e-07	1.50e-05	4.88e-03	1.29e-01	8.66e-01
 1.49944e+22	7.54e-30	5.61e-24	2.78e-19	1.96e-15	3.21e-12	1.27e-09	1.89e-07	1.71e-05	5.32e-03	1.35e-01	8.60e-01
 1.52109e+22	1.08e-29	7.75e-24	3.70e-19	2.52e-15	3.97e-12	1.52e-09	2.17e-07	1.89e-05	5.67e-03	1.39e-01	8.56e-01
 1.54168e+22	1.67e-29	1.14e-23	5.22e-19	3.40e-15	5.14e-12	1.88e-09	2.56e-07	2.14e-05	6.13e-03	1.44e-01	8.50e-01
 1.56300e+22	2.42e-29	1.59e-23	7.00e-19	4.39e-15	6.40e-12	2.26e-09	2.96e-07	2.37e-05	6.55e-03	1.48e-01	8.45e-01
 1.58525e+22	4.00e-29	2.50e-23	1.04e-18	6.21e-15	8.61e-12	2.89e-09	3.58e-07	2.72e-05	7.15e-03	1.54e-01	8.39e-01
 1.60739e+22	5.93e-29	3.55e-23	1.42e-18	8.14e-15	1.09e-11	3.50e-09	4.16e-07	3.03e-05	7.66e-03	1.59e-01	8.33e-01
 1.62543e+22	8.29e-29	4.80e-23	1.85e-18	1.03e-14	1.32e-11	4.13e-09	4.72e-07	3.32e-05	8.13e-03	1.63e-01	8.29e-01
 1.64492e+22	1.31e-28	7.21e-23	2.65e-18	1.40e-14	1.73e-11	5.16e-09	5.61e-07	3.76e-05	8.79e-03	1.69e-01	8.22e-01
 1.66453e+22	1.85e-28	9.82e-23	3.49e-18	1.78e-14	2.12e-11	6.11e-09	6.40e-07	4.13e-05	9.33e-03	1.74e-01	8.17e-01
 1.68080e+22	2.58e-28	1.33e-22	4.54e-18	2.24e-14	2.59e-11	7.19e-09	7.26e-07	4.52e-05	9.88e-03	1.78e-01	8.12e-01
 1.69582e+22	3.53e-28	1.75e-22	5.81e-18	2.78e-14	3.11e-11	8.37e-09	8.17e-07	4.92e-05	1.04e-02	1.82e-01	8.07e-01
 1.70965e+22	4.73e-28	2.28e-22	7.32e-18	3.40e-14	3.69e-11	9.64e-09	9.12e-07	5.32e-05	1.09e-02	1.86e-01	8.03e-01
 1.72237e+22	6.04e-28	2.84e-22	8.89e-18	4.02e-14	4.27e-11	1.09e-08	1.00e-06	5.69e-05	1.14e-02	1.90e-01	7.99e-01
 1.73672e+22	8.47e-28	3.84e-22	1.16e-17	5.08e-14	5.21e-11	1.28e-08	1.14e-06	6.23e-05	1.21e-02	1.95e-01	7.93e-01
 1.75155e+22	1.15e-27	5.05e-22	1.48e-17	6.27e-14	6.23e-11	1.49e-08	1.28e-06	6.76e-05	1.27e-02	1.99e-01	7.88e-01
 1.76400e+22	1.51e-27	6.45e-22	1.84e-17	7.56e-14	7.32e-11	1.70e-08	1.41e-06	7.27e-05	1.33e-02	2.03e-01	7.84e-01
 1.77536e+22	1.94e-27	8.08e-22	2.24e-17	8.98e-14	8.48e-11	1.92e-08	1.55e-06	7.77e-05	1.39e-02	2.07e-01	7.79e-01
 1.78832e+22	2.66e-27	1.07e-21	2.87e-17	1.11e-13	1.02e-10	2.23e-08	1.75e-06	8.45e-05	1.46e-02	2.11e-01	7.74e-01
 1.80131e+22	3.46e-27	1.35e-21	3.53e-17	1.33e-13	1.19e-10	2.54e-08	1.93e-06	9.06e-05	1.53e-02	2.15e-01	7.69e-01
 1.81241e+22	4.45e-27	1.70e-21	4.30e-17	1.59e-13	1.38e-10	2.87e-08	2.11e-06	9.68e-05	1.59e-02	2.19e-01	7.65e-01
 1.82490e+22	6.10e-27	2.25e-21	5.51e-17	1.97e-13	1.66e-10	3.34e-08	2.38e-06	1.05e-04	1.68e-02	2.24e-01	7.59e-01
 1.83759e+22	7.88e-27	2.83e-21	6.75e-17	2.35e-13	1.93e-10	3.78e-08	2.62e-06	1.12e-04	1.75e-02	2.28e-01	7.55e-01
 1.85053e+22	1.12e-26	3.87e-21	8.90e-17	2.98e-13	2.37e-10	4.47e-08	2.98e-06	1.23e-04	1.85e-02	2.33e-01	7.48e-01
 1.86321e+22	1.44e-26	4.86e-21	1.09e-16	3.55e-13	2.74e-10	5.06e-08	3.27e-06	1.32e-04	1.93e-02	2.37e-01	7.43e-01
 1.87354e+22	1.86e-26	6.10e-21	1.33e-16	4.22e-13	3.18e-10	5.71e-08	3.59e-06	1.41e-04	2.01e-02	2.41e-01	7.38e-01
 1.88324e+22	2.36e-26	7.55e-21	1.60e-16	4.97e-13	3.66e-10	6.41e-08	3.92e-06	1.50e-04	2.08e-02	2.45e-01	7.34e-01
 1.89418e+22	3.17e-26	9.83e-21	2.02e-16	6.08e-13	4.34e-10	7.38e-08	4.37e-06	1.61e-04	2.18e-02	2.50e-01	7.28e-01
 1.90544e+22	4.15e-26	1.25e-20	2.50e-16	7.30e-13	5.08e-10	8.39e-08	4.82e-06	1.73e-04	2.28e-02	2.54e-01	7.23e-01
 1.91526e+22	5.23e-26	1.54e-20	3.00e-16	8.55e-13	5.81e-10	9.38e-08	5.25e-06	1.84e-04	2.36e-02	2.58e-01	7.18e-01
 1.92616e+22	7.25e-26	2.06e-20	3.88e-16	1.07e-12	7.03e-10	1.10e-07	5.92e-06	2.00e-04	2.49e-02	2.63e-01	7.11e-01
 1.93713e+22	9.39e-26	2.60e-20	4.75e-16	1.27e-12	8.16e-10	1.24e-07	6.51e-06	2.13e-04	2.59e-02	2.68e-01	7.06e-01
 1.94818e+22	1.31e-25	3.49e-20	6.15e-16	1.59e-12	9.88e-10	1.45e-07	7.34e-06	2.32e-04	2.73e-02	2.73e-01	6.99e-01
 1.95940e+22	1.72e-25	4.47e-20	7.65e-16	1.92e-12	1.16e-09	1.66e-07	8.11e-06	2.49e-04	2.84e-02	2.78e-01	6.93e-01
 1.96890e+22	2.21e-25	5.59e-20	9.31e-16	2.28e-12	1.34e-09	1.87e-07	8.88e-06	2.65e-04	2.96e-02	2.82e-01	6.88e-01
 1.97931e+22	3.07e-25	7.51e-20	1.21e-15	2.85e-12	1.62e-09	2.18e-07	1.00e-05	2.88e-04	3.11e-02	2.88e-01	6.81e-01
 1.98980e+22	3.99e-25	9.49e-20	1.48e-15	3.41e-12	1.89e-09	2.47e-07	1.10e-05	3.07e-04	3.24e-02	2.92e-01	6.75e-01
 2.00039e+22	5.70e-25	1.30e-19	1.96e-15	4.34e-12	2.32e-09	2.93e-07	1.25e-05	3.36e-04	3.41e-02	2.98e-01	6.67e-01
 2.01098e+22	7.39e-25	1.65e-19	2.40e-15	5.18e-12	2.70e-09	3.32e-07	1.38e-05	3.59e-04	3.55e-02	3.03e-01	6.61e-01
 2.02018e+22	9.73e-25	2.11e-19	2.98e-15	6.24e-12	3.16e-09	3.78e-07	1.52e-05	3.84e-04	3.70e-02	3.08e-01	6.55e-01
 2.02922e+22	1.27e-24	2.68e-19	3.68e-15	7.48e-12	3.69e-09	4.29e-07	1.68e-05	4.11e-04	3.85e-02	3.12e-01	6.49e-01
 2.03945e+22	1.82e-24	3.70e-19	4.88e-15	9.55e-12	4.54e-09	5.09e-07	1.91e-05	4.50e-04	4.07e-02	3.19e-01	6.40e-01
 2.04954e+22	2.36e-24	4.67e-19	5.99e-15	1.14e-11	5.27e-09	5.76e-07	2.10e-05	4.80e-04	4.23e-02	3.23e-01	6.34e-01
 2.05944e+22	3.36e-24	6.40e-19	7.89e-15	1.44e-11	6.46e-09	6.81e-07	2.38e-05	5.24e-04	4.46e-02	3.29e-01	6.25e-01
 2.06948e+22	4.46e-24	8.24e-19	9.85e-15	1.75e-11	7.60e-09	7.79e-07	2.64e-05	5.62e-04	4.65e-02	3.34e-01	6.19e-01
 2.07969e+22	6.41e-24	1.14e-18	1.31e-14	2.24e-11	9.37e-09	9.26e-07	3.01e-05	6.16e-04	4.91e-02	3.41e-01	6.09e-01
 2.08970e+22	8.38e-24	1.45e-18	1.62e-14	2.68e-11	1.09e-08	1.05e-06	3.32e-05	6.58e-04	5.11e-02	3.46e-01	6.03e-01
 2.09945e+22	1.19e-23	1.99e-18	2.13e-14	3.40e-11	1.34e-08	1.25e-06	3.78e-05	7.19e-04	5.38e-02	3.52e-01	5.93e-01
 2.10934e+22	1.58e-23	2.56e-18	2.66e-14	4.11e-11	1.58e-08	1.43e-06	4.19e-05	7.72e-04	5.61e-02	3.57e-01	5.86e-01
 2.11943e+22	2.28e-23	3.56e-18	3.55e-14	5.27e-11	1.95e-08	1.70e-06	4.80e-05	8.46e-04	5.92e-02	3.64e-01	5.76e-01
 2.12964e+22	3.05e-23	4.61e-18	4.45e-14	6.41e-11	2.31e-08	1.95e-06	5.34e-05	9.10e-04	6.18e-02	3.69e-01	5.68e-01
 2.14001e+22	4.44e-23	6.47e-18	5.99e-14	8.28e-11	2.87e-08	2.34e-06	6.14e-05	1.00e-03	6.54e-02	3.76e-01	5.58e-01
 2.15044e+22	5.93e-23	8.37e-18	7.51e-14	1.01e-10	3.39e-08	2.69e-06	6.83e-05	1.08e-03	6.82e-02	3.81e-01	5.50e-01
 2.16094e+22	8.66e-23	1.18e-17	1.01e-13	1.30e-10	4.23e-08	3.24e-06	7.87e-05	1.19e-03	7.22e-02	3.88e-01	5.39e-01
 2.17119e+22	1.13e-22	1.49e-17	1.25e-13	1.56e-10	4.94e-08	3.68e-06	8.70e-05	1.27e-03	7.51e-02	3.92e-01	5.31e-01
 2.18112e+22	1.60e-22	2.04e-17	1.64e-13	1.97e-10	6.05e-08	4.36e-06	9.91e-05	1.39e-03	7.91e-02	3.99e-01	5.21e-01
 2.19124e+22	2.10e-22	2.61e-17	2.04e-13	2.38e-10	7.10e-08	4.99e-06	1.10e-04	1.49e-03	8.24e-02	4.03e-01	5.13e-01
 2.20162e+22	2.99e-22	3.58e-17	2.69e-13	3.02e-10	8.73e-08	5.94e-06	1.26e-04	1.63e-03	8.68e-02	4.10e-01	5.02e-01
 2.21217e+22	3.92e-22	4.57e-17	3.33e-13	3.64e-10	1.02e-07	6.79e-06	1.40e-04	1.75e-03	9.04e-02	4.14e-01	4.93e-01
 2.22292e+22	5.56e-22	6.26e-17	4.39e-13	4.62e-10	1.26e-07	8.08e-06	1.60e-04	1.92e-03	9.53e-02	4.20e-01	4.82e-01
 2.23390e+22	7.28e-22	7.98e-17	5.44e-13	5.56e-10	1.48e-07	9.24e-06	1.77e-04	2.06e-03	9.93e-02	4.25e-01	4.74e-01
 2.24515e+22	1.03e-21	1.10e-16	7.19e-13	7.08e-10	1.82e-07	1.10e-05	2.03e-04	2.27e-03	1.05e-01	4.31e-01	4.62e-01
 2.25665e+22	1.35e-21	1.39e-16	8.89e-13	8.50e-10	2.14e-07	1.26e-05	2.26e-04	2.43e-03	1.09e-01	4.35e-01	4.53e-01
 2.26848e+22	1.91e-21	1.90e-16	1.17e-12	1.08e-09	2.63e-07	1.50e-05	2.59e-04	2.67e-03	1.15e-01	4.41e-01	4.42e-01
 2.28030e+22	2.46e-21	2.40e-16	1.44e-12	1.29e-09	3.06e-07	1.71e-05	2.86e-04	2.86e-03	1.19e-01	4.45e-01	4.33e-01
 2.29212e+22	3.43e-21	3.23e-16	1.87e-12	1.62e-09	3.73e-07	2.02e-05	3.27e-04	3.13e-03	1.25e-01	4.50e-01	4.22e-01
 2.30423e+22	4.43e-21	4.07e-16	2.29e-12	1.93e-09	4.36e-07	2.30e-05	3.62e-04	3.35e-03	1.30e-01	4.53e-01	4.13e-01
 2.31671e+22	6.16e-21	5.49e-16	2.99e-12	2.43e-09	5.32e-07	2.73e-05	4.13e-04	3.66e-03	1.37e-01	4.58e-01	4.01e-01
 2.32880e+22	7.68e-21	6.70e-16	3.57e-12	2.84e-09	6.09e-07	3.05e-05	4.51e-04	3.89e-03	1.41e-01	4.61e-01	3.93e-01
 2.34038e+22	1.03e-20	8.74e-16	4.51e-12	3.48e-09	7.27e-07	3.55e-05	5.08e-04	4.22e-03	1.48e-01	4.65e-01	3.83e-01
 2.35223e+22	1.29e-20	1.07e-15	5.41e-12	4.07e-09	8.34e-07	3.98e-05	5.56e-04	4.48e-03	1.53e-01	4.67e-01	3.75e-01
 2.36446e+22	1.74e-20	1.40e-15	6.87e-12	5.02e-09	1.00e-06	4.65e-05	6.28e-04	4.87e-03	1.60e-01	4.71e-01	3.64e-01
 2.37685e+22	2.16e-20	1.71e-15	8.20e-12	5.85e-09	1.14e-06	5.21e-05	6.86e-04	5.17e-03	1.65e-01	4.73e-01	3.56e-01
 2.38947e+22	2.90e-20	2.24e-15	1.04e-11	7.20e-09	1.37e-06	6.07e-05	7.74e-04	5.60e-03	1.72e-01	4.76e-01	3.45e-01
 2.40186e+22	3.54e-20	2.68e-15	1.22e-11	8.29e-09	1.55e-06	6.73e-05	8.39e-04	5.92e-03	1.77e-01	4.78e-01	3.38e-01
 2.41396e+22	4.64e-20	3.43e-15	1.52e-11	1.00e-08	1.83e-06	7.76e-05	9.38e-04	6.38e-03	1.85e-01	4.80e-01	3.28e-01
 2.42631e+22	5.68e-20	4.12e-15	1.79e-11	1.16e-08	2.07e-06	8.61e-05	1.02e-03	6.75e-03	1.90e-01	4.81e-01	3.21e-01
 2.43898e+22	7.44e-20	5.27e-15	2.23e-11	1.40e-08	2.45e-06	9.93e-05	1.14e-03	7.27e-03	1.98e-01	4.83e-01	3.11e-01
 2.45189e+22	9.14e-20	6.35e-15	2.64e-11	1.62e-08	2.78e-06	1.10e-04	1.24e-03	7.69e-03	2.03e-01	4.84e-01	3.03e-01
 2.46512e+22	1.20e-19	8.13e-15	3.29e-11	1.96e-08	3.29e-06	1.27e-04	1.38e-03	8.29e-03	2.11e-01	4.85e-01	2.93e-01
 2.47858e+22	1.47e-19	9.80e-15	3.89e-11	2.27e-08	3.74e-06	1.42e-04	1.51e-03	8.77e-03	2.18e-01	4.86e-01	2.86e-01
 2.49235e+22	1.93e-19	1.25e-14	4.85e-11	2.75e-08	4.42e-06	1.63e-04	1.68e-03	9.45e-03	2.26e-01	4.87e-01	2.76e-01
 2.50637e+22	2.37e-19	1.51e-14	5.73e-11	3.19e-08	5.02e-06	1.82e-04	1.83e-03	1.00e-02	2.32e-01	4.87e-01	2.69e-01
 2.51870e+22	2.89e-19	1.82e-14	6.76e-11	3.68e-08	5.69e-06	2.02e-04	1.99e-03	1.06e-02	2.39e-01	4.87e-01	2.61e-01
 2.53268e+22	3.75e-19	2.30e-14	8.35e-11	4.43e-08	6.69e-06	2.32e-04	2.21e-03	1.13e-02	2.48e-01	4.86e-01	2.52e-01
 2.54665e+22	4.52e-19	2.73e-14	9.72e-11	5.05e-08	7.50e-06	2.55e-04	2.38e-03	1.19e-02	2.54e-01	4.86e-01	2.46e-01
 2.56059e+22	5.82e-19	3.44e-14	1.20e-10	6.06e-08	8.79e-06	2.92e-04	2.65e-03	1.28e-02	2.63e-01	4.85e-01	2.37e-01
 2.57475e+22	7.02e-19	4.08e-14	1.39e-10	6.92e-08	9.86e-06	3.21e-04	2.85e-03	1.34e-02	2.69e-01	4.84e-01	2.30e-01
 2.58917e+22	8.99e-19	5.12e-14	1.71e-10	8.26e-08	1.15e-05	3.66e-04	3.16e-03	1.44e-02	2.78e-01	4.83e-01	2.22e-01
 2.60405e+22	1.10e-18	6.15e-14	2.01e-10	9.54e-08	1.30e-05	4.06e-04	3.43e-03	1.52e-02	2.85e-01	4.81e-01	2.15e-01
 2.61954e+22	1.42e-18	7.75e-14	2.48e-10	1.14e-07	1.52e-05	4.63e-04	3.79e-03	1.62e-02	2.94e-01	4.79e-01	2.07e-01
 2.63556e+22	1.75e-18	9.42e-14	2.95e-10	1.33e-07	1.74e-05	5.17e-04	4.13e-03	1.71e-02	3.02e-01	4.77e-01	1.99e-01
 2.65229e+22	2.28e-18	1.20e-13	3.66e-10	1.60e-07	2.04e-05	5.92e-04	4.58e-03	1.84e-02	3.11e-01	4.74e-01	1.91e-01
 2.66952e+22	2.85e-18	1.47e-13	4.38e-10	1.88e-07	2.34e-05	6.63e-04	5.01e-03	1.94e-02	3.20e-01	4.71e-01	1.84e-01
 2.68740e+22	3.75e-18	1.88e-13	5.48e-10	2.28e-07	2.77e-05	7.63e-04	5.57e-03	2.08e-02	3.30e-01	4.67e-01	1.75e-01
 2.70594e+22	4.73e-18	2.33e-13	6.63e-10	2.69e-07	3.20e-05	8.59e-04	6.11e-03	2.21e-02	3.39e-01	4.64e-01	1.68e-01
 2.72278e+22	5.93e-18	2.86e-13	7.98e-10	3.16e-07	3.67e-05	9.63e-04	6.67e-03	2.34e-02	3.47e-01	4.60e-01	1.62e-01
 2.74213e+22	7.89e-18	3.72e-13	1.01e-09	3.87e-07	4.37e-05	1.11e-03	7.44e-03	2.51e-02	3.58e-01	4.55e-01	1.53e-01
 2.76186e+22	9.98e-18	4.60e-13	1.22e-09	4.57e-07	5.05e-05	1.25e-03	8.15e-03	2.66e-02	3.67e-01	4.50e-01	1.47e-01
 2.78206e+22	1.34e-17	6.01e-13	1.55e-09	5.62e-07	6.03e-05	1.45e-03	9.12e-03	2.86e-02	3.78e-01	4.44e-01	1.39e-01
 2.80254e+22	1.69e-17	7.46e-13	1.88e-09	6.65e-07	6.97e-05	1.64e-03	9.99e-03	3.03e-02	3.87e-01	4.39e-01	1.32e-01
 2.82337e+22	2.27e-17	9.78e-13	2.40e-09	8.21e-07	8.36e-05	1.90e-03	1.12e-02	3.26e-02	3.98e-01	4.32e-01	1.24e-01
 2.84442e+22	2.88e-17	1.21e-12	2.90e-09	9.71e-07	9.65e-05	2.14e-03	1.23e-02	3.45e-02	4.07e-01	4.26e-01	1.18e-01
 2.86574e+22	3.87e-17	1.59e-12	3.72e-09	1.20e-06	1.16e-04	2.50e-03	1.38e-02	3.72e-02	4.19e-01	4.17e-01	1.10e-01
 2.88720e+22	4.87e-17	1.97e-12	4.49e-09	1.42e-06	1.34e-04	2.81e-03	1.51e-02	3.93e-02	4.27e-01	4.11e-01	1.05e-01
 2.90514e+22	5.99e-17	2.38e-12	5.32e-09	1.64e-06	1.52e-04	3.12e-03	1.63e-02	4.13e-02	4.35e-01	4.04e-01	9.99e-02
 2.92478e+22	7.79e-17	3.03e-12	6.64e-09	1.99e-06	1.80e-04	3.60e-03	1.82e-02	4.42e-02	4.45e-01	3.95e-01	9.33e-02
 2.94420e+22	9.47e-17	3.63e-12	7.81e-09	2.30e-06	2.03e-04	3.98e-03	1.96e-02	4.63e-02	4.52e-01	3.89e-01	8.89e-02
 2.96330e+22	1.21e-16	4.57e-12	9.63e-09	2.76e-06	2.39e-04	4.55e-03	2.17e-02	4.93e-02	4.62e-01	3.79e-01	8.30e-02
 2.98271e+22	1.47e-16	5.48e-12	1.13e-08	3.19e-06	2.70e-04	5.05e-03	2.35e-02	5.18e-02	4.69e-01	3.72e-01	7.86e-02
 3.00249e+22	1.88e-16	6.90e-12	1.40e-08	3.83e-06	3.18e-04	5.79e-03	2.60e-02	5.52e-02	4.78e-01	3.62e-01	7.29e-02
 3.02250e+22	2.28e-16	8.25e-12	1.65e-08	4.43e-06	3.61e-04	6.43e-03	2.82e-02	5.79e-02	4.85e-01	3.54e-01	6.88e-02
 3.04281e+22	2.89e-16	1.03e-11	2.03e-08	5.33e-06	4.25e-04	7.39e-03	3.13e-02	6.18e-02	4.93e-01	3.42e-01	6.34e-02
 3.06338e+22	3.49e-16	1.23e-11	2.39e-08	6.15e-06	4.82e-04	8.21e-03	3.39e-02	6.49e-02	4.99e-01	3.34e-01	5.95e-02
 3.08431e+22	4.39e-16	1.54e-11	2.94e-08	7.39e-06	5.68e-04	9.44e-03	3.77e-02	6.92e-02	5.07e-01	3.22e-01	5.45e-02
 3.10570e+22	5.26e-16	1.83e-11	3.46e-08	8.54e-06	6.47e-04	1.05e-02	4.10e-02	7.28e-02	5.13e-01	3.12e-01	5.07e-02
 3.12767e+22	6.56e-16	2.27e-11	4.25e-08	1.03e-05	7.64e-04	1.21e-02	4.57e-02	7.77e-02	5.19e-01	2.99e-01	4.60e-02
 3.15008e+22	7.77e-16	2.68e-11	4.99e-08	1.19e-05	8.70e-04	1.36e-02	4.97e-02	8.18e-02	5.24e-01	2.88e-01	4.24e-02
 3.17233e+22	9.43e-16	3.26e-11	6.02e-08	1.41e-05	1.02e-03	1.55e-02	5.51e-02	8.70e-02	5.28e-01	2.75e-01	3.83e-02
 3.19347e+22	1.08e-15	3.74e-11	6.88e-08	1.59e-05	1.14e-03	1.71e-02	5.92e-02	9.08e-02	5.31e-01	2.65e-01	3.55e-02
 3.21389e+22	1.26e-15	4.40e-11	8.11e-08	1.85e-05	1.31e-03	1.94e-02	6.50e-02	9.60e-02	5.34e-01	2.53e-01	3.21e-02
 3.23469e+22	1.42e-15	5.00e-11	9.22e-08	2.09e-05	1.46e-03	2.13e-02	6.99e-02	1.00e-01	5.35e-01	2.43e-01	2.95e-02
 3.25511e+22	1.62e-15	5.76e-11	1.07e-07	2.40e-05	1.67e-03	2.39e-02	7.61e-02	1.06e-01	5.36e-01	2.30e-01	2.66e-02
 3.27596e+22	1.79e-15	6.46e-11	1.21e-07	2.69e-05	1.86e-03	2.63e-02	8.18e-02	1.10e-01	5.35e-01	2.20e-01	2.43e-02
 3.29626e+22	1.98e-15	7.27e-11	1.37e-07	3.04e-05	2.10e-03	2.92e-02	8.84e-02	1.15e-01	5.34e-01	2.09e-01	2.19e-02
 3.31699e+22	2.15e-15	8.07e-11	1.54e-07	3.41e-05	2.34e-03	3.21e-02	9.49e-02	1.20e-01	5.32e-01	1.98e-01	1.98e-02
 3.33751e+22	2.32e-15	8.93e-11	1.73e-07	3.82e-05	2.61e-03	3.53e-02	1.02e-01	1.25e-01	5.29e-01	1.87e-01	1.79e-02
 3.35814e+22	2.48e-15	9.78e-11	1.92e-07	4.26e-05	2.90e-03	3.87e-02	1.09e-01	1.31e-01	5.26e-01	1.77e-01	1.61e-02
 3.37854e+22	2.62e-15	1.06e-10	2.13e-07	4.73e-05	3.22e-03	4.24e-02	1.16e-01	1.36e-01	5.21e-01	1.67e-01	1.45e-02
 3.39889e+22	2.74e-15	1.15e-10	2.36e-07	5.24e-05	3.56e-03	4.62e-02	1.23e-01	1.41e-01	5.16e-01	1.58e-01	1.30e-02
 3.41929e+22	2.85e-15	1.24e-10	2.60e-07	5.80e-05	3.93e-03	5.03e-02	1.31e-01	1.45e-01	5.09e-01	1.48e-01	1.17e-02
 3.43976e+22	2.95e-15	1.33e-10	2.86e-07	6.41e-05	4.33e-03	5.46e-02	1.39e-01	1.50e-01	5.02e-01	1.39e-01	1.04e-02
 3.46036e+22	3.04e-15	1.43e-10	3.14e-07	7.08e-05	4.78e-03	5.93e-02	1.46e-01	1.55e-01	4.95e-01	1.31e-01	9.32e-03
 3.48115e+22	3.12e-15	1.53e-10	3.46e-07	7.83e-05	5.27e-03	6.42e-02	1.54e-01	1.60e-01	4.86e-01	1.22e-01	8.31e-03
 3.50219e+22	3.19e-15	1.63e-10	3.81e-07	8.67e-05	5.80e-03	6.95e-02	1.62e-01	1.64e-01	4.77e-01	1.14e-01	7.38e-03
 3.52334e+22	3.26e-15	1.75e-10	4.19e-07	9.60e-05	6.39e-03	7.50e-02	1.70e-01	1.68e-01	4.67e-01	1.06e-01	6.56e-03
 3.54483e+22	3.33e-15	1.87e-10	4.63e-07	1.07e-04	7.06e-03	8.11e-02	1.79e-01	1.73e-01	4.56e-01	9.87e-02	5.79e-03
 3.56657e+22	3.40e-15	2.01e-10	5.12e-07	1.19e-04	7.77e-03	8.74e-02	1.87e-01	1.77e-01	4.45e-01	9.17e-02	5.12e-03
 3.58873e+22	3.47e-15	2.16e-10	5.71e-07	1.33e-04	8.61e-03	9.43e-02	1.95e-01	1.80e-01	4.33e-01	8.46e-02	4.49e-03
 3.60935e+22	3.55e-15	2.31e-10	6.25e-07	1.46e-04	9.35e-03	1.00e-01	2.02e-01	1.83e-01	4.22e-01	7.93e-02	4.04e-03
 3.63060e+22	3.64e-15	2.50e-10	7.03e-07	1.65e-04	1.04e-02	1.08e-01	2.10e-01	1.87e-01	4.08e-01	7.26e-02	3.51e-03
 3.65219e+22	3.76e-15	2.70e-10	7.76e-07	1.82e-04	1.13e-02	1.15e-01	2.17e-01	1.89e-01	3.97e-01	6.77e-02	3.14e-03
 3.67426e+22	3.88e-15	2.96e-10	8.82e-07	2.07e-04	1.26e-02	1.24e-01	2.25e-01	1.92e-01	3.82e-01	6.16e-02	2.70e-03
 3.69644e+22	4.07e-15	3.22e-10	9.81e-07	2.29e-04	1.37e-02	1.32e-01	2.31e-01	1.93e-01	3.71e-01	5.73e-02	2.41e-03
 3.71876e+22	4.28e-15	3.58e-10	1.13e-06	2.62e-04	1.53e-02	1.42e-01	2.39e-01	1.95e-01	3.55e-01	5.20e-02	2.07e-03
 3.74122e+22	4.51e-15	3.93e-10	1.26e-06	2.91e-04	1.67e-02	1.50e-01	2.44e-01	1.96e-01	3.43e-01	4.82e-02	1.84e-03
 3.76384e+22	4.82e-15	4.43e-10	1.46e-06	3.35e-04	1.86e-02	1.61e-01	2.51e-01	1.96e-01	3.27e-01	4.35e-02	1.57e-03
 3.78665e+22	5.16e-15	4.91e-10	1.64e-06	3.73e-04	2.02e-02	1.70e-01	2.56e-01	1.97e-01	3.15e-01	4.02e-02	1.39e-03
 3.80971e+22	5.62e-15	5.62e-10	1.92e-06	4.31e-04	2.26e-02	1.82e-01	2.63e-01	1.96e-01	2.99e-01	3.61e-02	1.19e-03
 3.83306e+22	6.10e-15	6.30e-10	2.18e-06	4.83e-04	2.46e-02	1.91e-01	2.67e-01	1.96e-01	2.87e-01	3.31e-02	1.04e-03
 3.85679e+22	6.80e-15	7.33e-10	2.58e-06	5.60e-04	2.74e-02	2.04e-01	2.72e-01	1.94e-01	2.71e-01	2.96e-02	8.83e-04
 3.88091e+22	7.52e-15	8.33e-10	2.95e-06	6.30e-04	2.99e-02	2.15e-01	2.76e-01	1.93e-01	2.58e-01	2.70e-02	7.72e-04
 3.90554e+22	8.60e-15	9.87e-10	3.52e-06	7.34e-04	3.34e-02	2.29e-01	2.80e-01	1.90e-01	2.42e-01	2.39e-02	6.46e-04
 3.93069e+22	9.73e-15	1.14e-09	4.07e-06	8.30e-04	3.64e-02	2.41e-01	2.83e-01	1.88e-01	2.29e-01	2.17e-02	5.60e-04
 3.95651e+22	1.15e-14	1.38e-09	4.93e-06	9.74e-04	4.08e-02	2.56e-01	2.86e-01	1.84e-01	2.13e-01	1.90e-02	4.63e-04
 3.98296e+22	1.33e-14	1.62e-09	5.76e-06	1.11e-03	4.45e-02	2.68e-01	2.87e-01	1.81e-01	2.01e-01	1.71e-02	3.97e-04
 4.00526e+22	1.52e-14	1.87e-09	6.60e-06	1.24e-03	4.80e-02	2.79e-01	2.88e-01	1.77e-01	1.90e-01	1.55e-02	3.46e-04
 4.02928e+22	1.82e-14	2.26e-09	7.90e-06	1.43e-03	5.30e-02	2.94e-01	2.89e-01	1.73e-01	1.76e-01	1.36e-02	2.89e-04
 4.05364e+22	2.12e-14	2.63e-09	9.11e-06	1.60e-03	5.72e-02	3.05e-01	2.89e-01	1.69e-01	1.66e-01	1.23e-02	2.50e-04
 4.07471e+22	2.46e-14	3.06e-09	1.04e-05	1.78e-03	6.14e-02	3.16e-01	2.88e-01	1.65e-01	1.57e-01	1.12e-02	2.18e-04
 4.09836e+22	3.01e-14	3.72e-09	1.25e-05	2.05e-03	6.72e-02	3.30e-01	2.87e-01	1.59e-01	1.45e-01	9.79e-03	1.82e-04
 4.12192e+22	3.53e-14	4.32e-09	1.42e-05	2.27e-03	7.18e-02	3.40e-01	2.85e-01	1.55e-01	1.36e-01	8.88e-03	1.58e-04
 4.14537e+22	4.35e-14	5.27e-09	1.69e-05	2.59e-03	7.82e-02	3.54e-01	2.83e-01	1.49e-01	1.25e-01	7.76e-03	1.32e-04
 4.16915e+22	5.17e-14	6.17e-09	1.94e-05	2.87e-03	8.35e-02	3.64e-01	2.80e-01	1.44e-01	1.18e-01	7.00e-03	1.14e-04
 4.19334e+22	6.50e-14	7.59e-09	2.32e-05	3.28e-03	9.08e-02	3.77e-01	2.77e-01	1.38e-01	1.08e-01	6.08e-03	9.42e-05
 4.21796e+22	7.82e-14	8.94e-09	2.66e-05	3.64e-03	9.68e-02	3.87e-01	2.73e-01	1.33e-01	1.00e-01	5.45e-03	8.11e-05
 4.24312e+22	9.99e-14	1.11e-08	3.19e-05	4.17e-03	1.05e-01	4.00e-01	2.68e-01	1.27e-01	9.12e-02	4.68e-03	6.61e-05
 4.26867e+22	1.21e-13	1.32e-08	3.67e-05	4.62e-03	1.12e-01	4.09e-01	2.64e-01	1.21e-01	8.46e-02	4.17e-03	5.65e-05
 4.29470e+22	1.58e-13	1.65e-08	4.43e-05	5.29e-03	1.21e-01	4.21e-01	2.58e-01	1.15e-01	7.63e-02	3.56e-03	4.56e-05
 4.32135e+22	1.95e-13	1.98e-08	5.12e-05	5.87e-03	1.29e-01	4.30e-01	2.52e-01	1.09e-01	7.02e-02	3.14e-03	3.85e-05
 4.34881e+22	2.57e-13	2.50e-08	6.20e-05	6.73e-03	1.40e-01	4.41e-01	2.45e-01	1.02e-01	6.28e-02	2.65e-03	3.07e-05
 4.37698e+22	3.22e-13	3.03e-08	7.21e-05	7.49e-03	1.49e-01	4.48e-01	2.39e-01	9.69e-02	5.73e-02	2.31e-03	2.56e-05
 4.40610e+22	4.33e-13	3.88e-08	8.78e-05	8.61e-03	1.61e-01	4.58e-01	2.30e-01	9.00e-02	5.07e-02	1.92e-03	2.01e-05
 4.43546e+22	5.44e-13	4.69e-08	1.02e-04	9.55e-03	1.70e-01	4.64e-01	2.23e-01	8.48e-02	4.61e-02	1.67e-03	1.67e-05
 4.46516e+22	7.38e-13	6.03e-08	1.24e-04	1.09e-02	1.84e-01	4.71e-01	2.14e-01	7.82e-02	4.05e-02	1.38e-03	1.30e-05
 4.49519e+22	9.30e-13	7.29e-08	1.44e-04	1.21e-02	1.94e-01	4.76e-01	2.06e-01	7.33e-02	3.66e-02	1.19e-03	1.07e-05
 4.52565e+22	1.27e-12	9.39e-08	1.75e-04	1.38e-02	2.08e-01	4.81e-01	1.97e-01	6.72e-02	3.19e-02	9.76e-04	8.23e-06
 4.55664e+22	1.61e-12	1.14e-07	2.03e-04	1.53e-02	2.19e-01	4.84e-01	1.89e-01	6.26e-02	2.87e-02	8.37e-04	6.72e-06
 4.58418e+22	2.06e-12	1.39e-07	2.37e-04	1.70e-02	2.31e-01	4.86e-01	1.81e-01	5.82e-02	2.57e-02	7.12e-04	5.45e-06
 4.61582e+22	2.81e-12	1.79e-07	2.87e-04	1.93e-02	2.47e-01	4.87e-01	1.71e-01	5.28e-02	2.22e-02	5.79e-04	4.16e-06
 4.64793e+22	3.62e-12	2.19e-07	3.35e-04	2.13e-02	2.59e-01	4.88e-01	1.63e-01	4.88e-02	1.97e-02	4.88e-04	3.33e-06
 4.67386e+22	4.47e-12	2.59e-07	3.80e-04	2.32e-02	2.70e-01	4.87e-01	1.56e-01	4.56e-02	1.78e-02	4.22e-04	2.77e-06
 4.70081e+22	5.73e-12	3.16e-07	4.41e-04	2.55e-02	2.83e-01	4.85e-01	1.48e-01	4.19e-02	1.58e-02	3.56e-04	2.22e-06
 4.72909e+22	7.16e-12	3.78e-07	5.04e-04	2.78e-02	2.94e-01	4.83e-01	1.41e-01	3.89e-02	1.42e-02	3.05e-04	1.81e-06
 4.75503e+22	8.91e-12	4.49e-07	5.74e-04	3.02e-02	3.06e-01	4.80e-01	1.34e-01	3.61e-02	1.27e-02	2.61e-04	1.49e-06
 4.78467e+22	1.17e-11	5.58e-07	6.74e-04	3.35e-02	3.20e-01	4.76e-01	1.26e-01	3.27e-02	1.10e-02	2.15e-04	1.16e-06
 4.81507e+22	1.49e-11	6.74e-07	7.76e-04	3.66e-02	3.33e-01	4.71e-01	1.19e-01	3.00e-02	9.76e-03	1.81e-04	9.26e-07
 4.84193e+22	1.85e-11	8.00e-07	8.80e-04	3.97e-02	3.44e-01	4.66e-01	1.13e-01	2.77e-02	8.70e-03	1.54e-04	7.55e-07
 4.87228e+22	2.45e-11	9.99e-07	1.04e-03	4.39e-02	3.59e-01	4.59e-01	1.05e-01	2.49e-02	7.49e-03	1.25e-04	5.78e-07
 4.90351e+22	3.09e-11	1.20e-06	1.19e-03	4.78e-02	3.71e-01	4.52e-01	9.85e-02	2.28e-02	6.60e-03	1.05e-04	4.60e-07
 4.93587e+22	4.14e-11	1.51e-06	1.40e-03	5.29e-02	3.86e-01	4.42e-01	9.09e-02	2.03e-02	5.61e-03	8.37e-05	3.46e-07
 4.96863e+22	5.26e-11	1.82e-06	1.61e-03	5.75e-02	3.99e-01	4.34e-01	8.49e-02	1.85e-02	4.91e-03	6.95e-05	2.73e-07
 5.00189e+22	7.04e-11	2.29e-06	1.90e-03	6.35e-02	4.13e-01	4.23e-01	7.80e-02	1.64e-02	4.16e-03	5.53e-05	2.05e-07
 5.03590e+22	9.10e-11	2.79e-06	2.19e-03	6.92e-02	4.26e-01	4.12e-01	7.21e-02	1.48e-02	3.58e-03	4.51e-05	1.58e-07
 5.06588e+22	1.15e-10	3.34e-06	2.49e-03	7.47e-02	4.37e-01	4.02e-01	6.71e-02	1.34e-02	3.13e-03	3.74e-05	0.00e+00
 5.09984e+22	1.53e-10	4.18e-06	2.93e-03	8.21e-02	4.50e-01	3.89e-01	6.12e-02	1.18e-02	2.63e-03	2.95e-05	0.00e+00
 5.13527e+22	1.99e-10	5.12e-06	3.39e-03	8.93e-02	4.61e-01	3.77e-01	5.61e-02	1.05e-02	2.24e-03	2.37e-05	0.00e+00
 5.16721e+22	2.53e-10	6.17e-06	3.87e-03	9.64e-02	4.72e-01	3.65e-01	5.16e-02	9.44e-03	1.93e-03	1.94e-05	0.00e+00
 5.20333e+22	3.44e-10	7.82e-06	4.58e-03	1.06e-01	4.84e-01	3.50e-01	4.63e-02	8.20e-03	1.59e-03	1.49e-05	0.00e+00
 5.24013e+22	4.45e-10	9.53e-06	5.27e-03	1.15e-01	4.93e-01	3.36e-01	4.22e-02	7.28e-03	1.35e-03	1.19e-05	0.00e+00
 5.27781e+22	6.08e-10	1.21e-05	6.24e-03	1.26e-01	5.03e-01	3.20e-01	3.75e-02	6.27e-03	1.10e-03	9.01e-06	0.00e+00
 5.31584e+22	7.85e-10	1.47e-05	7.16e-03	1.36e-01	5.11e-01	3.06e-01	3.40e-02	5.54e-03	9.26e-04	7.15e-06	0.00e+00
 5.35432e+22	1.08e-09	1.88e-05	8.49e-03	1.49e-01	5.19e-01	2.89e-01	2.99e-02	4.73e-03	7.45e-04	5.33e-06	0.00e+00
 5.39312e+22	1.39e-09	2.28e-05	9.71e-03	1.60e-01	5.24e-01	2.75e-01	2.70e-02	4.16e-03	6.25e-04	4.21e-06	0.00e+00
 5.43235e+22	1.92e-09	2.91e-05	1.15e-02	1.74e-01	5.29e-01	2.57e-01	2.35e-02	3.53e-03	4.98e-04	3.11e-06	0.00e+00
 5.47211e+22	2.48e-09	3.53e-05	1.31e-02	1.86e-01	5.32e-01	2.43e-01	2.10e-02	3.08e-03	4.14e-04	2.43e-06	0.00e+00
 5.51257e+22	3.44e-09	4.52e-05	1.56e-02	2.03e-01	5.34e-01	2.26e-01	1.82e-02	2.58e-03	3.25e-04	1.76e-06	0.00e+00
 5.55342e+22	4.44e-09	5.48e-05	1.77e-02	2.16e-01	5.35e-01	2.12e-01	1.61e-02	2.24e-03	2.68e-04	1.36e-06	0.00e+00
 5.59478e+22	6.17e-09	7.01e-05	2.10e-02	2.35e-01	5.33e-01	1.95e-01	1.38e-02	1.87e-03	2.08e-04	9.75e-07	0.00e+00
 5.63671e+22	7.99e-09	8.51e-05	2.39e-02	2.49e-01	5.31e-01	1.82e-01	1.22e-02	1.61e-03	1.70e-04	7.45e-07	0.00e+00
 5.67320e+22	1.03e-08	1.03e-04	2.71e-02	2.64e-01	5.27e-01	1.70e-01	1.07e-02	1.39e-03	1.39e-04	5.71e-07	0.00e+00
 5.70807e+22	1.28e-08	1.21e-04	3.03e-02	2.78e-01	5.22e-01	1.59e-01	9.54e-03	1.21e-03	1.16e-04	4.48e-07	0.00e+00
 5.74125e+22	1.60e-08	1.43e-04	3.38e-02	2.91e-01	5.17e-01	1.49e-01	8.48e-03	1.06e-03	9.63e-05	3.51e-07	0.00e+00
 5.77861e+22	2.12e-08	1.76e-04	3.87e-02	3.09e-01	5.08e-01	1.36e-01	7.29e-03	8.91e-04	7.61e-05	2.58e-07	0.00e+00
 5.81589e+22	2.64e-08	2.07e-04	4.31e-02	3.23e-01	5.00e-01	1.26e-01	6.45e-03	7.75e-04	6.30e-05	2.01e-07	0.00e+00
 5.85306e+22	3.46e-08	2.52e-04	4.91e-02	3.40e-01	4.89e-01	1.15e-01	5.52e-03	6.49e-04	4.95e-05	1.47e-07	0.00e+00
 5.89095e+22	4.32e-08	2.97e-04	5.46e-02	3.54e-01	4.79e-01	1.06e-01	4.84e-03	5.59e-04	4.05e-05	0.00e+00	0.00e+00
 5.92976e+22	5.70e-08	3.64e-04	6.22e-02	3.72e-01	4.65e-01	9.57e-02	4.10e-03	4.63e-04	3.14e-05	0.00e+00	0.00e+00
 5.96895e+22	7.13e-08	4.28e-04	6.90e-02	3.86e-01	4.53e-01	8.76e-02	3.57e-03	3.96e-04	2.54e-05	0.00e+00	0.00e+00
 6.00344e+22	8.85e-08	5.01e-04	7.62e-02	3.99e-01	4.40e-01	8.02e-02	3.11e-03	3.39e-04	2.06e-05	0.00e+00	0.00e+00
 6.04306e+22	1.16e-07	6.11e-04	8.64e-02	4.16e-01	4.23e-01	7.14e-02	2.60e-03	2.77e-04	1.58e-05	0.00e+00	0.00e+00
 6.08143e+22	1.42e-07	7.05e-04	9.45e-02	4.27e-01	4.10e-01	6.54e-02	2.28e-03	2.38e-04	1.29e-05	0.00e+00	0.00e+00
 6.11198e+22	1.70e-07	8.03e-04	1.02e-01	4.37e-01	3.97e-01	6.01e-02	2.01e-03	2.07e-04	1.07e-05	0.00e+00	0.00e+00
 6.14552e+22	2.12e-07	9.40e-04	1.13e-01	4.49e-01	3.81e-01	5.42e-02	1.73e-03	1.74e-04	8.51e-06	0.00e+00	0.00e+00
 6.17965e+22	2.55e-07	1.07e-03	1.22e-01	4.58e-01	3.67e-01	4.95e-02	1.51e-03	1.50e-04	6.99e-06	0.00e+00	0.00e+00
 6.20977e+22	3.03e-07	1.21e-03	1.32e-01	4.66e-01	3.54e-01	4.53e-02	1.33e-03	1.30e-04	5.79e-06	0.00e+00	0.00e+00
 6.24414e+22	3.77e-07	1.42e-03	1.45e-01	4.75e-01	3.37e-01	4.04e-02	1.13e-03	1.08e-04	4.54e-06	0.00e+00	0.00e+00
 6.27892e+22	4.51e-07	1.61e-03	1.56e-01	4.82e-01	3.22e-01	3.66e-02	9.84e-04	9.22e-05	3.69e-06	0.00e+00	0.00e+00
 6.30942e+22	5.36e-07	1.82e-03	1.68e-01	4.88e-01	3.08e-01	3.32e-02	8.59e-04	7.90e-05	3.02e-06	0.00e+00	0.00e+00
 6.34424e+22	6.67e-07	2.12e-03	1.84e-01	4.94e-01	2.90e-01	2.92e-02	7.21e-04	6.47e-05	2.33e-06	0.00e+00	0.00e+00
 6.37935e+22	7.89e-07	2.38e-03	1.97e-01	4.98e-01	2.76e-01	2.64e-02	6.27e-04	5.51e-05	1.90e-06	0.00e+00	0.00e+00
 6.41485e+22	9.75e-07	2.76e-03	2.14e-01	5.01e-01	2.59e-01	2.31e-02	5.24e-04	4.49e-05	1.46e-06	0.00e+00	0.00e+00
 6.45091e+22	1.16e-06	3.12e-03	2.29e-01	5.03e-01	2.44e-01	2.06e-02	4.49e-04	3.76e-05	1.16e-06	0.00e+00	0.00e+00
 6.48267e+22	1.37e-06	3.49e-03	2.44e-01	5.03e-01	2.30e-01	1.84e-02	3.88e-04	3.17e-05	9.36e-07	0.00e+00	0.00e+00
 6.51896e+22	1.69e-06	4.03e-03	2.64e-01	5.02e-01	2.13e-01	1.59e-02	3.21e-04	2.55e-05	7.10e-07	0.00e+00	0.00e+00
 6.55602e+22	2.01e-06	4.53e-03	2.82e-01	5.00e-01	1.99e-01	1.40e-02	2.72e-04	2.11e-05	5.59e-07	0.00e+00	0.00e+00
 6.59411e+22	2.47e-06	5.21e-03	3.04e-01	4.96e-01	1.83e-01	1.20e-02	2.23e-04	1.67e-05	4.18e-07	0.00e+00	0.00e+00
 6.63295e+22	2.96e-06	5.89e-03	3.24e-01	4.91e-01	1.69e-01	1.04e-02	1.86e-04	1.36e-05	3.22e-07	0.00e+00	0.00e+00
 6.66682e+22	3.48e-06	6.57e-03	3.43e-01	4.85e-01	1.56e-01	9.13e-03	1.58e-04	1.12e-05	2.53e-07	0.00e+00	0.00e+00
 6.70491e+22	4.25e-06	7.51e-03	3.67e-01	4.76e-01	1.41e-01	7.71e-03	1.28e-04	8.71e-06	1.86e-07	0.00e+00	0.00e+00
 6.74443e+22	5.06e-06	8.41e-03	3.88e-01	4.67e-01	1.29e-01	6.62e-03	1.06e-04	6.98e-06	1.42e-07	0.00e+00	0.00e+00
 6.78582e+22	6.28e-06	9.70e-03	4.16e-01	4.54e-01	1.15e-01	5.43e-03	8.31e-05	5.24e-06	0.00e+00	0.00e+00	0.00e+00
 6.82728e+22	7.39e-06	1.08e-02	4.37e-01	4.43e-01	1.04e-01	4.65e-03	6.87e-05	4.19e-06	0.00e+00	0.00e+00	0.00e+00
 6.86884e+22	9.06e-06	1.23e-02	4.65e-01	4.27e-01	9.20e-02	3.80e-03	5.39e-05	3.13e-06	0.00e+00	0.00e+00	0.00e+00
 6.90547e+22	1.03e-05	1.34e-02	4.82e-01	4.17e-01	8.48e-02	3.33e-03	4.61e-05	2.60e-06	0.00e+00	0.00e+00	0.00e+00
 6.93160e+22	1.15e-05	1.43e-02	4.96e-01	4.07e-01	7.89e-02	2.98e-03	4.03e-05	2.21e-06	0.00e+00	0.00e+00	0.00e+00
 6.96149e+22	1.32e-05	1.56e-02	5.16e-01	3.94e-01	7.16e-02	2.56e-03	3.37e-05	1.78e-06	0.00e+00	0.00e+00	0.00e+00
 6.99259e+22	1.49e-05	1.69e-02	5.32e-01	3.83e-01	6.56e-02	2.24e-03	2.88e-05	1.47e-06	0.00e+00	0.00e+00	0.00e+00
 7.02524e+22	1.74e-05	1.86e-02	5.53e-01	3.68e-01	5.86e-02	1.88e-03	2.35e-05	1.15e-06	0.00e+00	0.00e+00	0.00e+00
 7.05793e+22	1.96e-05	2.00e-02	5.69e-01	3.56e-01	5.35e-02	1.64e-03	1.99e-05	9.47e-07	0.00e+00	0.00e+00	0.00e+00
 7.09064e+22	2.27e-05	2.19e-02	5.90e-01	3.40e-01	4.74e-02	1.37e-03	1.62e-05	7.35e-07	0.00e+00	0.00e+00	0.00e+00
 7.12365e+22	2.55e-05	2.35e-02	6.05e-01	3.27e-01	4.30e-02	1.18e-03	1.37e-05	5.99e-07	0.00e+00	0.00e+00	0.00e+00
 7.15704e+22	2.94e-05	2.56e-02	6.24e-01	3.11e-01	3.81e-02	9.88e-04	1.11e-05	4.65e-07	0.00e+00	0.00e+00	0.00e+00
 7.19145e+22	3.33e-05	2.76e-02	6.40e-01	2.97e-01	3.41e-02	8.40e-04	9.21e-06	3.70e-07	0.00e+00	0.00e+00	0.00e+00
 7.22234e+22	3.76e-05	2.97e-02	6.55e-01	2.84e-01	3.06e-02	7.17e-04	7.67e-06	2.96e-07	0.00e+00	0.00e+00	0.00e+00
 7.25766e+22	4.37e-05	3.24e-02	6.73e-01	2.67e-01	2.65e-02	5.83e-04	6.06e-06	2.22e-07	0.00e+00	0.00e+00	0.00e+00
 7.29342e+22	4.92e-05	3.48e-02	6.87e-01	2.54e-01	2.36e-02	4.95e-04	5.01e-06	1.76e-07	0.00e+00	0.00e+00	0.00e+00
 7.32975e+22	5.71e-05	3.79e-02	7.04e-01	2.37e-01	2.03e-02	3.99e-04	3.92e-06	1.30e-07	0.00e+00	0.00e+00	0.00e+00
 7.36698e+22	6.45e-05	4.07e-02	7.17e-01	2.24e-01	1.78e-02	3.33e-04	3.20e-06	0.00e+00	0.00e+00	0.00e+00	0.00e+00
 7.40535e+22	7.51e-05	4.44e-02	7.33e-01	2.08e-01	1.51e-02	2.65e-04	2.46e-06	0.00e+00	0.00e+00	0.00e+00	0.00e+00
 7.44468e+22	8.54e-05	4.77e-02	7.45e-01	1.94e-01	1.31e-02	2.18e-04	1.97e-06	0.00e+00	0.00e+00	0.00e+00	0.00e+00
 7.48527e+22	1.00e-04	5.21e-02	7.59e-01	1.78e-01	1.09e-02	1.70e-04	1.48e-06	0.00e+00	0.00e+00	0.00e+00	0.00e+00
 7.52609e+22	1.13e-04	5.59e-02	7.69e-01	1.66e-01	9.44e-03	1.39e-04	1.18e-06	0.00e+00	0.00e+00	0.00e+00	0.00e+00
 7.56722e+22	1.32e-04	6.07e-02	7.80e-01	1.51e-01	7.83e-03	1.08e-04	8.88e-07	0.00e+00	0.00e+00	0.00e+00	0.00e+00
 7.60959e+22	1.50e-04	6.52e-02	7.88e-01	1.39e-01	6.66e-03	8.71e-05	6.93e-07	0.00e+00	0.00e+00	0.00e+00	0.00e+00
 7.65360e+22	1.77e-04	7.12e-02	7.98e-01	1.25e-01	5.39e-03	6.60e-05	5.04e-07	0.00e+00	0.00e+00	0.00e+00	0.00e+00
 7.69778e+22	2.02e-04	7.64e-02	8.04e-01	1.15e-01	4.56e-03	5.29e-05	3.91e-07	0.00e+00	0.00e+00	0.00e+00	0.00e+00
 7.74219e+22	2.37e-04	8.32e-02	8.10e-01	1.03e-01	3.67e-03	3.99e-05	2.83e-07	0.00e+00	0.00e+00	0.00e+00	0.00e+00
 7.78775e+22	2.72e-04	8.93e-02	8.14e-01	9.34e-02	3.05e-03	3.15e-05	2.15e-07	0.00e+00	0.00e+00	0.00e+00	0.00e+00
 7.83477e+22	3.22e-04	9.75e-02	8.17e-01	8.23e-02	2.41e-03	2.32e-05	1.51e-07	0.00e+00	0.00e+00	0.00e+00	0.00e+00
 7.88273e+22	3.69e-04	1.05e-01	8.19e-01	7.41e-02	1.98e-03	1.82e-05	0.00e+00	0.00e+00	0.00e+00	0.00e+00	0.00e+00
 7.93189e+22	4.41e-04	1.15e-01	8.19e-01	6.44e-02	1.53e-03	1.31e-05	0.00e+00	0.00e+00	0.00e+00	0.00e+00	0.00e+00
 7.98217e+22	5.07e-04	1.23e-01	8.18e-01	5.74e-02	1.25e-03	1.01e-05	0.00e+00	0.00e+00	0.00e+00	0.00e+00	0.00e+00
 8.03391e+22	6.12e-04	1.35e-01	8.15e-01	4.91e-02	9.44e-04	7.16e-06	0.00e+00	0.00e+00	0.00e+00	0.00e+00	0.00e+00
 8.08726e+22	7.11e-04	1.45e-01	8.10e-01	4.31e-02	7.52e-04	5.41e-06	0.00e+00	0.00e+00	0.00e+00	0.00e+00	0.00e+00
 8.14272e+22	8.69e-04	1.60e-01	8.03e-01	3.60e-02	5.54e-04	3.71e-06	0.00e+00	0.00e+00	0.00e+00	0.00e+00	0.00e+00
 8.20036e+22	1.03e-03	1.74e-01	7.94e-01	3.09e-02	4.28e-04	2.70e-06	0.00e+00	0.00e+00	0.00e+00	0.00e+00	0.00e+00
 8.26084e+22	1.28e-03	1.92e-01	7.82e-01	2.51e-02	3.04e-04	1.78e-06	0.00e+00	0.00e+00	0.00e+00	0.00e+00	0.00e+00
 8.32348e+22	1.54e-03	2.09e-01	7.68e-01	2.09e-02	2.28e-04	1.24e-06	0.00e+00	0.00e+00	0.00e+00	0.00e+00	0.00e+00
 8.37239e+22	1.76e-03	2.22e-01	7.57e-01	1.83e-02	1.85e-04	9.58e-07	0.00e+00	0.00e+00	0.00e+00	0.00e+00	0.00e+00
 8.41943e+22	2.09e-03	2.39e-01	7.43e-01	1.52e-02	1.40e-04	6.80e-07	0.00e+00	0.00e+00	0.00e+00	0.00e+00	0.00e+00
 8.46793e+22	2.43e-03	2.56e-01	7.29e-01	1.30e-02	1.10e-04	5.02e-07	0.00e+00	0.00e+00	0.00e+00	0.00e+00	0.00e+00
 8.51833e+22	2.94e-03	2.77e-01	7.10e-01	1.04e-02	8.09e-05	3.37e-07	0.00e+00	0.00e+00	0.00e+00	0.00e+00	0.00e+00
 8.56975e+22	3.45e-03	2.96e-01	6.92e-01	8.65e-03	6.24e-05	2.40e-07	0.00e+00	0.00e+00	0.00e+00	0.00e+00	0.00e+00
 8.62249e+22	4.22e-03	3.21e-01	6.68e-01	6.71e-03	4.44e-05	1.52e-07	0.00e+00	0.00e+00	0.00e+00	0.00e+00	0.00e+00
 8.67155e+22	4.87e-03	3.39e-01	6.50e-01	5.55e-03	3.48e-05	0.00e+00	0.00e+00	0.00e+00	0.00e+00	0.00e+00	0.00e+00
 8.70899e+22	5.55e-03	3.56e-01	6.34e-01	4.63e-03	2.77e-05	0.00e+00	0.00e+00	0.00e+00	0.00e+00	0.00e+00	0.00e+00
 8.75081e+22	6.52e-03	3.77e-01	6.13e-01	3.64e-03	2.07e-05	0.00e+00	0.00e+00	0.00e+00	0.00e+00	0.00e+00	0.00e+00
 8.79496e+22	7.59e-03	3.97e-01	5.92e-01	2.86e-03	1.56e-05	0.00e+00	0.00e+00	0.00e+00	0.00e+00	0.00e+00	0.00e+00
 8.83502e+22	8.76e-03	4.16e-01	5.73e-01	2.24e-03	1.19e-05	0.00e+00	0.00e+00	0.00e+00	0.00e+00	0.00e+00	0.00e+00
 8.87369e+22	1.01e-02	4.34e-01	5.54e-01	1.73e-03	8.95e-06	0.00e+00	0.00e+00	0.00e+00	0.00e+00	0.00e+00	0.00e+00
 8.91062e+22	1.15e-02	4.50e-01	5.37e-01	1.32e-03	6.75e-06	0.00e+00	0.00e+00	0.00e+00	0.00e+00	0.00e+00	0.00e+00
 8.94467e+22	1.30e-02	4.64e-01	5.22e-01	1.01e-03	5.14e-06	0.00e+00	0.00e+00	0.00e+00	0.00e+00	0.00e+00	0.00e+00
 8.97584e+22	1.46e-02	4.76e-01	5.08e-01	7.75e-04	3.93e-06	0.00e+00	0.00e+00	0.00e+00	0.00e+00	0.00e+00	0.00e+00
 9.00411e+22	1.61e-02	4.85e-01	4.98e-01	6.00e-04	3.06e-06	0.00e+00	0.00e+00	0.00e+00	0.00e+00	0.00e+00	0.00e+00
 9.02981e+22	1.77e-02	4.93e-01	4.89e-01	4.67e-04	2.40e-06	0.00e+00	0.00e+00	0.00e+00	0.00e+00	0.00e+00	0.00e+00
 9.05346e+22	1.93e-02	4.99e-01	4.82e-01	3.67e-04	1.91e-06	0.00e+00	0.00e+00	0.00e+00	0.00e+00	0.00e+00	0.00e+00
 9.07491e+22	2.09e-02	5.02e-01	4.77e-01	2.93e-04	1.55e-06	0.00e+00	0.00e+00	0.00e+00	0.00e+00	0.00e+00	0.00e+00
 9.08831e+22	2.15e-02	5.01e-01	4.77e-01	2.60e-04	1.39e-06	0.00e+00	0.00e+00	0.00e+00	0.00e+00	0.00e+00	0.00e+00
 9.09331e+22	2.19e-02	5.01e-01	4.77e-01	2.48e-04	1.33e-06	0.00e+00	0.00e+00	0.00e+00	0.00e+00	0.00e+00	0.00e+00
 9.09734e+22	2.22e-02	5.02e-01	4.76e-01	2.37e-04	1.27e-06	0.00e+00	0.00e+00	0.00e+00	0.00e+00	0.00e+00	0.00e+00
 9.10258e+22	2.27e-02	5.02e-01	4.75e-01	2.24e-04	1.21e-06	0.00e+00	0.00e+00	0.00e+00	0.00e+00	0.00e+00	0.00e+00
 9.10886e+22	2.33e-02	5.03e-01	4.74e-01	2.09e-04	1.13e-06	0.00e+00	0.00e+00	0.00e+00	0.00e+00	0.00e+00	0.00e+00
 9.11518e+22	2.38e-02	5.03e-01	4.73e-01	1.95e-04	1.07e-06	0.00e+00	0.00e+00	0.00e+00	0.00e+00	0.00e+00	0.00e+00
 9.12100e+22	2.43e-02	5.02e-01	4.73e-01	1.85e-04	1.01e-06	0.00e+00	0.00e+00	0.00e+00	0.00e+00	0.00e+00	0.00e+00
 9.12695e+22	2.48e-02	5.02e-01	4.73e-01	1.73e-04	9.56e-07	0.00e+00	0.00e+00	0.00e+00	0.00e+00	0.00e+00	0.00e+00
 9.13317e+22	2.54e-02	5.02e-01	4.72e-01	1.63e-04	9.03e-07	0.00e+00	0.00e+00	0.00e+00	0.00e+00	0.00e+00	0.00e+00
 9.13929e+22	2.60e-02	5.02e-01	4.72e-01	1.53e-04	8.55e-07	0.00e+00	0.00e+00	0.00e+00	0.00e+00	0.00e+00	0.00e+00
 9.14546e+22	2.65e-02	5.01e-01	4.72e-01	1.44e-04	8.10e-07	0.00e+00	0.00e+00	0.00e+00	0.00e+00	0.00e+00	0.00e+00
 9.15188e+22	2.71e-02	5.00e-01	4.72e-01	1.36e-04	7.67e-07	0.00e+00	0.00e+00	0.00e+00	0.00e+00	0.00e+00	0.00e+00
 9.15851e+22	2.77e-02	4.99e-01	4.73e-01	1.28e-04	7.27e-07	0.00e+00	0.00e+00	0.00e+00	0.00e+00	0.00e+00	0.00e+00
 9.16536e+22	2.84e-02	4.98e-01	4.73e-01	1.20e-04	6.87e-07	0.00e+00	0.00e+00	0.00e+00	0.00e+00	0.00e+00	0.00e+00
 9.17230e+22	2.90e-02	4.97e-01	4.74e-01	1.13e-04	6.51e-07	0.00e+00	0.00e+00	0.00e+00	0.00e+00	0.00e+00	0.00e+00
 9.17937e+22	2.96e-02	4.95e-01	4.75e-01	1.06e-04	6.18e-07	0.00e+00	0.00e+00	0.00e+00	0.00e+00	0.00e+00	0.00e+00
 9.18683e+22	3.03e-02	4.94e-01	4.76e-01	9.98e-05	5.86e-07	0.00e+00	0.00e+00	0.00e+00	0.00e+00	0.00e+00	0.00e+00
 9.19444e+22	3.10e-02	4.92e-01	4.77e-01	9.41e-05	5.58e-07	0.00e+00	0.00e+00	0.00e+00	0.00e+00	0.00e+00	0.00e+00
 9.20040e+22	3.13e-02	4.89e-01	4.79e-01	9.05e-05	5.40e-07	0.00e+00	0.00e+00	0.00e+00	0.00e+00	0.00e+00	0.00e+00
 9.20432e+22	3.17e-02	4.88e-01	4.80e-01	8.81e-05	5.28e-07	0.00e+00	0.00e+00	0.00e+00	0.00e+00	0.00e+00	0.00e+00
 9.20804e+22	3.20e-02	4.87e-01	4.80e-01	8.58e-05	5.16e-07	0.00e+00	0.00e+00	0.00e+00	0.00e+00	0.00e+00	0.00e+00
 9.21250e+22	3.24e-02	4.87e-01	4.81e-01	8.30e-05	5.02e-07	0.00e+00	0.00e+00	0.00e+00	0.00e+00	0.00e+00	0.00e+00
 9.21745e+22	3.30e-02	4.86e-01	4.81e-01	8.02e-05	4.88e-07	0.00e+00	0.00e+00	0.00e+00	0.00e+00	0.00e+00	0.00e+00
 9.22220e+22	3.33e-02	4.84e-01	4.82e-01	7.79e-05	4.77e-07	0.00e+00	0.00e+00	0.00e+00	0.00e+00	0.00e+00	0.00e+00
 9.22680e+22	3.38e-02	4.83e-01	4.83e-01	7.56e-05	4.65e-07	0.00e+00	0.00e+00	0.00e+00	0.00e+00	0.00e+00	0.00e+00
 9.23152e+22	3.43e-02	4.82e-01	4.83e-01	7.33e-05	4.54e-07	0.00e+00	0.00e+00	0.00e+00	0.00e+00	0.00e+00	0.00e+00
 9.23627e+22	3.48e-02	4.82e-01	4.84e-01	7.12e-05	4.44e-07	0.00e+00	0.00e+00	0.00e+00	0.00e+00	0.00e+00	0.00e+00
 9.24108e+22	3.52e-02	4.81e-01	4.84e-01	6.92e-05	4.34e-07	0.00e+00	0.00e+00	0.00e+00	0.00e+00	0.00e+00	0.00e+00
 9.24601e+22	3.57e-02	4.80e-01	4.84e-01	6.72e-05	4.24e-07	0.00e+00	0.00e+00	0.00e+00	0.00e+00	0.00e+00	0.00e+00
 9.25101e+22	3.62e-02	4.79e-01	4.85e-01	6.53e-05	4.14e-07	0.00e+00	0.00e+00	0.00e+00	0.00e+00	0.00e+00	0.00e+00
 9.25528e+22	3.64e-02	4.77e-01	4.87e-01	6.40e-05	4.08e-07	0.00e+00	0.00e+00	0.00e+00	0.00e+00	0.00e+00	0.00e+00
