#depth	O	O+	O+2	O+3	O+4	O+5	O+6	O+7	O+8	O[1]	O[2]	O[3]
 4.62852e+21	0.00e+00	1.72e-24	2.57e-19	3.25e-15	1.13e-11	1.72e-08	6.98e-05	1.69e-02	9.83e-01	0.00e+00	0.00e+00	0.00e+00
 1.05482e+22	9.73e-30	2.74e-23	2.69e-18	2.28e-14	5.26e-11	5.31e-08	1.55e-04	2.54e-02	9.74e-01	0.00e+00	0.00e+00	0.00e+00
 1.25894e+22	7.49e-29	1.59e-22	1.19e-17	7.79e-14	1.37e-10	1.06e-07	2.55e-04	3.27e-02	9.67e-01	0.00e+00	0.00e+00	0.00e+00
 1.37146e+22	2.19e-28	4.02e-22	2.61e-17	1.49e-13	2.27e-10	1.51e-07	3.29e-04	3.73e-02	9.62e-01	0.00e+00	0.00e+00	0.00e+00
 1.41834e+22	2.96e-28	5.21e-22	3.24e-17	1.78e-13	2.61e-10	1.66e-07	3.53e-04	3.86e-02	9.61e-01	0.00e+00	0.00e+00	0.00e+00
 1.43631e+22	3.89e-28	6.59e-22	3.95e-17	2.09e-13	2.96e-10	1.82e-07	3.76e-04	3.99e-02	9.60e-01	0.00e+00	0.00e+00	0.00e+00
 1.45606e+22	5.32e-28	8.64e-22	4.97e-17	2.53e-13	3.44e-10	2.03e-07	4.06e-04	4.14e-02	9.58e-01	0.00e+00	0.00e+00	0.00e+00
 1.47698e+22	6.98e-28	1.09e-21	6.06e-17	2.98e-13	3.90e-10	2.22e-07	4.32e-04	4.27e-02	9.57e-01	0.00e+00	0.00e+00	0.00e+00
 1.49944e+22	1.03e-27	1.52e-21	8.02e-17	3.75e-13	4.67e-10	2.52e-07	4.73e-04	4.47e-02	9.55e-01	0.00e+00	0.00e+00	0.00e+00
 1.52109e+22	1.36e-27	1.95e-21	9.88e-17	4.46e-13	5.34e-10	2.77e-07	5.05e-04	4.62e-02	9.53e-01	0.00e+00	0.00e+00	0.00e+00
 1.54168e+22	1.92e-27	2.62e-21	1.27e-16	5.48e-13	6.27e-10	3.10e-07	5.47e-04	4.81e-02	9.51e-01	0.00e+00	0.00e+00	0.00e+00
 1.56300e+22	2.58e-27	3.37e-21	1.57e-16	6.55e-13	7.21e-10	3.43e-07	5.86e-04	4.98e-02	9.50e-01	0.00e+00	0.00e+00	0.00e+00
 1.58525e+22	3.85e-27	4.76e-21	2.11e-16	8.34e-13	8.69e-10	3.91e-07	6.43e-04	5.21e-02	9.47e-01	0.00e+00	0.00e+00	0.00e+00
 1.60739e+22	5.27e-27	6.25e-21	2.65e-16	1.01e-12	1.01e-09	4.34e-07	6.91e-04	5.40e-02	9.45e-01	0.00e+00	0.00e+00	0.00e+00
 1.62543e+22	6.89e-27	7.88e-21	3.23e-16	1.19e-12	1.14e-09	4.75e-07	7.35e-04	5.56e-02	9.44e-01	0.00e+00	0.00e+00	0.00e+00
 1.64492e+22	9.93e-27	1.08e-20	4.22e-16	1.48e-12	1.36e-09	5.36e-07	7.98e-04	5.79e-02	9.41e-01	0.00e+00	0.00e+00	0.00e+00
 1.66453e+22	1.31e-26	1.37e-20	5.17e-16	1.75e-12	1.55e-09	5.88e-07	8.50e-04	5.98e-02	9.39e-01	0.00e+00	0.00e+00	0.00e+00
 1.68080e+22	1.72e-26	1.74e-20	6.31e-16	2.06e-12	1.76e-09	6.43e-07	9.03e-04	6.16e-02	9.38e-01	0.00e+00	0.00e+00	0.00e+00
 1.69582e+22	2.21e-26	2.16e-20	7.59e-16	2.40e-12	1.98e-09	6.99e-07	9.56e-04	6.33e-02	9.36e-01	0.00e+00	0.00e+00	0.00e+00
 1.70965e+22	2.81e-26	2.65e-20	9.04e-16	2.78e-12	2.21e-09	7.56e-07	1.01e-03	6.49e-02	9.34e-01	0.00e+00	0.00e+00	0.00e+00
 1.72237e+22	3.42e-26	3.15e-20	1.05e-15	3.13e-12	2.43e-09	8.08e-07	1.05e-03	6.64e-02	9.33e-01	0.00e+00	0.00e+00	0.00e+00
 1.73672e+22	4.51e-26	4.00e-20	1.28e-15	3.70e-12	2.77e-09	8.85e-07	1.12e-03	6.84e-02	9.30e-01	0.00e+00	0.00e+00	0.00e+00
 1.75155e+22	5.80e-26	4.98e-20	1.54e-15	4.32e-12	3.11e-09	9.62e-07	1.18e-03	7.03e-02	9.29e-01	0.00e+00	0.00e+00	0.00e+00
 1.76400e+22	7.27e-26	6.05e-20	1.82e-15	4.95e-12	3.46e-09	1.04e-06	1.24e-03	7.19e-02	9.27e-01	0.00e+00	0.00e+00	0.00e+00
 1.77536e+22	8.93e-26	7.23e-20	2.12e-15	5.61e-12	3.81e-09	1.11e-06	1.30e-03	7.35e-02	9.25e-01	0.00e+00	0.00e+00	0.00e+00
 1.78832e+22	1.16e-25	9.05e-20	2.56e-15	6.56e-12	4.31e-09	1.21e-06	1.38e-03	7.56e-02	9.23e-01	0.00e+00	0.00e+00	0.00e+00
 1.80131e+22	1.44e-25	1.09e-19	3.01e-15	7.49e-12	4.77e-09	1.30e-06	1.44e-03	7.73e-02	9.21e-01	0.00e+00	0.00e+00	0.00e+00
 1.81241e+22	1.77e-25	1.31e-19	3.51e-15	8.51e-12	5.26e-09	1.39e-06	1.51e-03	7.90e-02	9.20e-01	0.00e+00	0.00e+00	0.00e+00
 1.82490e+22	2.31e-25	1.64e-19	4.26e-15	9.98e-12	5.95e-09	1.51e-06	1.60e-03	8.12e-02	9.17e-01	0.00e+00	0.00e+00	0.00e+00
 1.83759e+22	2.86e-25	1.98e-19	4.98e-15	1.14e-11	6.58e-09	1.63e-06	1.67e-03	8.30e-02	9.15e-01	0.00e+00	0.00e+00	0.00e+00
 1.85053e+22	3.84e-25	2.56e-19	6.19e-15	1.36e-11	7.56e-09	1.79e-06	1.78e-03	8.55e-02	9.13e-01	0.00e+00	0.00e+00	0.00e+00
 1.86321e+22	4.75e-25	3.08e-19	7.25e-15	1.55e-11	8.35e-09	1.92e-06	1.86e-03	8.73e-02	9.11e-01	0.00e+00	0.00e+00	0.00e+00
 1.87354e+22	5.90e-25	3.71e-19	8.50e-15	1.77e-11	9.24e-09	2.06e-06	1.95e-03	8.92e-02	9.09e-01	0.00e+00	0.00e+00	0.00e+00
 1.88324e+22	7.22e-25	4.42e-19	9.86e-15	2.00e-11	1.02e-08	2.20e-06	2.03e-03	9.10e-02	9.07e-01	0.00e+00	0.00e+00	0.00e+00
 1.89418e+22	9.28e-25	5.50e-19	1.19e-14	2.33e-11	1.14e-08	2.38e-06	2.14e-03	9.33e-02	9.05e-01	0.00e+00	0.00e+00	0.00e+00
 1.90544e+22	1.17e-24	6.71e-19	1.41e-14	2.67e-11	1.27e-08	2.57e-06	2.25e-03	9.54e-02	9.02e-01	0.00e+00	0.00e+00	0.00e+00
 1.91526e+22	1.42e-24	7.97e-19	1.63e-14	3.02e-11	1.39e-08	2.74e-06	2.34e-03	9.73e-02	9.00e-01	0.00e+00	0.00e+00	0.00e+00
 1.92616e+22	1.89e-24	1.02e-18	2.00e-14	3.58e-11	1.59e-08	3.00e-06	2.48e-03	9.99e-02	8.98e-01	0.00e+00	0.00e+00	0.00e+00
 1.93713e+22	2.36e-24	1.24e-18	2.36e-14	4.10e-11	1.76e-08	3.22e-06	2.59e-03	1.02e-01	8.95e-01	0.00e+00	0.00e+00	0.00e+00
 1.94818e+22	3.14e-24	1.58e-18	2.92e-14	4.88e-11	2.01e-08	3.53e-06	2.75e-03	1.05e-01	8.92e-01	0.00e+00	0.00e+00	0.00e+00
 1.95940e+22	4.00e-24	1.95e-18	3.48e-14	5.65e-11	2.25e-08	3.81e-06	2.89e-03	1.07e-01	8.90e-01	0.00e+00	0.00e+00	0.00e+00
 1.96890e+22	4.98e-24	2.36e-18	4.09e-14	6.45e-11	2.49e-08	4.09e-06	3.02e-03	1.10e-01	8.87e-01	0.00e+00	0.00e+00	0.00e+00
 1.97931e+22	6.66e-24	3.04e-18	5.07e-14	7.69e-11	2.85e-08	4.48e-06	3.19e-03	1.13e-01	8.84e-01	0.00e+00	0.00e+00	0.00e+00
 1.98980e+22	8.40e-24	3.72e-18	6.02e-14	8.85e-11	3.18e-08	4.83e-06	3.35e-03	1.15e-01	8.82e-01	0.00e+00	0.00e+00	0.00e+00
 2.00039e+22	1.15e-23	4.89e-18	7.60e-14	1.07e-10	3.67e-08	5.33e-06	3.56e-03	1.18e-01	8.78e-01	0.00e+00	0.00e+00	0.00e+00
 2.01098e+22	1.45e-23	5.98e-18	9.02e-14	1.23e-10	4.09e-08	5.74e-06	3.73e-03	1.21e-01	8.75e-01	0.00e+00	0.00e+00	0.00e+00
 2.02018e+22	1.86e-23	7.41e-18	1.08e-13	1.43e-10	4.58e-08	6.20e-06	3.91e-03	1.24e-01	8.73e-01	0.00e+00	0.00e+00	0.00e+00
 2.02922e+22	2.37e-23	9.14e-18	1.29e-13	1.66e-10	5.12e-08	6.69e-06	4.10e-03	1.26e-01	8.70e-01	0.00e+00	0.00e+00	0.00e+00
 2.03945e+22	3.29e-23	1.22e-17	1.65e-13	2.02e-10	5.95e-08	7.41e-06	4.37e-03	1.30e-01	8.66e-01	0.00e+00	0.00e+00	0.00e+00
 2.04954e+22	4.16e-23	1.49e-17	1.96e-13	2.33e-10	6.63e-08	7.98e-06	4.57e-03	1.33e-01	8.63e-01	0.00e+00	0.00e+00	0.00e+00
 2.05944e+22	5.75e-23	1.97e-17	2.48e-13	2.83e-10	7.69e-08	8.82e-06	4.86e-03	1.36e-01	8.59e-01	0.00e+00	0.00e+00	0.00e+00
 2.06948e+22	7.45e-23	2.47e-17	3.01e-13	3.31e-10	8.66e-08	9.57e-06	5.11e-03	1.40e-01	8.55e-01	0.00e+00	0.00e+00	0.00e+00
 2.07969e+22	1.04e-22	3.31e-17	3.85e-13	4.06e-10	1.01e-07	1.06e-05	5.45e-03	1.44e-01	8.51e-01	0.00e+00	0.00e+00	0.00e+00
 2.08970e+22	1.33e-22	4.10e-17	4.62e-13	4.71e-10	1.13e-07	1.15e-05	5.72e-03	1.47e-01	8.47e-01	0.00e+00	0.00e+00	0.00e+00
 2.09945e+22	1.86e-22	5.46e-17	5.89e-13	5.75e-10	1.32e-07	1.27e-05	6.09e-03	1.51e-01	8.43e-01	0.00e+00	0.00e+00	0.00e+00
 2.10934e+22	2.42e-22	6.86e-17	7.14e-13	6.73e-10	1.48e-07	1.38e-05	6.40e-03	1.55e-01	8.39e-01	0.00e+00	0.00e+00	0.00e+00
 2.11943e+22	3.42e-22	9.26e-17	9.22e-13	8.30e-10	1.74e-07	1.54e-05	6.84e-03	1.59e-01	8.34e-01	0.00e+00	0.00e+00	0.00e+00
 2.12964e+22	4.49e-22	1.17e-16	1.13e-12	9.78e-10	1.97e-07	1.67e-05	7.21e-03	1.63e-01	8.30e-01	0.00e+00	0.00e+00	0.00e+00
 2.14001e+22	6.43e-22	1.60e-16	1.47e-12	1.21e-09	2.32e-07	1.87e-05	7.72e-03	1.68e-01	8.24e-01	0.00e+00	0.00e+00	0.00e+00
 2.15044e+22	8.46e-22	2.03e-16	1.80e-12	1.43e-09	2.63e-07	2.04e-05	8.14e-03	1.72e-01	8.20e-01	0.00e+00	0.00e+00	0.00e+00
 2.16094e+22	1.22e-21	2.79e-16	2.35e-12	1.79e-09	3.11e-07	2.28e-05	8.73e-03	1.77e-01	8.14e-01	0.00e+00	0.00e+00	0.00e+00
 2.17119e+22	1.57e-21	3.48e-16	2.83e-12	2.08e-09	3.50e-07	2.47e-05	9.17e-03	1.81e-01	8.10e-01	0.00e+00	0.00e+00	0.00e+00
 2.18112e+22	2.20e-21	4.65e-16	3.62e-12	2.55e-09	4.08e-07	2.75e-05	9.78e-03	1.86e-01	8.04e-01	0.00e+00	0.00e+00	0.00e+00
 2.19124e+22	2.87e-21	5.86e-16	4.41e-12	2.99e-09	4.61e-07	2.99e-05	1.03e-02	1.91e-01	7.99e-01	0.00e+00	0.00e+00	0.00e+00
 2.20162e+22	4.04e-21	7.88e-16	5.67e-12	3.68e-09	5.40e-07	3.33e-05	1.10e-02	1.96e-01	7.93e-01	0.00e+00	0.00e+00	0.00e+00
 2.21217e+22	5.26e-21	9.91e-16	6.89e-12	4.32e-09	6.11e-07	3.63e-05	1.16e-02	2.01e-01	7.88e-01	0.00e+00	0.00e+00	0.00e+00
 2.22292e+22	7.41e-21	1.33e-15	8.87e-12	5.32e-09	7.16e-07	4.05e-05	1.24e-02	2.07e-01	7.81e-01	0.00e+00	0.00e+00	0.00e+00
 2.23390e+22	9.66e-21	1.68e-15	1.08e-11	6.25e-09	8.10e-07	4.40e-05	1.31e-02	2.11e-01	7.76e-01	0.00e+00	0.00e+00	0.00e+00
 2.24515e+22	1.37e-20	2.27e-15	1.39e-11	7.71e-09	9.53e-07	4.92e-05	1.40e-02	2.18e-01	7.68e-01	0.00e+00	0.00e+00	0.00e+00
 2.25665e+22	1.78e-20	2.84e-15	1.69e-11	9.04e-09	1.08e-06	5.36e-05	1.48e-02	2.22e-01	7.63e-01	0.00e+00	0.00e+00	0.00e+00
 2.26848e+22	2.50e-20	3.83e-15	2.17e-11	1.11e-08	1.27e-06	6.00e-05	1.58e-02	2.29e-01	7.55e-01	0.00e+00	0.00e+00	0.00e+00
 2.28030e+22	3.22e-20	4.76e-15	2.62e-11	1.30e-08	1.43e-06	6.52e-05	1.66e-02	2.34e-01	7.49e-01	0.00e+00	0.00e+00	0.00e+00
 2.29212e+22	4.47e-20	6.33e-15	3.34e-11	1.59e-08	1.67e-06	7.26e-05	1.78e-02	2.41e-01	7.42e-01	0.00e+00	0.00e+00	0.00e+00
 2.30423e+22	5.75e-20	7.89e-15	4.02e-11	1.85e-08	1.88e-06	7.90e-05	1.87e-02	2.46e-01	7.35e-01	0.00e+00	0.00e+00	0.00e+00
 2.31671e+22	8.01e-20	1.05e-14	5.14e-11	2.27e-08	2.20e-06	8.82e-05	2.01e-02	2.53e-01	7.27e-01	0.00e+00	0.00e+00	0.00e+00
 2.32880e+22	9.96e-20	1.27e-14	6.04e-11	2.60e-08	2.45e-06	9.50e-05	2.10e-02	2.57e-01	7.22e-01	0.00e+00	0.00e+00	0.00e+00
 2.34038e+22	1.34e-19	1.64e-14	7.51e-11	3.11e-08	2.82e-06	1.05e-04	2.23e-02	2.64e-01	7.14e-01	0.00e+00	0.00e+00	0.00e+00
 2.35223e+22	1.67e-19	1.99e-14	8.86e-11	3.57e-08	3.14e-06	1.13e-04	2.34e-02	2.69e-01	7.08e-01	0.00e+00	0.00e+00	0.00e+00
 2.36446e+22	2.26e-19	2.58e-14	1.11e-10	4.30e-08	3.63e-06	1.25e-04	2.49e-02	2.76e-01	6.99e-01	0.00e+00	0.00e+00	0.00e+00
 2.37685e+22	2.80e-19	3.12e-14	1.30e-10	4.92e-08	4.04e-06	1.35e-04	2.60e-02	2.81e-01	6.93e-01	0.00e+00	0.00e+00	0.00e+00
 2.38947e+22	3.78e-19	4.04e-14	1.62e-10	5.91e-08	4.67e-06	1.49e-04	2.77e-02	2.88e-01	6.85e-01	0.00e+00	0.00e+00	0.00e+00
 2.40186e+22	4.61e-19	4.80e-14	1.88e-10	6.69e-08	5.15e-06	1.60e-04	2.89e-02	2.92e-01	6.79e-01	0.00e+00	0.00e+00	0.00e+00
 2.41396e+22	6.07e-19	6.09e-14	2.31e-10	7.94e-08	5.89e-06	1.76e-04	3.06e-02	2.99e-01	6.70e-01	0.00e+00	0.00e+00	0.00e+00
 2.42631e+22	7.42e-19	7.26e-14	2.68e-10	9.00e-08	6.51e-06	1.89e-04	3.19e-02	3.04e-01	6.64e-01	0.00e+00	0.00e+00	0.00e+00
 2.43898e+22	9.77e-19	9.22e-14	3.29e-10	1.07e-07	7.45e-06	2.08e-04	3.38e-02	3.11e-01	6.55e-01	0.00e+00	0.00e+00	0.00e+00
 2.45189e+22	1.20e-18	1.10e-13	3.83e-10	1.21e-07	8.25e-06	2.23e-04	3.54e-02	3.16e-01	6.49e-01	0.00e+00	0.00e+00	0.00e+00
 2.46512e+22	1.58e-18	1.40e-13	4.70e-10	1.44e-07	9.45e-06	2.46e-04	3.75e-02	3.23e-01	6.39e-01	0.00e+00	0.00e+00	0.00e+00
 2.47858e+22	1.94e-18	1.67e-13	5.49e-10	1.64e-07	1.05e-05	2.64e-04	3.92e-02	3.28e-01	6.33e-01	0.00e+00	0.00e+00	0.00e+00
 2.49235e+22	2.56e-18	2.13e-13	6.74e-10	1.95e-07	1.20e-05	2.91e-04	4.15e-02	3.35e-01	6.23e-01	0.00e+00	0.00e+00	0.00e+00
 2.50637e+22	3.15e-18	2.55e-13	7.87e-10	2.22e-07	1.33e-05	3.13e-04	4.34e-02	3.41e-01	6.16e-01	0.00e+00	0.00e+00	0.00e+00
 2.51870e+22	3.86e-18	3.04e-13	9.16e-10	2.52e-07	1.48e-05	3.37e-04	4.53e-02	3.46e-01	6.08e-01	0.00e+00	0.00e+00	0.00e+00
 2.53268e+22	5.03e-18	3.83e-13	1.12e-09	2.98e-07	1.68e-05	3.70e-04	4.79e-02	3.53e-01	5.99e-01	0.00e+00	0.00e+00	0.00e+00
 2.54665e+22	6.05e-18	4.50e-13	1.28e-09	3.34e-07	1.85e-05	3.95e-04	4.98e-02	3.58e-01	5.92e-01	0.00e+00	0.00e+00	0.00e+00
 2.56059e+22	7.86e-18	5.65e-13	1.56e-09	3.94e-07	2.11e-05	4.33e-04	5.27e-02	3.65e-01	5.82e-01	0.00e+00	0.00e+00	0.00e+00
 2.57475e+22	9.46e-18	6.64e-13	1.79e-09	4.43e-07	2.31e-05	4.63e-04	5.48e-02	3.69e-01	5.75e-01	0.00e+00	0.00e+00	0.00e+00
 2.58917e+22	1.22e-17	8.28e-13	2.16e-09	5.19e-07	2.62e-05	5.06e-04	5.78e-02	3.76e-01	5.65e-01	0.00e+00	0.00e+00	0.00e+00
 2.60405e+22	1.49e-17	9.89e-13	2.52e-09	5.90e-07	2.91e-05	5.44e-04	6.04e-02	3.82e-01	5.57e-01	0.00e+00	0.00e+00	0.00e+00
 2.61954e+22	1.93e-17	1.23e-12	3.05e-09	6.92e-07	3.30e-05	5.96e-04	6.37e-02	3.88e-01	5.47e-01	0.00e+00	0.00e+00	0.00e+00
 2.63556e+22	2.39e-17	1.49e-12	3.58e-09	7.93e-07	3.68e-05	6.43e-04	6.66e-02	3.94e-01	5.39e-01	2.39e-17	6.10e-28	6.48e-28
 2.65229e+22	3.11e-17	1.87e-12	4.37e-09	9.37e-07	4.20e-05	7.07e-04	7.04e-02	4.01e-01	5.28e-01	3.11e-17	5.95e-26	7.50e-26
 2.66952e+22	3.89e-17	2.28e-12	5.16e-09	1.08e-06	4.70e-05	7.65e-04	7.38e-02	4.07e-01	5.19e-01	3.89e-17	7.44e-26	9.37e-26
 2.68740e+22	5.12e-17	2.89e-12	6.34e-09	1.28e-06	5.40e-05	8.43e-04	7.81e-02	4.14e-01	5.07e-01	5.12e-17	9.79e-26	1.23e-25
 2.70594e+22	6.47e-17	3.55e-12	7.55e-09	1.48e-06	6.07e-05	9.17e-04	8.19e-02	4.19e-01	4.98e-01	6.47e-17	1.24e-25	1.56e-25
 2.72278e+22	8.11e-17	4.32e-12	8.95e-09	1.71e-06	6.80e-05	9.93e-04	8.58e-02	4.25e-01	4.88e-01	8.11e-17	1.55e-25	1.96e-25
 2.74213e+22	1.08e-16	5.54e-12	1.11e-08	2.05e-06	7.85e-05	1.10e-03	9.10e-02	4.32e-01	4.76e-01	1.08e-16	2.07e-25	2.60e-25
 2.76186e+22	1.37e-16	6.81e-12	1.32e-08	2.38e-06	8.83e-05	1.19e-03	9.54e-02	4.38e-01	4.66e-01	1.37e-16	2.62e-25	3.30e-25
 2.78206e+22	1.83e-16	8.80e-12	1.65e-08	2.86e-06	1.02e-04	1.32e-03	1.01e-01	4.44e-01	4.53e-01	1.83e-16	3.51e-25	4.42e-25
 2.80254e+22	2.33e-16	1.08e-11	1.97e-08	3.32e-06	1.15e-04	1.44e-03	1.06e-01	4.50e-01	4.42e-01	2.33e-16	4.47e-25	5.62e-25
 2.82337e+22	3.15e-16	1.41e-11	2.47e-08	4.02e-06	1.34e-04	1.60e-03	1.13e-01	4.56e-01	4.29e-01	3.15e-16	6.05e-25	7.61e-25
 2.84442e+22	4.01e-16	1.74e-11	2.96e-08	4.67e-06	1.51e-04	1.74e-03	1.18e-01	4.61e-01	4.18e-01	4.01e-16	7.69e-25	9.68e-25
 2.86574e+22	5.47e-16	2.28e-11	3.74e-08	5.68e-06	1.77e-04	1.95e-03	1.26e-01	4.68e-01	4.04e-01	5.47e-16	1.05e-24	1.32e-24
 2.88720e+22	6.94e-16	2.81e-11	4.47e-08	6.60e-06	2.00e-04	2.12e-03	1.32e-01	4.72e-01	3.94e-01	6.94e-16	1.33e-24	1.68e-24
 2.90514e+22	8.61e-16	3.39e-11	5.26e-08	7.56e-06	2.23e-04	2.28e-03	1.37e-01	4.76e-01	3.84e-01	8.61e-16	1.65e-24	2.08e-24
 2.92478e+22	1.15e-15	4.35e-11	6.53e-08	9.08e-06	2.58e-04	2.53e-03	1.45e-01	4.81e-01	3.71e-01	1.15e-15	2.21e-24	2.78e-24
 2.94420e+22	1.41e-15	5.21e-11	7.63e-08	1.04e-05	2.87e-04	2.73e-03	1.51e-01	4.84e-01	3.61e-01	1.41e-15	2.72e-24	3.42e-24
 2.96330e+22	1.86e-15	6.63e-11	9.39e-08	1.23e-05	3.30e-04	3.01e-03	1.60e-01	4.89e-01	3.48e-01	1.86e-15	3.58e-24	4.51e-24
 2.98271e+22	2.31e-15	8.00e-11	1.10e-07	1.41e-05	3.69e-04	3.25e-03	1.66e-01	4.91e-01	3.39e-01	2.31e-15	4.44e-24	5.58e-24
 3.00249e+22	3.06e-15	1.02e-10	1.37e-07	1.70e-05	4.27e-04	3.60e-03	1.76e-01	4.95e-01	3.25e-01	3.06e-15	5.90e-24	7.42e-24
 3.02250e+22	3.81e-15	1.24e-10	1.61e-07	1.95e-05	4.78e-04	3.90e-03	1.83e-01	4.97e-01	3.15e-01	3.81e-15	7.33e-24	9.22e-24
 3.04281e+22	5.08e-15	1.59e-10	2.00e-07	2.35e-05	5.57e-04	4.34e-03	1.94e-01	5.00e-01	3.02e-01	5.08e-15	9.79e-24	1.23e-23
 3.06338e+22	6.33e-15	1.93e-10	2.37e-07	2.71e-05	6.25e-04	4.70e-03	2.02e-01	5.02e-01	2.91e-01	6.33e-15	1.22e-23	1.53e-23
 3.08431e+22	8.45e-15	2.48e-10	2.95e-07	3.28e-05	7.30e-04	5.24e-03	2.13e-01	5.03e-01	2.78e-01	8.45e-15	1.63e-23	2.05e-23
 3.10570e+22	1.06e-14	3.03e-10	3.52e-07	3.81e-05	8.27e-04	5.71e-03	2.23e-01	5.04e-01	2.67e-01	1.06e-14	2.05e-23	2.58e-23
 3.12767e+22	1.43e-14	3.93e-10	4.41e-07	4.63e-05	9.72e-04	6.39e-03	2.36e-01	5.04e-01	2.53e-01	1.43e-14	2.76e-23	3.46e-23
 3.15008e+22	1.80e-14	4.81e-10	5.28e-07	5.42e-05	1.11e-03	7.00e-03	2.46e-01	5.04e-01	2.41e-01	1.80e-14	3.48e-23	4.37e-23
 3.17233e+22	2.38e-14	6.15e-10	6.56e-07	6.55e-05	1.30e-03	7.82e-03	2.60e-01	5.03e-01	2.28e-01	2.38e-14	4.61e-23	5.79e-23
 3.19347e+22	2.90e-14	7.31e-10	7.65e-07	7.49e-05	1.45e-03	8.47e-03	2.70e-01	5.01e-01	2.18e-01	2.90e-14	5.62e-23	7.06e-23
 3.21389e+22	3.74e-14	9.13e-10	9.33e-07	8.93e-05	1.68e-03	9.40e-03	2.84e-01	4.99e-01	2.06e-01	3.74e-14	7.24e-23	9.09e-23
 3.23469e+22	4.55e-14	1.09e-09	1.09e-06	1.03e-04	1.89e-03	1.02e-02	2.95e-01	4.97e-01	1.96e-01	4.55e-14	8.81e-23	1.11e-22
 3.25511e+22	5.72e-14	1.33e-09	1.31e-06	1.21e-04	2.18e-03	1.13e-02	3.09e-01	4.93e-01	1.85e-01	5.72e-14	1.11e-22	1.39e-22
 3.27596e+22	6.94e-14	1.58e-09	1.53e-06	1.39e-04	2.46e-03	1.23e-02	3.21e-01	4.89e-01	1.75e-01	6.94e-14	1.35e-22	1.69e-22
 3.29626e+22	8.51e-14	1.89e-09	1.81e-06	1.62e-04	2.80e-03	1.35e-02	3.34e-01	4.84e-01	1.65e-01	8.51e-14	1.65e-22	2.07e-22
 3.31699e+22	1.03e-13	2.23e-09	2.11e-06	1.86e-04	3.16e-03	1.47e-02	3.47e-01	4.79e-01	1.56e-01	1.03e-13	1.99e-22	2.50e-22
 3.33751e+22	1.23e-13	2.63e-09	2.46e-06	2.15e-04	3.58e-03	1.61e-02	3.61e-01	4.73e-01	1.46e-01	1.23e-13	2.40e-22	3.01e-22
 3.35814e+22	1.46e-13	3.08e-09	2.85e-06	2.46e-04	4.03e-03	1.75e-02	3.74e-01	4.67e-01	1.38e-01	1.46e-13	2.85e-22	3.57e-22
 3.37854e+22	1.72e-13	3.57e-09	3.28e-06	2.81e-04	4.53e-03	1.91e-02	3.87e-01	4.60e-01	1.29e-01	1.72e-13	3.36e-22	4.21e-22
 3.39889e+22	2.01e-13	4.11e-09	3.77e-06	3.20e-04	5.07e-03	2.07e-02	4.00e-01	4.53e-01	1.21e-01	2.01e-13	3.93e-22	4.92e-22
 3.41929e+22	2.34e-13	4.71e-09	4.30e-06	3.63e-04	5.67e-03	2.25e-02	4.13e-01	4.45e-01	1.13e-01	2.34e-13	4.56e-22	5.72e-22
 3.43976e+22	2.69e-13	5.37e-09	4.89e-06	4.11e-04	6.33e-03	2.44e-02	4.26e-01	4.37e-01	1.06e-01	2.69e-13	5.26e-22	6.59e-22
 3.46036e+22	3.08e-13	6.10e-09	5.55e-06	4.65e-04	7.05e-03	2.64e-02	4.39e-01	4.28e-01	9.90e-02	3.08e-13	6.02e-22	7.55e-22
 3.48115e+22	3.51e-13	6.88e-09	6.27e-06	5.24e-04	7.83e-03	2.86e-02	4.51e-01	4.19e-01	9.23e-02	3.51e-13	6.86e-22	8.60e-22
 3.50219e+22	3.97e-13	7.75e-09	7.07e-06	5.90e-04	8.70e-03	3.09e-02	4.64e-01	4.10e-01	8.59e-02	3.97e-13	7.78e-22	9.74e-22
 3.52334e+22	4.46e-13	8.67e-09	7.94e-06	6.62e-04	9.62e-03	3.34e-02	4.76e-01	4.00e-01	7.99e-02	4.46e-13	8.75e-22	1.10e-21
 3.54483e+22	5.01e-13	9.69e-09	8.92e-06	7.43e-04	1.07e-02	3.60e-02	4.88e-01	3.90e-01	7.41e-02	5.01e-13	9.82e-22	1.23e-21
 3.56657e+22	5.57e-13	1.08e-08	9.98e-06	8.31e-04	1.18e-02	3.88e-02	5.00e-01	3.80e-01	6.87e-02	5.57e-13	1.10e-21	1.37e-21
 3.58873e+22	6.20e-13	1.20e-08	1.12e-05	9.33e-04	1.30e-02	4.19e-02	5.12e-01	3.69e-01	6.34e-02	6.20e-13	1.22e-21	1.53e-21
 3.60935e+22	6.75e-13	1.30e-08	1.22e-05	1.02e-03	1.41e-02	4.45e-02	5.21e-01	3.60e-01	5.93e-02	6.75e-13	1.33e-21	1.66e-21
 3.63060e+22	7.46e-13	1.44e-08	1.37e-05	1.15e-03	1.55e-02	4.80e-02	5.32e-01	3.49e-01	5.44e-02	7.46e-13	1.47e-21	1.84e-21
 3.65219e+22	8.10e-13	1.57e-08	1.50e-05	1.26e-03	1.68e-02	5.10e-02	5.41e-01	3.40e-01	5.08e-02	8.10e-13	1.60e-21	2.00e-21
 3.67426e+22	8.89e-13	1.73e-08	1.68e-05	1.42e-03	1.85e-02	5.50e-02	5.51e-01	3.27e-01	4.63e-02	8.89e-13	1.76e-21	2.20e-21
 3.69644e+22	9.64e-13	1.88e-08	1.84e-05	1.55e-03	1.99e-02	5.82e-02	5.59e-01	3.18e-01	4.32e-02	9.64e-13	1.91e-21	2.39e-21
 3.71876e+22	1.05e-12	2.08e-08	2.05e-05	1.74e-03	2.19e-02	6.26e-02	5.68e-01	3.06e-01	3.94e-02	1.05e-12	2.09e-21	2.61e-21
 3.74122e+22	1.14e-12	2.25e-08	2.24e-05	1.89e-03	2.35e-02	6.61e-02	5.75e-01	2.97e-01	3.66e-02	1.14e-12	2.26e-21	2.82e-21
 3.76384e+22	1.24e-12	2.47e-08	2.50e-05	2.12e-03	2.57e-02	7.09e-02	5.83e-01	2.85e-01	3.33e-02	1.24e-12	2.47e-21	3.08e-21
 3.78665e+22	1.34e-12	2.68e-08	2.72e-05	2.31e-03	2.76e-02	7.47e-02	5.89e-01	2.76e-01	3.09e-02	1.34e-12	2.66e-21	3.32e-21
 3.80971e+22	1.46e-12	2.95e-08	3.04e-05	2.59e-03	3.01e-02	7.99e-02	5.95e-01	2.64e-01	2.80e-02	1.46e-12	2.90e-21	3.63e-21
 3.83306e+22	1.57e-12	3.19e-08	3.32e-05	2.82e-03	3.21e-02	8.40e-02	6.00e-01	2.55e-01	2.59e-02	1.57e-12	3.13e-21	3.91e-21
 3.85679e+22	1.71e-12	3.53e-08	3.71e-05	3.16e-03	3.50e-02	8.98e-02	6.06e-01	2.43e-01	2.34e-02	1.71e-12	3.42e-21	4.27e-21
 3.88091e+22	1.84e-12	3.83e-08	4.07e-05	3.45e-03	3.74e-02	9.44e-02	6.09e-01	2.34e-01	2.16e-02	1.84e-12	3.70e-21	4.61e-21
 3.90554e+22	2.02e-12	4.25e-08	4.56e-05	3.87e-03	4.06e-02	1.01e-01	6.13e-01	2.22e-01	1.94e-02	2.02e-12	4.06e-21	5.06e-21
 3.93069e+22	2.19e-12	4.65e-08	5.03e-05	4.24e-03	4.34e-02	1.06e-01	6.15e-01	2.14e-01	1.78e-02	2.19e-12	4.41e-21	5.50e-21
 3.95651e+22	2.41e-12	5.19e-08	5.67e-05	4.76e-03	4.72e-02	1.13e-01	6.18e-01	2.02e-01	1.58e-02	2.41e-12	4.86e-21	6.06e-21
 3.98296e+22	2.64e-12	5.73e-08	6.29e-05	5.24e-03	5.04e-02	1.18e-01	6.19e-01	1.93e-01	1.45e-02	2.64e-12	5.34e-21	6.65e-21
 4.00526e+22	2.84e-12	6.23e-08	6.87e-05	5.69e-03	5.34e-02	1.23e-01	6.19e-01	1.85e-01	1.33e-02	2.84e-12	5.76e-21	7.18e-21
 4.02928e+22	3.13e-12	6.95e-08	7.71e-05	6.33e-03	5.74e-02	1.30e-01	6.19e-01	1.75e-01	1.20e-02	3.13e-12	6.36e-21	7.92e-21
 4.05364e+22	3.39e-12	7.60e-08	8.46e-05	6.88e-03	6.07e-02	1.36e-01	6.18e-01	1.68e-01	1.10e-02	3.39e-12	6.91e-21	8.61e-21
 4.07471e+22	3.67e-12	8.29e-08	9.25e-05	7.45e-03	6.40e-02	1.41e-01	6.16e-01	1.61e-01	1.01e-02	3.67e-12	7.49e-21	9.33e-21
 4.09836e+22	4.04e-12	9.25e-08	1.04e-04	8.25e-03	6.84e-02	1.48e-01	6.14e-01	1.52e-01	9.07e-03	4.04e-12	8.27e-21	1.03e-20
 4.12192e+22	4.42e-12	1.02e-07	1.14e-04	8.93e-03	7.20e-02	1.53e-01	6.12e-01	1.46e-01	8.37e-03	4.42e-12	9.07e-21	1.13e-20
 4.14537e+22	4.88e-12	1.14e-07	1.27e-04	9.86e-03	7.67e-02	1.60e-01	6.08e-01	1.38e-01	7.50e-03	4.88e-12	1.01e-20	1.25e-20
 4.16915e+22	5.38e-12	1.26e-07	1.40e-04	1.07e-02	8.07e-02	1.66e-01	6.04e-01	1.32e-01	6.90e-03	5.38e-12	1.11e-20	1.38e-20
 4.19334e+22	6.00e-12	1.42e-07	1.58e-04	1.18e-02	8.59e-02	1.73e-01	5.99e-01	1.24e-01	6.16e-03	6.00e-12	1.24e-20	1.54e-20
 4.21796e+22	6.68e-12	1.59e-07	1.74e-04	1.28e-02	9.03e-02	1.79e-01	5.94e-01	1.18e-01	5.64e-03	6.68e-12	1.39e-20	1.72e-20
 4.24312e+22	7.51e-12	1.81e-07	1.98e-04	1.42e-02	9.62e-02	1.87e-01	5.87e-01	1.10e-01	5.00e-03	7.51e-12	1.56e-20	1.94e-20
 4.26867e+22	8.43e-12	2.03e-07	2.20e-04	1.54e-02	1.01e-01	1.92e-01	5.81e-01	1.05e-01	4.56e-03	8.43e-12	1.76e-20	2.19e-20
 4.29470e+22	9.60e-12	2.33e-07	2.50e-04	1.72e-02	1.08e-01	2.00e-01	5.73e-01	9.76e-02	4.02e-03	9.60e-12	2.01e-20	2.50e-20
 4.32135e+22	1.08e-11	2.64e-07	2.80e-04	1.87e-02	1.13e-01	2.07e-01	5.65e-01	9.22e-02	3.63e-03	1.08e-11	2.28e-20	2.83e-20
 4.34881e+22	1.26e-11	3.09e-07	3.22e-04	2.08e-02	1.21e-01	2.15e-01	5.55e-01	8.54e-02	3.18e-03	1.26e-11	2.67e-20	3.31e-20
 4.37698e+22	1.44e-11	3.53e-07	3.62e-04	2.28e-02	1.27e-01	2.21e-01	5.46e-01	8.02e-02	2.85e-03	1.44e-11	3.06e-20	3.79e-20
 4.40610e+22	1.71e-11	4.19e-07	4.21e-04	2.55e-02	1.35e-01	2.29e-01	5.33e-01	7.38e-02	2.47e-03	1.71e-11	3.64e-20	4.51e-20
 4.43546e+22	1.97e-11	4.82e-07	4.74e-04	2.79e-02	1.42e-01	2.35e-01	5.23e-01	6.91e-02	2.21e-03	1.97e-11	4.23e-20	5.24e-20
 4.46516e+22	2.36e-11	5.76e-07	5.53e-04	3.12e-02	1.51e-01	2.43e-01	5.09e-01	6.32e-02	1.90e-03	2.36e-11	5.08e-20	6.29e-20
 4.49519e+22	2.76e-11	6.68e-07	6.25e-04	3.41e-02	1.59e-01	2.49e-01	4.97e-01	5.89e-02	1.69e-03	2.76e-11	5.97e-20	7.39e-20
 4.52565e+22	3.34e-11	8.05e-07	7.32e-04	3.81e-02	1.68e-01	2.56e-01	4.82e-01	5.36e-02	1.45e-03	3.34e-11	7.28e-20	9.00e-20
 4.55664e+22	3.95e-11	9.41e-07	8.31e-04	4.17e-02	1.77e-01	2.61e-01	4.69e-01	4.97e-02	1.28e-03	3.95e-11	8.67e-20	1.07e-19
 4.58418e+22	4.64e-11	1.10e-06	9.42e-04	4.55e-02	1.85e-01	2.66e-01	4.56e-01	4.59e-02	1.12e-03	4.64e-11	1.02e-19	1.26e-19
 4.61582e+22	5.76e-11	1.34e-06	1.11e-03	5.09e-02	1.96e-01	2.72e-01	4.38e-01	4.15e-02	9.53e-04	5.76e-11	1.28e-19	1.58e-19
 4.64793e+22	6.84e-11	1.57e-06	1.26e-03	5.56e-02	2.04e-01	2.77e-01	4.23e-01	3.80e-02	8.31e-04	6.84e-11	1.53e-19	1.89e-19
 4.67386e+22	7.99e-11	1.81e-06	1.41e-03	5.99e-02	2.12e-01	2.80e-01	4.11e-01	3.54e-02	7.40e-04	7.99e-11	1.80e-19	2.21e-19
 4.70081e+22	9.63e-11	2.14e-06	1.61e-03	6.54e-02	2.21e-01	2.83e-01	3.96e-01	3.24e-02	6.44e-04	9.63e-11	2.18e-19	2.69e-19
 4.72909e+22	1.14e-10	2.48e-06	1.80e-03	7.06e-02	2.29e-01	2.86e-01	3.82e-01	2.99e-02	5.68e-04	1.14e-10	2.59e-19	3.19e-19
 4.75503e+22	1.34e-10	2.87e-06	2.02e-03	7.60e-02	2.37e-01	2.88e-01	3.69e-01	2.75e-02	5.01e-04	1.34e-10	3.08e-19	3.79e-19
 4.78467e+22	1.66e-10	3.46e-06	2.33e-03	8.34e-02	2.47e-01	2.90e-01	3.52e-01	2.48e-02	4.26e-04	1.66e-10	3.84e-19	4.73e-19
 4.81507e+22	2.00e-10	4.06e-06	2.64e-03	9.02e-02	2.56e-01	2.91e-01	3.37e-01	2.26e-02	3.69e-04	2.00e-10	4.66e-19	5.72e-19
 4.84193e+22	2.38e-10	4.72e-06	2.95e-03	9.70e-02	2.64e-01	2.92e-01	3.23e-01	2.07e-02	3.24e-04	2.38e-10	5.59e-19	6.87e-19
 4.87228e+22	2.99e-10	5.72e-06	3.41e-03	1.06e-01	2.74e-01	2.92e-01	3.06e-01	1.84e-02	2.72e-04	2.99e-10	7.07e-19	8.68e-19
 4.90351e+22	3.62e-10	6.72e-06	3.85e-03	1.14e-01	2.83e-01	2.91e-01	2.91e-01	1.67e-02	2.34e-04	3.62e-10	8.64e-19	1.06e-18
 4.93587e+22	4.61e-10	8.22e-06	4.47e-03	1.25e-01	2.93e-01	2.90e-01	2.73e-01	1.47e-02	1.94e-04	4.61e-10	1.12e-18	1.37e-18
 4.96863e+22	5.64e-10	9.69e-06	5.05e-03	1.35e-01	3.01e-01	2.88e-01	2.58e-01	1.32e-02	1.65e-04	5.64e-10	1.37e-18	1.68e-18
 5.00189e+22	7.23e-10	1.19e-05	5.85e-03	1.47e-01	3.10e-01	2.84e-01	2.41e-01	1.15e-02	1.36e-04	7.23e-10	1.79e-18	2.19e-18
 5.03590e+22	8.97e-10	1.41e-05	6.64e-03	1.59e-01	3.18e-01	2.81e-01	2.26e-01	1.02e-02	1.14e-04	8.97e-10	2.24e-18	2.74e-18
 5.06588e+22	1.10e-09	1.66e-05	7.46e-03	1.69e-01	3.24e-01	2.77e-01	2.12e-01	9.14e-03	9.66e-05	1.10e-09	2.78e-18	3.39e-18
 5.09984e+22	1.42e-09	2.03e-05	8.61e-03	1.84e-01	3.32e-01	2.71e-01	1.96e-01	7.91e-03	7.84e-05	1.42e-09	3.64e-18	4.45e-18
 5.13527e+22	1.79e-09	2.44e-05	9.78e-03	1.98e-01	3.38e-01	2.66e-01	1.82e-01	6.91e-03	6.46e-05	1.79e-09	4.65e-18	5.67e-18
 5.16721e+22	2.23e-09	2.88e-05	1.10e-02	2.11e-01	3.44e-01	2.60e-01	1.69e-01	6.08e-03	5.38e-05	2.23e-09	5.86e-18	7.13e-18
 5.20333e+22	2.94e-09	3.57e-05	1.28e-02	2.28e-01	3.49e-01	2.51e-01	1.53e-01	5.14e-03	4.25e-05	2.94e-09	7.88e-18	9.58e-18
 5.24013e+22	3.71e-09	4.26e-05	1.44e-02	2.43e-01	3.53e-01	2.44e-01	1.41e-01	4.45e-03	3.47e-05	3.71e-09	1.01e-17	1.23e-17
 5.27781e+22	4.95e-09	5.28e-05	1.67e-02	2.62e-01	3.57e-01	2.34e-01	1.27e-01	3.72e-03	2.69e-05	4.95e-09	1.37e-17	1.67e-17
 5.31584e+22	6.26e-09	6.30e-05	1.88e-02	2.78e-01	3.59e-01	2.25e-01	1.16e-01	3.19e-03	2.18e-05	6.26e-09	1.77e-17	2.15e-17
 5.35432e+22	8.43e-09	7.84e-05	2.18e-02	2.99e-01	3.60e-01	2.14e-01	1.03e-01	2.63e-03	1.66e-05	8.43e-09	2.44e-17	2.96e-17
 5.39312e+22	1.07e-08	9.32e-05	2.44e-02	3.16e-01	3.60e-01	2.05e-01	9.30e-02	2.24e-03	1.33e-05	1.07e-08	3.16e-17	3.82e-17
 5.43235e+22	1.44e-08	1.16e-04	2.81e-02	3.37e-01	3.59e-01	1.93e-01	8.18e-02	1.82e-03	1.00e-05	1.44e-08	4.39e-17	5.31e-17
 5.47211e+22	1.83e-08	1.38e-04	3.15e-02	3.54e-01	3.56e-01	1.83e-01	7.35e-02	1.53e-03	7.94e-06	1.83e-08	5.72e-17	6.92e-17
 5.51257e+22	2.50e-08	1.72e-04	3.62e-02	3.76e-01	3.52e-01	1.70e-01	6.38e-02	1.23e-03	5.85e-06	2.50e-08	8.05e-17	9.74e-17
 5.55342e+22	3.18e-08	2.04e-04	4.04e-02	3.93e-01	3.48e-01	1.60e-01	5.68e-02	1.02e-03	4.59e-06	3.18e-08	1.05e-16	1.27e-16
 5.59478e+22	4.34e-08	2.54e-04	4.63e-02	4.15e-01	3.41e-01	1.48e-01	4.88e-02	8.07e-04	3.33e-06	4.34e-08	1.50e-16	1.81e-16
 5.63671e+22	5.55e-08	3.01e-04	5.14e-02	4.32e-01	3.35e-01	1.38e-01	4.31e-02	6.66e-04	2.57e-06	5.55e-08	1.97e-16	2.38e-16
 5.67320e+22	7.04e-08	3.55e-04	5.69e-02	4.48e-01	3.28e-01	1.29e-01	3.80e-02	5.51e-04	1.99e-06	7.04e-08	2.58e-16	3.12e-16
 5.70807e+22	8.75e-08	4.12e-04	6.22e-02	4.62e-01	3.21e-01	1.20e-01	3.39e-02	4.61e-04	1.57e-06	8.75e-08	3.31e-16	3.99e-16
 5.74125e+22	1.08e-07	4.77e-04	6.79e-02	4.75e-01	3.14e-01	1.12e-01	3.02e-02	3.87e-04	1.24e-06	1.08e-07	4.21e-16	5.08e-16
 5.77861e+22	1.41e-07	5.72e-04	7.56e-02	4.91e-01	3.04e-01	1.03e-01	2.59e-02	3.08e-04	9.21e-07	1.41e-07	5.70e-16	6.88e-16
 5.81589e+22	1.74e-07	6.59e-04	8.22e-02	5.03e-01	2.95e-01	9.57e-02	2.30e-02	2.57e-04	7.23e-07	1.74e-07	7.24e-16	8.73e-16
 5.85306e+22	2.27e-07	7.87e-04	9.10e-02	5.17e-01	2.84e-01	8.70e-02	1.97e-02	2.04e-04	5.32e-07	2.27e-07	9.75e-16	1.17e-15
 5.89095e+22	2.81e-07	9.09e-04	9.88e-02	5.28e-01	2.75e-01	8.03e-02	1.73e-02	1.68e-04	4.11e-07	2.81e-07	1.24e-15	1.50e-15
 5.92976e+22	3.67e-07	1.09e-03	1.09e-01	5.40e-01	2.63e-01	7.23e-02	1.46e-02	1.31e-04	2.97e-07	3.67e-07	1.68e-15	2.03e-15
 5.96895e+22	4.55e-07	1.26e-03	1.18e-01	5.49e-01	2.53e-01	6.62e-02	1.27e-02	1.07e-04	2.27e-07	4.55e-07	2.15e-15	2.59e-15
 6.00344e+22	5.62e-07	1.44e-03	1.28e-01	5.56e-01	2.43e-01	6.06e-02	1.11e-02	8.72e-05	1.74e-07	5.62e-07	2.72e-15	3.27e-15
 6.04306e+22	7.33e-07	1.72e-03	1.41e-01	5.64e-01	2.30e-01	5.40e-02	9.28e-03	6.71e-05	1.24e-07	7.33e-07	3.68e-15	4.42e-15
 6.08143e+22	8.90e-07	1.96e-03	1.51e-01	5.69e-01	2.21e-01	4.95e-02	8.13e-03	5.52e-05	0.00e+00	8.90e-07	4.59e-15	5.50e-15
 6.11198e+22	1.06e-06	2.20e-03	1.60e-01	5.73e-01	2.12e-01	4.56e-02	7.19e-03	4.61e-05	0.00e+00	1.06e-06	5.60e-15	6.71e-15
 6.14552e+22	1.32e-06	2.53e-03	1.72e-01	5.76e-01	2.01e-01	4.12e-02	6.16e-03	3.69e-05	0.00e+00	1.32e-06	7.16e-15	8.57e-15
 6.17965e+22	1.58e-06	2.85e-03	1.83e-01	5.78e-01	1.93e-01	3.77e-02	5.41e-03	3.05e-05	0.00e+00	1.58e-06	8.79e-15	1.05e-14
 6.20977e+22	1.87e-06	3.18e-03	1.94e-01	5.79e-01	1.84e-01	3.46e-02	4.76e-03	2.53e-05	0.00e+00	1.87e-06	1.07e-14	1.28e-14
 6.24414e+22	2.32e-06	3.66e-03	2.08e-01	5.80e-01	1.74e-01	3.09e-02	4.05e-03	2.00e-05	0.00e+00	2.32e-06	1.37e-14	1.63e-14
 6.27892e+22	2.77e-06	4.11e-03	2.20e-01	5.79e-01	1.65e-01	2.81e-02	3.53e-03	1.64e-05	0.00e+00	2.77e-06	1.68e-14	2.00e-14
 6.30942e+22	3.29e-06	4.59e-03	2.32e-01	5.77e-01	1.57e-01	2.56e-02	3.08e-03	1.35e-05	0.00e+00	3.29e-06	2.04e-14	2.43e-14
 6.34424e+22	4.09e-06	5.29e-03	2.48e-01	5.74e-01	1.47e-01	2.27e-02	2.59e-03	1.05e-05	0.00e+00	4.09e-06	2.63e-14	3.13e-14
 6.37935e+22	4.84e-06	5.89e-03	2.62e-01	5.70e-01	1.40e-01	2.06e-02	2.26e-03	8.62e-06	0.00e+00	4.84e-06	3.19e-14	3.80e-14
 6.41485e+22	5.99e-06	6.76e-03	2.79e-01	5.64e-01	1.30e-01	1.82e-02	1.89e-03	6.68e-06	0.00e+00	5.99e-06	4.09e-14	4.86e-14
 6.45091e+22	7.15e-06	7.57e-03	2.94e-01	5.58e-01	1.23e-01	1.63e-02	1.62e-03	5.38e-06	0.00e+00	7.15e-06	5.03e-14	5.97e-14
 6.48267e+22	8.46e-06	8.43e-03	3.08e-01	5.52e-01	1.15e-01	1.47e-02	1.40e-03	4.36e-06	0.00e+00	8.46e-06	6.11e-14	7.26e-14
 6.51896e+22	1.04e-05	9.64e-03	3.27e-01	5.42e-01	1.07e-01	1.28e-02	1.17e-03	3.34e-06	0.00e+00	1.04e-05	7.83e-14	9.29e-14
 6.55602e+22	1.25e-05	1.08e-02	3.43e-01	5.33e-01	9.99e-02	1.14e-02	9.93e-04	2.66e-06	0.00e+00	1.25e-05	9.62e-14	1.14e-13
 6.59411e+22	1.54e-05	1.23e-02	3.64e-01	5.21e-01	9.19e-02	9.92e-03	8.16e-04	2.01e-06	0.00e+00	1.54e-05	1.24e-13	1.47e-13
 6.63295e+22	1.85e-05	1.39e-02	3.82e-01	5.10e-01	8.50e-02	8.71e-03	6.85e-04	1.56e-06	0.00e+00	1.85e-05	1.54e-13	1.82e-13
 6.66682e+22	2.19e-05	1.54e-02	3.99e-01	4.99e-01	7.91e-02	7.73e-03	5.82e-04	1.24e-06	0.00e+00	2.19e-05	1.87e-13	2.23e-13
 6.70491e+22	2.70e-05	1.76e-02	4.20e-01	4.83e-01	7.20e-02	6.62e-03	4.73e-04	9.25e-07	0.00e+00	2.70e-05	2.41e-13	2.86e-13
 6.74443e+22	3.22e-05	1.96e-02	4.38e-01	4.69e-01	6.62e-02	5.78e-03	3.94e-04	7.14e-07	0.00e+00	3.22e-05	2.98e-13	3.54e-13
 6.78582e+22	4.05e-05	2.26e-02	4.62e-01	4.51e-01	5.93e-02	4.84e-03	3.11e-04	5.11e-07	0.00e+00	4.05e-05	3.92e-13	4.65e-13
 6.82728e+22	4.79e-05	2.51e-02	4.81e-01	4.35e-01	5.44e-02	4.21e-03	2.58e-04	3.93e-07	0.00e+00	4.79e-05	4.81e-13	5.71e-13
 6.86884e+22	5.96e-05	2.88e-02	5.04e-01	4.15e-01	4.85e-02	3.51e-03	2.04e-04	2.81e-07	0.00e+00	5.96e-05	6.28e-13	7.46e-13
 6.90547e+22	6.80e-05	3.12e-02	5.18e-01	4.03e-01	4.50e-02	3.13e-03	1.75e-04	2.27e-07	0.00e+00	6.80e-05	7.38e-13	8.75e-13
 6.93160e+22	7.63e-05	3.35e-02	5.30e-01	3.91e-01	4.22e-02	2.83e-03	1.53e-04	1.89e-07	0.00e+00	7.63e-05	8.50e-13	1.01e-12
 6.96149e+22	8.89e-05	3.68e-02	5.46e-01	3.76e-01	3.87e-02	2.47e-03	1.29e-04	1.48e-07	0.00e+00	8.89e-05	1.03e-12	1.22e-12
 6.99259e+22	1.01e-04	3.99e-02	5.59e-01	3.63e-01	3.58e-02	2.19e-03	1.10e-04	0.00e+00	0.00e+00	1.01e-04	1.20e-12	1.43e-12
 7.02524e+22	1.19e-04	4.42e-02	5.75e-01	3.46e-01	3.24e-02	1.88e-03	9.04e-05	0.00e+00	0.00e+00	1.19e-04	1.48e-12	1.75e-12
 7.05793e+22	1.36e-04	4.77e-02	5.88e-01	3.32e-01	2.99e-02	1.66e-03	7.71e-05	0.00e+00	0.00e+00	1.36e-04	1.73e-12	2.05e-12
 7.09064e+22	1.60e-04	5.28e-02	6.03e-01	3.15e-01	2.69e-02	1.42e-03	6.28e-05	0.00e+00	0.00e+00	1.60e-04	2.13e-12	2.52e-12
 7.12365e+22	1.81e-04	5.69e-02	6.15e-01	3.02e-01	2.47e-02	1.24e-03	5.33e-05	0.00e+00	0.00e+00	1.81e-04	2.49e-12	2.95e-12
 7.15704e+22	2.12e-04	6.27e-02	6.29e-01	2.85e-01	2.22e-02	1.06e-03	4.34e-05	0.00e+00	0.00e+00	2.12e-04	3.05e-12	3.60e-12
 7.19145e+22	2.43e-04	6.79e-02	6.40e-01	2.71e-01	2.01e-02	9.17e-04	3.61e-05	0.00e+00	0.00e+00	2.43e-04	3.61e-12	4.27e-12
 7.22234e+22	2.77e-04	7.35e-02	6.50e-01	2.57e-01	1.83e-02	7.96e-04	3.02e-05	0.00e+00	0.00e+00	2.77e-04	4.26e-12	5.04e-12
 7.25766e+22	3.27e-04	8.12e-02	6.62e-01	2.39e-01	1.61e-02	6.61e-04	2.39e-05	0.00e+00	0.00e+00	3.27e-04	5.27e-12	6.24e-12
 7.29342e+22	3.72e-04	8.76e-02	6.71e-01	2.26e-01	1.46e-02	5.70e-04	1.99e-05	0.00e+00	0.00e+00	3.72e-04	6.21e-12	7.34e-12
 7.32975e+22	4.39e-04	9.67e-02	6.81e-01	2.09e-01	1.28e-02	4.69e-04	1.56e-05	0.00e+00	0.00e+00	4.39e-04	7.70e-12	9.10e-12
 7.36698e+22	5.01e-04	1.04e-01	6.88e-01	1.95e-01	1.14e-02	3.99e-04	1.27e-05	0.00e+00	0.00e+00	5.01e-04	9.13e-12	1.08e-11
 7.40535e+22	5.92e-04	1.15e-01	6.95e-01	1.79e-01	9.88e-03	3.23e-04	9.84e-06	0.00e+00	0.00e+00	5.92e-04	1.14e-11	1.34e-11
 7.44468e+22	6.79e-04	1.25e-01	7.00e-01	1.66e-01	8.72e-03	2.70e-04	7.89e-06	0.00e+00	0.00e+00	6.79e-04	1.36e-11	1.61e-11
 7.48527e+22	8.10e-04	1.38e-01	7.04e-01	1.50e-01	7.44e-03	2.14e-04	5.95e-06	0.00e+00	0.00e+00	8.10e-04	1.71e-11	2.02e-11
 7.52609e+22	9.23e-04	1.49e-01	7.06e-01	1.38e-01	6.54e-03	1.78e-04	4.75e-06	0.00e+00	0.00e+00	9.23e-04	2.04e-11	2.41e-11
 7.56722e+22	1.09e-03	1.64e-01	7.06e-01	1.24e-01	5.56e-03	1.41e-04	3.57e-06	0.00e+00	0.00e+00	1.09e-03	2.55e-11	3.01e-11
 7.60959e+22	1.25e-03	1.77e-01	7.04e-01	1.12e-01	4.81e-03	1.15e-04	2.79e-06	0.00e+00	0.00e+00	1.25e-03	3.06e-11	3.61e-11
 7.65360e+22	1.50e-03	1.95e-01	7.00e-01	9.90e-02	4.00e-03	8.79e-05	2.03e-06	0.00e+00	0.00e+00	1.50e-03	3.87e-11	4.57e-11
 7.69778e+22	1.71e-03	2.10e-01	6.95e-01	8.93e-02	3.45e-03	7.11e-05	1.57e-06	0.00e+00	0.00e+00	1.71e-03	4.62e-11	5.45e-11
 7.74219e+22	2.03e-03	2.31e-01	6.86e-01	7.79e-02	2.85e-03	5.40e-05	1.14e-06	0.00e+00	0.00e+00	2.03e-03	5.82e-11	6.87e-11
 7.78775e+22	2.32e-03	2.48e-01	6.78e-01	6.92e-02	2.42e-03	4.28e-05	8.64e-07	0.00e+00	0.00e+00	2.32e-03	6.99e-11	8.25e-11
 7.83477e+22	2.78e-03	2.73e-01	6.63e-01	5.91e-02	1.96e-03	3.15e-05	6.07e-07	0.00e+00	0.00e+00	2.78e-03	8.89e-11	1.05e-10
 7.88273e+22	3.17e-03	2.93e-01	6.50e-01	5.19e-02	1.66e-03	2.46e-05	4.57e-07	0.00e+00	0.00e+00	3.17e-03	1.07e-10	1.26e-10
 7.93189e+22	3.81e-03	3.23e-01	6.29e-01	4.33e-02	1.32e-03	1.76e-05	3.12e-07	0.00e+00	0.00e+00	3.81e-03	1.37e-10	1.62e-10
 7.98217e+22	4.35e-03	3.45e-01	6.12e-01	3.74e-02	1.10e-03	1.35e-05	2.31e-07	0.00e+00	0.00e+00	4.35e-03	1.65e-10	1.95e-10
 8.03391e+22	5.25e-03	3.79e-01	5.84e-01	3.04e-02	8.57e-04	9.31e-06	1.53e-07	0.00e+00	0.00e+00	5.25e-03	2.13e-10	2.52e-10
 8.08726e+22	6.03e-03	4.06e-01	5.61e-01	2.56e-02	7.01e-04	6.88e-06	0.00e+00	0.00e+00	0.00e+00	6.03e-03	2.60e-10	3.07e-10
 8.14272e+22	7.33e-03	4.46e-01	5.26e-01	2.00e-02	5.34e-04	4.53e-06	0.00e+00	0.00e+00	0.00e+00	7.33e-03	3.40e-10	4.03e-10
 8.20036e+22	8.54e-03	4.78e-01	4.96e-01	1.62e-02	4.24e-04	3.17e-06	0.00e+00	0.00e+00	0.00e+00	8.54e-03	4.21e-10	5.00e-10
 8.26084e+22	1.05e-02	5.25e-01	4.53e-01	1.20e-02	3.13e-04	1.95e-06	0.00e+00	0.00e+00	0.00e+00	1.05e-02	5.62e-10	6.66e-10
 8.32348e+22	1.23e-02	5.62e-01	4.16e-01	9.27e-03	2.41e-04	1.29e-06	0.00e+00	0.00e+00	0.00e+00	1.23e-02	7.07e-10	8.39e-10
 8.37239e+22	1.38e-02	5.89e-01	3.89e-01	7.60e-03	2.00e-04	9.43e-07	0.00e+00	0.00e+00	0.00e+00	1.38e-02	8.32e-10	9.88e-10
 8.41943e+22	1.62e-02	6.26e-01	3.52e-01	5.79e-03	1.55e-04	6.19e-07	0.00e+00	0.00e+00	0.00e+00	1.62e-02	1.04e-09	1.23e-09
 8.46793e+22	1.85e-02	6.56e-01	3.21e-01	4.52e-03	1.25e-04	4.25e-07	0.00e+00	0.00e+00	0.00e+00	1.85e-02	1.25e-09	1.48e-09
 8.51833e+22	2.20e-02	6.94e-01	2.80e-01	3.24e-03	9.33e-05	2.57e-07	0.00e+00	0.00e+00	0.00e+00	2.20e-02	1.58e-09	1.88e-09
 8.56975e+22	2.54e-02	7.24e-01	2.48e-01	2.41e-03	7.30e-05	1.67e-07	0.00e+00	0.00e+00	0.00e+00	2.54e-02	1.93e-09	2.29e-09
 8.62249e+22	3.06e-02	7.60e-01	2.08e-01	1.61e-03	5.25e-05	0.00e+00	0.00e+00	0.00e+00	0.00e+00	3.06e-02	2.49e-09	2.97e-09
 8.67155e+22	3.51e-02	7.83e-01	1.81e-01	1.18e-03	4.13e-05	0.00e+00	0.00e+00	0.00e+00	0.00e+00	3.51e-02	2.97e-09	3.53e-09
 8.70899e+22	3.99e-02	8.02e-01	1.57e-01	8.79e-04	3.28e-05	0.00e+00	0.00e+00	0.00e+00	0.00e+00	3.99e-02	3.52e-09	4.16e-09
 8.75081e+22	4.71e-02	8.22e-01	1.30e-01	5.94e-04	2.42e-05	0.00e+00	0.00e+00	0.00e+00	0.00e+00	4.71e-02	4.39e-09	5.17e-09
 8.79496e+22	5.57e-02	8.38e-01	1.06e-01	3.99e-04	1.79e-05	0.00e+00	0.00e+00	0.00e+00	0.00e+00	5.57e-02	5.42e-09	6.38e-09
 8.83502e+22	6.58e-02	8.48e-01	8.55e-02	2.66e-04	1.31e-05	0.00e+00	0.00e+00	0.00e+00	0.00e+00	6.58e-02	6.70e-09	7.87e-09
 8.87369e+22	7.85e-02	8.54e-01	6.74e-02	1.74e-04	9.43e-06	0.00e+00	0.00e+00	0.00e+00	0.00e+00	7.85e-02	8.35e-09	9.80e-09
 8.91062e+22	9.43e-02	8.54e-01	5.21e-02	1.13e-04	6.66e-06	0.00e+00	0.00e+00	0.00e+00	0.00e+00	9.43e-02	1.04e-08	1.23e-08
 8.94467e+22	1.13e-01	8.47e-01	3.98e-02	7.33e-05	4.67e-06	0.00e+00	0.00e+00	0.00e+00	0.00e+00	1.13e-01	1.29e-08	1.53e-08
 8.97584e+22	1.36e-01	8.34e-01	3.00e-02	4.79e-05	3.22e-06	0.00e+00	0.00e+00	0.00e+00	0.00e+00	1.36e-01	1.60e-08	1.89e-08
 9.00411e+22	1.63e-01	8.15e-01	2.25e-02	3.21e-05	2.22e-06	0.00e+00	0.00e+00	0.00e+00	0.00e+00	1.63e-01	1.96e-08	2.32e-08
 9.02981e+22	1.94e-01	7.89e-01	1.67e-02	2.19e-05	1.51e-06	0.00e+00	0.00e+00	0.00e+00	0.00e+00	1.94e-01	2.36e-08	2.80e-08
 9.05346e+22	2.30e-01	7.58e-01	1.24e-02	1.52e-05	1.03e-06	0.00e+00	0.00e+00	0.00e+00	0.00e+00	2.30e-01	2.80e-08	3.32e-08
 9.07491e+22	2.69e-01	7.21e-01	9.19e-03	1.09e-05	6.96e-07	0.00e+00	0.00e+00	0.00e+00	0.00e+00	2.69e-01	3.27e-08	3.87e-08
 9.08831e+22	2.96e-01	6.96e-01	7.67e-03	8.97e-06	5.54e-07	0.00e+00	0.00e+00	0.00e+00	0.00e+00	2.96e-01	3.54e-08	4.19e-08
 9.09331e+22	3.07e-01	6.86e-01	7.15e-03	8.33e-06	5.05e-07	0.00e+00	0.00e+00	0.00e+00	0.00e+00	3.07e-01	3.65e-08	4.31e-08
 9.09734e+22	3.16e-01	6.77e-01	6.70e-03	7.79e-06	4.64e-07	0.00e+00	0.00e+00	0.00e+00	0.00e+00	3.16e-01	3.75e-08	4.43e-08
 9.10258e+22	3.29e-01	6.65e-01	6.15e-03	7.15e-06	4.15e-07	0.00e+00	0.00e+00	0.00e+00	0.00e+00	3.29e-01	3.88e-08	4.59e-08
 9.10886e+22	3.45e-01	6.50e-01	5.55e-03	6.45e-06	3.63e-07	0.00e+00	0.00e+00	0.00e+00	0.00e+00	3.45e-01	4.04e-08	4.77e-08
 9.11518e+22	3.61e-01	6.34e-01	5.01e-03	5.82e-06	3.17e-07	0.00e+00	0.00e+00	0.00e+00	0.00e+00	3.61e-01	4.19e-08	4.95e-08
 9.12100e+22	3.76e-01	6.20e-01	4.56e-03	5.32e-06	2.81e-07	0.00e+00	0.00e+00	0.00e+00	0.00e+00	3.76e-01	4.33e-08	5.11e-08
 9.12695e+22	3.92e-01	6.04e-01	4.12e-03	4.83e-06	2.46e-07	0.00e+00	0.00e+00	0.00e+00	0.00e+00	3.92e-01	4.48e-08	5.28e-08
 9.13317e+22	4.10e-01	5.86e-01	3.70e-03	4.37e-06	2.14e-07	0.00e+00	0.00e+00	0.00e+00	0.00e+00	4.10e-01	4.62e-08	5.45e-08
 9.13929e+22	4.27e-01	5.69e-01	3.33e-03	3.97e-06	1.87e-07	0.00e+00	0.00e+00	0.00e+00	0.00e+00	4.27e-01	4.76e-08	5.61e-08
 9.14546e+22	4.45e-01	5.52e-01	2.98e-03	3.59e-06	1.62e-07	0.00e+00	0.00e+00	0.00e+00	0.00e+00	4.45e-01	4.89e-08	5.76e-08
 9.15188e+22	4.64e-01	5.33e-01	2.66e-03	3.25e-06	1.40e-07	0.00e+00	0.00e+00	0.00e+00	0.00e+00	4.64e-01	5.02e-08	5.91e-08
 9.15851e+22	4.84e-01	5.14e-01	2.36e-03	2.93e-06	0.00e+00	0.00e+00	0.00e+00	0.00e+00	0.00e+00	4.84e-01	5.14e-08	6.06e-08
 9.16536e+22	5.04e-01	4.93e-01	2.08e-03	2.63e-06	0.00e+00	0.00e+00	0.00e+00	0.00e+00	0.00e+00	5.04e-01	5.26e-08	6.19e-08
 9.17230e+22	5.25e-01	4.73e-01	1.83e-03	2.36e-06	0.00e+00	0.00e+00	0.00e+00	0.00e+00	0.00e+00	5.25e-01	5.36e-08	6.31e-08
 9.17937e+22	5.46e-01	4.52e-01	1.61e-03	2.11e-06	0.00e+00	0.00e+00	0.00e+00	0.00e+00	0.00e+00	5.46e-01	5.46e-08	6.42e-08
 9.18683e+22	5.68e-01	4.30e-01	1.40e-03	1.89e-06	0.00e+00	0.00e+00	0.00e+00	0.00e+00	0.00e+00	5.68e-01	5.54e-08	6.51e-08
 9.19444e+22	5.90e-01	4.09e-01	1.21e-03	1.68e-06	0.00e+00	0.00e+00	0.00e+00	0.00e+00	0.00e+00	5.90e-01	5.60e-08	6.58e-08
 9.20040e+22	6.06e-01	3.93e-01	1.09e-03	1.55e-06	0.00e+00	0.00e+00	0.00e+00	0.00e+00	0.00e+00	6.06e-01	5.63e-08	6.61e-08
 9.20432e+22	6.17e-01	3.82e-01	1.02e-03	1.47e-06	0.00e+00	0.00e+00	0.00e+00	0.00e+00	0.00e+00	6.17e-01	5.65e-08	6.63e-08
 9.20804e+22	6.26e-01	3.73e-01	9.53e-04	1.39e-06	0.00e+00	0.00e+00	0.00e+00	0.00e+00	0.00e+00	6.26e-01	5.67e-08	6.65e-08
 9.21250e+22	6.38e-01	3.61e-01	8.77e-04	1.31e-06	0.00e+00	0.00e+00	0.00e+00	0.00e+00	0.00e+00	6.38e-01	5.68e-08	6.67e-08
 9.21745e+22	6.51e-01	3.48e-01	8.01e-04	1.22e-06	0.00e+00	0.00e+00	0.00e+00	0.00e+00	0.00e+00	6.51e-01	5.69e-08	6.67e-08
 9.22220e+22	6.62e-01	3.37e-01	7.36e-04	1.15e-06	0.00e+00	0.00e+00	0.00e+00	0.00e+00	0.00e+00	6.62e-01	5.70e-08	6.68e-08
 9.22680e+22	6.74e-01	3.26e-01	6.77e-04	1.08e-06	0.00e+00	0.00e+00	0.00e+00	0.00e+00	0.00e+00	6.74e-01	5.69e-08	6.67e-08
