#depth	O	O+	O+2	O+3	O+4	O+5	O+6	O+7	O+8	O[1]	O[2]	O[3]
 4.62852e+21	1.61e-19	1.27e-14	6.49e-11	3.52e-08	3.73e-06	1.44e-04	3.22e-02	3.14e-01	6.53e-01	0.00e+00	0.00e+00	0.00e+00
 1.02715e+22	2.83e-18	1.55e-13	5.63e-10	2.19e-07	1.63e-05	4.14e-04	6.08e-02	3.94e-01	5.45e-01	0.00e+00	0.00e+00	0.00e+00
 1.17932e+22	1.02e-17	4.77e-13	1.48e-09	4.94e-07	3.12e-05	6.59e-04	7.99e-02	4.28e-01	4.91e-01	0.00e+00	0.00e+00	0.00e+00
 1.25541e+22	1.90e-17	8.18e-13	2.36e-09	7.31e-07	4.27e-05	8.23e-04	9.08e-02	4.44e-01	4.65e-01	0.00e+00	0.00e+00	0.00e+00
 1.28764e+22	2.23e-17	9.44e-13	2.67e-09	8.10e-07	4.63e-05	8.72e-04	9.39e-02	4.48e-01	4.58e-01	0.00e+00	0.00e+00	0.00e+00
 1.30345e+22	2.79e-17	1.15e-12	3.15e-09	9.33e-07	5.19e-05	9.45e-04	9.83e-02	4.53e-01	4.48e-01	2.79e-17	1.78e-27	1.88e-27
 1.32085e+22	3.50e-17	1.40e-12	3.74e-09	1.08e-06	5.81e-05	1.02e-03	1.03e-01	4.58e-01	4.38e-01	3.50e-17	5.66e-27	6.54e-27
 1.33725e+22	4.10e-17	1.61e-12	4.21e-09	1.19e-06	6.29e-05	1.08e-03	1.06e-01	4.62e-01	4.31e-01	4.10e-17	6.69e-27	7.73e-27
 1.35550e+22	5.21e-17	1.98e-12	5.04e-09	1.38e-06	7.09e-05	1.18e-03	1.11e-01	4.67e-01	4.20e-01	5.21e-17	8.59e-27	9.91e-27
 1.37496e+22	6.47e-17	2.39e-12	5.93e-09	1.58e-06	7.91e-05	1.27e-03	1.16e-01	4.72e-01	4.11e-01	6.47e-17	1.08e-26	1.24e-26
 1.39317e+22	8.01e-17	2.88e-12	6.96e-09	1.81e-06	8.81e-05	1.37e-03	1.21e-01	4.76e-01	4.01e-01	8.01e-17	1.35e-26	1.55e-26
 1.41403e+22	1.05e-16	3.64e-12	8.51e-09	2.14e-06	1.01e-04	1.51e-03	1.28e-01	4.81e-01	3.89e-01	1.05e-16	1.79e-26	2.06e-26
 1.43519e+22	1.32e-16	4.44e-12	1.01e-08	2.48e-06	1.13e-04	1.64e-03	1.34e-01	4.86e-01	3.79e-01	1.32e-16	2.28e-26	2.61e-26
 1.45355e+22	1.63e-16	5.35e-12	1.19e-08	2.84e-06	1.26e-04	1.77e-03	1.39e-01	4.89e-01	3.69e-01	1.63e-16	2.85e-26	3.27e-26
 1.47424e+22	2.12e-16	6.74e-12	1.45e-08	3.35e-06	1.44e-04	1.94e-03	1.47e-01	4.94e-01	3.57e-01	2.12e-16	3.76e-26	4.31e-26
 1.49572e+22	2.68e-16	8.27e-12	1.73e-08	3.90e-06	1.63e-04	2.11e-03	1.54e-01	4.97e-01	3.47e-01	2.68e-16	4.82e-26	5.52e-26
 1.51498e+22	3.33e-16	1.00e-11	2.04e-08	4.47e-06	1.81e-04	2.28e-03	1.60e-01	5.01e-01	3.37e-01	3.33e-16	6.07e-26	6.93e-26
 1.53676e+22	4.46e-16	1.29e-11	2.54e-08	5.40e-06	2.11e-04	2.54e-03	1.69e-01	5.04e-01	3.23e-01	4.46e-16	8.24e-26	9.40e-26
 1.55872e+22	5.56e-16	1.56e-11	3.00e-08	6.22e-06	2.37e-04	2.75e-03	1.77e-01	5.07e-01	3.13e-01	5.56e-16	1.04e-25	1.19e-25
 1.58091e+22	7.44e-16	2.02e-11	3.75e-08	7.51e-06	2.76e-04	3.06e-03	1.87e-01	5.10e-01	3.00e-01	7.44e-16	1.42e-25	1.61e-25
 1.60203e+22	9.04e-16	2.39e-11	4.34e-08	8.51e-06	3.05e-04	3.28e-03	1.94e-01	5.12e-01	2.91e-01	9.04e-16	1.74e-25	1.98e-25
 1.62177e+22	1.17e-15	2.99e-11	5.29e-08	1.01e-05	3.50e-04	3.62e-03	2.04e-01	5.13e-01	2.79e-01	1.17e-15	2.29e-25	2.59e-25
 1.64156e+22	1.42e-15	3.55e-11	6.13e-08	1.14e-05	3.88e-04	3.88e-03	2.11e-01	5.14e-01	2.70e-01	1.42e-15	2.81e-25	3.18e-25
 1.66143e+22	1.83e-15	4.43e-11	7.44e-08	1.35e-05	4.46e-04	4.28e-03	2.22e-01	5.15e-01	2.58e-01	1.83e-15	3.68e-25	4.16e-25
 1.68151e+22	2.22e-15	5.25e-11	8.65e-08	1.54e-05	4.95e-04	4.61e-03	2.30e-01	5.15e-01	2.49e-01	2.22e-15	4.53e-25	5.12e-25
 1.70189e+22	2.86e-15	6.56e-11	1.05e-07	1.83e-05	5.71e-04	5.09e-03	2.42e-01	5.15e-01	2.37e-01	2.86e-15	5.94e-25	6.70e-25
 1.72249e+22	3.48e-15	7.79e-11	1.23e-07	2.08e-05	6.35e-04	5.49e-03	2.51e-01	5.15e-01	2.28e-01	3.48e-15	7.32e-25	8.25e-25
 1.74339e+22	4.48e-15	9.73e-11	1.49e-07	2.47e-05	7.33e-04	6.07e-03	2.63e-01	5.13e-01	2.17e-01	4.48e-15	9.58e-25	1.08e-24
 1.76468e+22	5.46e-15	1.16e-10	1.74e-07	2.83e-05	8.21e-04	6.58e-03	2.74e-01	5.12e-01	2.07e-01	5.46e-15	1.18e-24	1.33e-24
 1.78646e+22	7.04e-15	1.45e-10	2.13e-07	3.38e-05	9.52e-04	7.30e-03	2.87e-01	5.09e-01	1.95e-01	7.04e-15	1.55e-24	1.74e-24
 1.80866e+22	8.58e-15	1.72e-10	2.49e-07	3.88e-05	1.07e-03	7.93e-03	2.98e-01	5.06e-01	1.86e-01	8.58e-15	1.92e-24	2.16e-24
 1.83140e+22	1.10e-14	2.15e-10	3.05e-07	4.64e-05	1.25e-03	8.84e-03	3.13e-01	5.02e-01	1.74e-01	1.10e-14	2.52e-24	2.82e-24
 1.85457e+22	1.34e-14	2.56e-10	3.57e-07	5.35e-05	1.40e-03	9.62e-03	3.26e-01	4.98e-01	1.65e-01	1.34e-14	3.12e-24	3.48e-24
 1.87753e+22	1.69e-14	3.15e-10	4.31e-07	6.35e-05	1.63e-03	1.07e-02	3.41e-01	4.92e-01	1.54e-01	1.69e-14	4.01e-24	4.47e-24
 1.89949e+22	1.99e-14	3.65e-10	4.94e-07	7.18e-05	1.81e-03	1.15e-02	3.52e-01	4.88e-01	1.47e-01	1.99e-14	4.80e-24	5.35e-24
 1.92091e+22	2.45e-14	4.39e-10	5.88e-07	8.42e-05	2.07e-03	1.27e-02	3.67e-01	4.81e-01	1.37e-01	2.45e-14	6.02e-24	6.69e-24
 1.94224e+22	2.86e-14	5.04e-10	6.68e-07	9.47e-05	2.29e-03	1.37e-02	3.79e-01	4.75e-01	1.30e-01	2.86e-14	7.12e-24	7.90e-24
 1.96343e+22	3.45e-14	5.98e-10	7.86e-07	1.10e-04	2.61e-03	1.50e-02	3.93e-01	4.68e-01	1.21e-01	3.45e-14	8.77e-24	9.73e-24
 1.98466e+22	3.98e-14	6.80e-10	8.89e-07	1.23e-04	2.88e-03	1.62e-02	4.05e-01	4.61e-01	1.15e-01	3.98e-14	1.03e-23	1.14e-23
 2.00593e+22	4.74e-14	7.98e-10	1.04e-06	1.43e-04	3.27e-03	1.77e-02	4.20e-01	4.53e-01	1.07e-01	4.74e-14	1.25e-23	1.38e-23
 2.02717e+22	5.40e-14	9.00e-10	1.16e-06	1.59e-04	3.59e-03	1.90e-02	4.31e-01	4.46e-01	1.01e-01	5.40e-14	1.45e-23	1.60e-23
 2.04838e+22	6.34e-14	1.04e-09	1.35e-06	1.83e-04	4.05e-03	2.08e-02	4.45e-01	4.36e-01	9.34e-02	6.34e-14	1.73e-23	1.91e-23
 2.06959e+22	7.16e-14	1.17e-09	1.50e-06	2.03e-04	4.43e-03	2.22e-02	4.56e-01	4.29e-01	8.81e-02	7.16e-14	1.99e-23	2.19e-23
 2.09080e+22	8.31e-14	1.34e-09	1.73e-06	2.32e-04	4.98e-03	2.42e-02	4.70e-01	4.19e-01	8.16e-02	8.31e-14	2.35e-23	2.59e-23
 2.11208e+22	9.30e-14	1.49e-09	1.92e-06	2.57e-04	5.43e-03	2.58e-02	4.81e-01	4.11e-01	7.68e-02	9.30e-14	2.68e-23	2.95e-23
 2.13344e+22	1.07e-13	1.70e-09	2.19e-06	2.92e-04	6.07e-03	2.80e-02	4.94e-01	4.00e-01	7.10e-02	1.07e-13	3.14e-23	3.45e-23
 2.15492e+22	1.19e-13	1.88e-09	2.43e-06	3.22e-04	6.60e-03	2.98e-02	5.05e-01	3.92e-01	6.67e-02	1.19e-13	3.55e-23	3.90e-23
 2.17655e+22	1.35e-13	2.13e-09	2.76e-06	3.66e-04	7.35e-03	3.23e-02	5.18e-01	3.81e-01	6.15e-02	1.35e-13	4.14e-23	4.53e-23
 2.19840e+22	1.50e-13	2.35e-09	3.05e-06	4.03e-04	7.97e-03	3.43e-02	5.27e-01	3.72e-01	5.77e-02	1.50e-13	4.66e-23	5.10e-23
 2.22052e+22	1.69e-13	2.66e-09	3.46e-06	4.57e-04	8.86e-03	3.72e-02	5.40e-01	3.61e-01	5.29e-02	1.69e-13	5.39e-23	5.90e-23
 2.24295e+22	1.87e-13	2.93e-09	3.83e-06	5.03e-04	9.60e-03	3.95e-02	5.49e-01	3.52e-01	4.95e-02	1.87e-13	6.07e-23	6.63e-23
 2.26577e+22	2.10e-13	3.29e-09	4.33e-06	5.70e-04	1.06e-02	4.27e-02	5.61e-01	3.40e-01	4.52e-02	2.10e-13	6.98e-23	7.62e-23
 2.28896e+22	2.32e-13	3.64e-09	4.80e-06	6.28e-04	1.15e-02	4.53e-02	5.70e-01	3.31e-01	4.22e-02	2.32e-13	7.89e-23	8.59e-23
 2.31265e+22	2.61e-13	4.09e-09	5.44e-06	7.12e-04	1.28e-02	4.90e-02	5.81e-01	3.18e-01	3.84e-02	2.61e-13	9.08e-23	9.88e-23
 2.33698e+22	2.89e-13	4.53e-09	6.04e-06	7.88e-04	1.38e-02	5.20e-02	5.89e-01	3.09e-01	3.56e-02	2.89e-13	1.03e-22	1.12e-22
 2.35770e+22	3.15e-13	4.94e-09	6.62e-06	8.61e-04	1.49e-02	5.49e-02	5.96e-01	3.00e-01	3.32e-02	3.15e-13	1.14e-22	1.24e-22
 2.38016e+22	3.50e-13	5.51e-09	7.44e-06	9.66e-04	1.63e-02	5.87e-02	6.05e-01	2.89e-01	3.04e-02	3.50e-13	1.30e-22	1.41e-22
 2.40215e+22	3.80e-13	5.99e-09	8.11e-06	1.05e-03	1.74e-02	6.16e-02	6.11e-01	2.81e-01	2.84e-02	3.80e-13	1.44e-22	1.56e-22
 2.42353e+22	4.20e-13	6.64e-09	9.05e-06	1.17e-03	1.88e-02	6.56e-02	6.18e-01	2.70e-01	2.60e-02	4.20e-13	1.63e-22	1.76e-22
 2.44512e+22	4.55e-13	7.22e-09	9.87e-06	1.27e-03	2.01e-02	6.88e-02	6.23e-01	2.62e-01	2.43e-02	4.55e-13	1.80e-22	1.95e-22
 2.46700e+22	5.00e-13	7.98e-09	1.10e-05	1.41e-03	2.18e-02	7.32e-02	6.30e-01	2.52e-01	2.22e-02	5.00e-13	2.02e-22	2.19e-22
 2.48898e+22	5.46e-13	8.72e-09	1.20e-05	1.54e-03	2.32e-02	7.66e-02	6.34e-01	2.44e-01	2.07e-02	5.46e-13	2.25e-22	2.44e-22
 2.51111e+22	6.00e-13	9.66e-09	1.34e-05	1.71e-03	2.51e-02	8.13e-02	6.39e-01	2.34e-01	1.89e-02	6.00e-13	2.53e-22	2.75e-22
 2.53350e+22	6.57e-13	1.06e-08	1.47e-05	1.86e-03	2.67e-02	8.50e-02	6.43e-01	2.26e-01	1.76e-02	6.57e-13	2.82e-22	3.06e-22
 2.55623e+22	7.25e-13	1.18e-08	1.65e-05	2.07e-03	2.89e-02	9.02e-02	6.47e-01	2.16e-01	1.60e-02	7.25e-13	3.20e-22	3.47e-22
 2.57930e+22	7.96e-13	1.29e-08	1.81e-05	2.26e-03	3.07e-02	9.43e-02	6.49e-01	2.08e-01	1.48e-02	7.96e-13	3.58e-22	3.89e-22
 2.60280e+22	8.82e-13	1.45e-08	2.04e-05	2.52e-03	3.32e-02	9.99e-02	6.52e-01	1.99e-01	1.34e-02	8.82e-13	4.08e-22	4.43e-22
 2.62670e+22	9.74e-13	1.60e-08	2.25e-05	2.75e-03	3.53e-02	1.04e-01	6.54e-01	1.91e-01	1.24e-02	9.74e-13	4.61e-22	5.00e-22
 2.65110e+22	1.09e-12	1.80e-08	2.55e-05	3.08e-03	3.82e-02	1.11e-01	6.56e-01	1.81e-01	1.11e-02	1.09e-12	5.28e-22	5.74e-22
 2.67600e+22	1.21e-12	2.00e-08	2.83e-05	3.37e-03	4.06e-02	1.15e-01	6.56e-01	1.74e-01	1.02e-02	1.21e-12	6.02e-22	6.54e-22
 2.70156e+22	1.36e-12	2.27e-08	3.21e-05	3.79e-03	4.40e-02	1.22e-01	6.56e-01	1.64e-01	9.15e-03	1.36e-12	6.97e-22	7.57e-22
 2.72746e+22	1.52e-12	2.55e-08	3.58e-05	4.16e-03	4.68e-02	1.28e-01	6.56e-01	1.57e-01	8.39e-03	1.52e-12	7.99e-22	8.69e-22
 2.75383e+22	1.72e-12	2.91e-08	4.10e-05	4.68e-03	5.06e-02	1.35e-01	6.54e-01	1.48e-01	7.45e-03	1.72e-12	9.34e-22	1.02e-21
 2.78044e+22	1.94e-12	3.28e-08	4.58e-05	5.14e-03	5.38e-02	1.41e-01	6.52e-01	1.41e-01	6.81e-03	1.94e-12	1.08e-21	1.17e-21
 2.80327e+22	2.15e-12	3.65e-08	5.07e-05	5.61e-03	5.70e-02	1.46e-01	6.50e-01	1.35e-01	6.24e-03	2.15e-12	1.23e-21	1.33e-21
 2.82883e+22	2.45e-12	4.18e-08	5.80e-05	6.28e-03	6.12e-02	1.54e-01	6.46e-01	1.27e-01	5.55e-03	2.45e-12	1.44e-21	1.57e-21
 2.85460e+22	2.76e-12	4.71e-08	6.46e-05	6.86e-03	6.48e-02	1.60e-01	6.43e-01	1.21e-01	5.09e-03	2.76e-12	1.67e-21	1.82e-21
 2.87635e+22	3.07e-12	5.24e-08	7.13e-05	7.44e-03	6.82e-02	1.65e-01	6.39e-01	1.16e-01	4.68e-03	3.07e-12	1.90e-21	2.07e-21
 2.90032e+22	3.49e-12	5.99e-08	8.09e-05	8.25e-03	7.27e-02	1.72e-01	6.33e-01	1.09e-01	4.18e-03	3.49e-12	2.23e-21	2.43e-21
 2.92402e+22	3.90e-12	6.67e-08	8.92e-05	8.92e-03	7.64e-02	1.78e-01	6.29e-01	1.04e-01	3.85e-03	3.90e-12	2.54e-21	2.78e-21
 2.94737e+22	4.47e-12	7.65e-08	1.01e-04	9.83e-03	8.11e-02	1.85e-01	6.23e-01	9.84e-02	3.47e-03	4.47e-12	3.01e-21	3.29e-21
 2.97170e+22	5.05e-12	8.63e-08	1.13e-04	1.07e-02	8.54e-02	1.91e-01	6.16e-01	9.34e-02	3.16e-03	5.05e-12	3.49e-21	3.81e-21
 2.99358e+22	5.71e-12	9.71e-08	1.25e-04	1.16e-02	8.97e-02	1.96e-01	6.10e-01	8.89e-02	2.89e-03	5.71e-12	4.04e-21	4.42e-21
 3.01831e+22	6.63e-12	1.13e-07	1.43e-04	1.29e-02	9.54e-02	2.04e-01	6.02e-01	8.32e-02	2.57e-03	6.63e-12	4.85e-21	5.30e-21
 3.04358e+22	7.51e-12	1.27e-07	1.59e-04	1.40e-02	1.00e-01	2.10e-01	5.94e-01	7.87e-02	2.33e-03	7.51e-12	5.64e-21	6.17e-21
 3.06956e+22	8.93e-12	1.50e-07	1.83e-04	1.55e-02	1.07e-01	2.18e-01	5.84e-01	7.35e-02	2.07e-03	8.93e-12	6.95e-21	7.60e-21
 3.09676e+22	1.04e-11	1.73e-07	2.07e-04	1.71e-02	1.13e-01	2.24e-01	5.75e-01	6.89e-02	1.85e-03	1.04e-11	8.32e-21	9.11e-21
 3.12108e+22	1.20e-11	1.98e-07	2.32e-04	1.86e-02	1.18e-01	2.30e-01	5.66e-01	6.50e-02	1.67e-03	1.20e-11	9.91e-21	1.09e-20
 3.14825e+22	1.44e-11	2.36e-07	2.69e-04	2.07e-02	1.26e-01	2.38e-01	5.53e-01	6.01e-02	1.46e-03	1.44e-11	1.23e-20	1.35e-20
 3.17592e+22	1.69e-11	2.72e-07	3.04e-04	2.26e-02	1.32e-01	2.45e-01	5.43e-01	5.64e-02	1.31e-03	1.69e-11	1.49e-20	1.63e-20
 3.20423e+22	2.06e-11	3.27e-07	3.54e-04	2.52e-02	1.41e-01	2.52e-01	5.29e-01	5.19e-02	1.14e-03	2.06e-11	1.89e-20	2.07e-20
 3.23308e+22	2.44e-11	3.82e-07	4.01e-04	2.76e-02	1.48e-01	2.58e-01	5.17e-01	4.83e-02	1.01e-03	2.44e-11	2.31e-20	2.53e-20
 3.25877e+22	2.89e-11	4.44e-07	4.54e-04	3.01e-02	1.55e-01	2.64e-01	5.04e-01	4.50e-02	9.04e-04	2.89e-11	2.82e-20	3.10e-20
 3.28828e+22	3.60e-11	5.40e-07	5.32e-04	3.36e-02	1.65e-01	2.71e-01	4.88e-01	4.11e-02	7.78e-04	3.60e-11	3.66e-20	4.02e-20
 3.31840e+22	4.33e-11	6.36e-07	6.06e-04	3.68e-02	1.73e-01	2.76e-01	4.75e-01	3.80e-02	6.85e-04	4.33e-11	4.55e-20	5.00e-20
 3.34929e+22	5.48e-11	7.81e-07	7.15e-04	4.12e-02	1.84e-01	2.83e-01	4.57e-01	3.44e-02	5.84e-04	5.48e-11	6.02e-20	6.62e-20
 3.38004e+22	6.63e-11	9.19e-07	8.12e-04	4.50e-02	1.92e-01	2.87e-01	4.43e-01	3.18e-02	5.14e-04	6.63e-11	7.52e-20	8.28e-20
 3.41058e+22	8.40e-11	1.13e-06	9.54e-04	5.01e-02	2.03e-01	2.92e-01	4.24e-01	2.86e-02	4.36e-04	8.40e-11	9.95e-20	1.10e-19
 3.44203e+22	1.03e-10	1.34e-06	1.09e-03	5.48e-02	2.12e-01	2.96e-01	4.09e-01	2.62e-02	3.79e-04	1.03e-10	1.26e-19	1.39e-19
 3.47465e+22	1.33e-10	1.66e-06	1.29e-03	6.11e-02	2.24e-01	3.00e-01	3.89e-01	2.34e-02	3.18e-04	1.33e-10	1.71e-19	1.89e-19
 3.50503e+22	1.60e-10	1.93e-06	1.45e-03	6.60e-02	2.33e-01	3.03e-01	3.75e-01	2.16e-02	2.80e-04	1.60e-10	2.12e-19	2.34e-19
 3.52844e+22	1.90e-10	2.23e-06	1.62e-03	7.08e-02	2.40e-01	3.05e-01	3.62e-01	1.99e-02	2.48e-04	1.90e-10	2.59e-19	2.86e-19
 3.55483e+22	2.33e-10	2.64e-06	1.84e-03	7.69e-02	2.50e-01	3.06e-01	3.47e-01	1.82e-02	2.15e-04	2.33e-10	3.31e-19	3.66e-19
 3.58316e+22	2.83e-10	3.10e-06	2.07e-03	8.29e-02	2.59e-01	3.07e-01	3.32e-01	1.66e-02	1.88e-04	2.83e-10	4.16e-19	4.60e-19
 3.60982e+22	3.44e-10	3.63e-06	2.33e-03	8.94e-02	2.67e-01	3.08e-01	3.18e-01	1.51e-02	1.63e-04	3.44e-10	5.23e-19	5.79e-19
 3.64029e+22	4.45e-10	4.45e-06	2.71e-03	9.83e-02	2.79e-01	3.07e-01	2.99e-01	1.34e-02	1.36e-04	4.45e-10	7.06e-19	7.82e-19
 3.67047e+22	5.41e-10	5.21e-06	3.04e-03	1.06e-01	2.87e-01	3.07e-01	2.85e-01	1.22e-02	1.18e-04	5.41e-10	8.90e-19	9.86e-19
 3.70025e+22	6.91e-10	6.31e-06	3.51e-03	1.15e-01	2.97e-01	3.05e-01	2.68e-01	1.08e-02	9.88e-05	6.91e-10	1.19e-18	1.32e-18
 3.73088e+22	8.54e-10	7.45e-06	3.96e-03	1.24e-01	3.06e-01	3.03e-01	2.54e-01	9.69e-03	8.43e-05	8.54e-10	1.52e-18	1.69e-18
 3.75810e+22	1.04e-09	8.71e-06	4.43e-03	1.32e-01	3.14e-01	3.00e-01	2.40e-01	8.74e-03	7.25e-05	1.04e-09	1.92e-18	2.14e-18
 3.78894e+22	1.34e-09	1.06e-05	5.10e-03	1.44e-01	3.23e-01	2.96e-01	2.24e-01	7.66e-03	5.99e-05	1.34e-09	2.59e-18	2.88e-18
 3.82081e+22	1.68e-09	1.26e-05	5.76e-03	1.54e-01	3.31e-01	2.92e-01	2.10e-01	6.80e-03	5.04e-05	1.68e-09	3.36e-18	3.74e-18
 3.84933e+22	2.07e-09	1.47e-05	6.46e-03	1.65e-01	3.38e-01	2.88e-01	1.97e-01	6.06e-03	4.27e-05	2.07e-09	4.31e-18	4.79e-18
 3.88171e+22	2.70e-09	1.80e-05	7.45e-03	1.78e-01	3.47e-01	2.81e-01	1.81e-01	5.23e-03	3.46e-05	2.70e-09	5.90e-18	6.57e-18
 3.91514e+22	3.41e-09	2.15e-05	8.42e-03	1.91e-01	3.53e-01	2.75e-01	1.68e-01	4.58e-03	2.87e-05	3.41e-09	7.75e-18	8.63e-18
 3.94490e+22	4.24e-09	2.53e-05	9.43e-03	2.03e-01	3.59e-01	2.69e-01	1.56e-01	4.03e-03	2.40e-05	4.24e-09	1.00e-17	1.12e-17
 3.97856e+22	5.58e-09	3.10e-05	1.09e-02	2.19e-01	3.65e-01	2.60e-01	1.42e-01	3.42e-03	1.90e-05	5.58e-09	1.39e-17	1.55e-17
 4.01305e+22	7.07e-09	3.70e-05	1.22e-02	2.33e-01	3.69e-01	2.52e-01	1.30e-01	2.96e-03	1.55e-05	7.07e-09	1.83e-17	2.04e-17
 4.04351e+22	8.82e-09	4.36e-05	1.37e-02	2.47e-01	3.73e-01	2.44e-01	1.20e-01	2.58e-03	1.28e-05	8.82e-09	2.38e-17	2.66e-17
 4.07798e+22	1.17e-08	5.34e-05	1.57e-02	2.64e-01	3.76e-01	2.34e-01	1.08e-01	2.16e-03	1.00e-05	1.17e-08	3.31e-17	3.70e-17
 4.11340e+22	1.48e-08	6.36e-05	1.76e-02	2.80e-01	3.78e-01	2.25e-01	9.76e-02	1.84e-03	8.05e-06	1.48e-08	4.39e-17	4.92e-17
 4.14483e+22	1.86e-08	7.50e-05	1.96e-02	2.95e-01	3.79e-01	2.16e-01	8.89e-02	1.58e-03	6.54e-06	1.86e-08	5.74e-17	6.43e-17
 4.18044e+22	2.47e-08	9.20e-05	2.24e-02	3.13e-01	3.80e-01	2.04e-01	7.88e-02	1.30e-03	5.01e-06	2.47e-08	8.04e-17	9.02e-17
 4.21710e+22	3.15e-08	1.10e-04	2.52e-02	3.30e-01	3.79e-01	1.94e-01	7.07e-02	1.10e-03	3.95e-06	3.15e-08	1.08e-16	1.21e-16
 4.24977e+22	3.97e-08	1.29e-04	2.80e-02	3.46e-01	3.77e-01	1.84e-01	6.36e-02	9.27e-04	3.15e-06	3.97e-08	1.41e-16	1.59e-16
 4.28690e+22	5.33e-08	1.60e-04	3.20e-02	3.66e-01	3.74e-01	1.72e-01	5.53e-02	7.45e-04	2.35e-06	5.33e-08	2.01e-16	2.26e-16
 4.32477e+22	6.79e-08	1.89e-04	3.56e-02	3.83e-01	3.70e-01	1.62e-01	4.92e-02	6.20e-04	1.83e-06	6.79e-08	2.68e-16	3.02e-16
 4.36360e+22	9.19e-08	2.35e-04	4.07e-02	4.03e-01	3.64e-01	1.49e-01	4.22e-02	4.89e-04	1.33e-06	9.19e-08	3.85e-16	4.34e-16
 4.40285e+22	1.17e-07	2.79e-04	4.53e-02	4.19e-01	3.59e-01	1.39e-01	3.71e-02	4.02e-04	1.02e-06	1.17e-07	5.15e-16	5.81e-16
 4.43662e+22	1.47e-07	3.26e-04	4.98e-02	4.34e-01	3.52e-01	1.30e-01	3.29e-02	3.34e-04	8.01e-07	1.47e-07	6.74e-16	7.62e-16
 4.46820e+22	1.81e-07	3.77e-04	5.44e-02	4.47e-01	3.46e-01	1.22e-01	2.93e-02	2.81e-04	6.35e-07	1.81e-07	8.65e-16	9.79e-16
 4.50296e+22	2.35e-07	4.52e-04	6.06e-02	4.63e-01	3.38e-01	1.12e-01	2.53e-02	2.25e-04	4.73e-07	2.35e-07	1.18e-15	1.34e-15
 4.53818e+22	2.91e-07	5.25e-04	6.63e-02	4.76e-01	3.30e-01	1.04e-01	2.24e-02	1.86e-04	3.68e-07	2.91e-07	1.53e-15	1.74e-15
 4.56858e+22	3.56e-07	6.04e-04	7.19e-02	4.88e-01	3.22e-01	9.72e-02	1.98e-02	1.56e-04	2.90e-07	3.56e-07	1.95e-15	2.21e-15
 4.60265e+22	4.55e-07	7.16e-04	7.94e-02	5.01e-01	3.12e-01	8.88e-02	1.71e-02	1.24e-04	2.16e-07	4.55e-07	2.62e-15	2.98e-15
 4.63811e+22	5.65e-07	8.32e-04	8.66e-02	5.13e-01	3.03e-01	8.18e-02	1.49e-02	1.02e-04	1.66e-07	5.65e-07	3.41e-15	3.87e-15
 4.67024e+22	6.95e-07	9.59e-04	9.39e-02	5.23e-01	2.94e-01	7.54e-02	1.31e-02	8.34e-05	1.28e-07	6.95e-07	4.37e-15	4.98e-15
 4.70688e+22	9.02e-07	1.15e-03	1.04e-01	5.34e-01	2.82e-01	6.77e-02	1.10e-02	6.49e-05	0.00e+00	9.02e-07	6.00e-15	6.84e-15
 4.74370e+22	1.11e-06	1.33e-03	1.13e-01	5.43e-01	2.72e-01	6.19e-02	9.56e-03	5.25e-05	0.00e+00	1.11e-06	7.75e-15	8.84e-15
 4.77559e+22	1.36e-06	1.52e-03	1.21e-01	5.50e-01	2.62e-01	5.66e-02	8.33e-03	4.29e-05	0.00e+00	1.36e-06	9.90e-15	1.13e-14
 4.80434e+22	1.60e-06	1.70e-03	1.29e-01	5.55e-01	2.54e-01	5.26e-02	7.45e-03	3.63e-05	0.00e+00	1.60e-06	1.20e-14	1.37e-14
 4.83419e+22	1.96e-06	1.95e-03	1.39e-01	5.61e-01	2.44e-01	4.79e-02	6.44e-03	2.94e-05	0.00e+00	1.96e-06	1.55e-14	1.76e-14
 4.86464e+22	2.33e-06	2.20e-03	1.48e-01	5.65e-01	2.35e-01	4.41e-02	5.68e-03	2.44e-05	0.00e+00	2.33e-06	1.91e-14	2.18e-14
 4.89133e+22	2.74e-06	2.45e-03	1.57e-01	5.68e-01	2.27e-01	4.07e-02	5.05e-03	2.05e-05	0.00e+00	2.74e-06	2.32e-14	2.65e-14
 4.92149e+22	3.36e-06	2.82e-03	1.69e-01	5.71e-01	2.17e-01	3.67e-02	4.33e-03	1.64e-05	0.00e+00	3.36e-06	2.98e-14	3.41e-14
 4.95218e+22	3.97e-06	3.15e-03	1.79e-01	5.72e-01	2.08e-01	3.36e-02	3.81e-03	1.36e-05	0.00e+00	3.97e-06	3.66e-14	4.18e-14
 4.97939e+22	4.65e-06	3.51e-03	1.89e-01	5.73e-01	2.00e-01	3.09e-02	3.36e-03	1.14e-05	0.00e+00	4.65e-06	4.45e-14	5.09e-14
 5.01060e+22	5.73e-06	4.05e-03	2.03e-01	5.73e-01	1.89e-01	2.75e-02	2.85e-03	8.94e-06	0.00e+00	5.73e-06	5.75e-14	6.59e-14
 5.04198e+22	6.72e-06	4.50e-03	2.15e-01	5.72e-01	1.81e-01	2.52e-02	2.50e-03	7.40e-06	0.00e+00	6.72e-06	7.01e-14	8.02e-14
 5.07356e+22	8.24e-06	5.17e-03	2.30e-01	5.70e-01	1.71e-01	2.23e-02	2.12e-03	5.81e-06	0.00e+00	8.24e-06	9.03e-14	1.03e-13
 5.10561e+22	9.70e-06	5.77e-03	2.43e-01	5.67e-01	1.62e-01	2.02e-02	1.84e-03	4.75e-06	0.00e+00	9.70e-06	1.11e-13	1.27e-13
 5.13827e+22	1.19e-05	6.63e-03	2.59e-01	5.62e-01	1.52e-01	1.78e-02	1.55e-03	3.68e-06	0.00e+00	1.19e-05	1.43e-13	1.64e-13
 5.16546e+22	1.31e-05	7.07e-03	2.68e-01	5.59e-01	1.47e-01	1.67e-02	1.41e-03	3.24e-06	0.00e+00	1.31e-05	1.61e-13	1.85e-13
 5.18554e+22	1.49e-05	7.71e-03	2.79e-01	5.55e-01	1.41e-01	1.54e-02	1.26e-03	2.75e-06	0.00e+00	1.49e-05	1.89e-13	2.17e-13
 5.21166e+22	1.74e-05	8.56e-03	2.93e-01	5.49e-01	1.34e-01	1.39e-02	1.10e-03	2.25e-06	0.00e+00	1.74e-05	2.30e-13	2.64e-13
 5.24560e+22	2.16e-05	9.86e-03	3.13e-01	5.40e-01	1.24e-01	1.20e-02	9.02e-04	1.70e-06	0.00e+00	2.16e-05	3.01e-13	3.45e-13
 5.27960e+22	2.51e-05	1.09e-02	3.28e-01	5.32e-01	1.17e-01	1.08e-02	7.79e-04	1.37e-06	0.00e+00	2.51e-05	3.65e-13	4.18e-13
 5.31366e+22	3.09e-05	1.25e-02	3.49e-01	5.21e-01	1.08e-01	9.30e-03	6.38e-04	1.03e-06	0.00e+00	3.09e-05	4.73e-13	5.43e-13
 5.34854e+22	3.64e-05	1.40e-02	3.66e-01	5.11e-01	1.01e-01	8.23e-03	5.43e-04	8.19e-07	0.00e+00	3.64e-05	5.82e-13	6.68e-13
 5.38446e+22	4.48e-05	1.60e-02	3.88e-01	4.97e-01	9.23e-02	7.03e-03	4.41e-04	6.08e-07	0.00e+00	4.48e-05	7.60e-13	8.71e-13
 5.42138e+22	5.33e-05	1.80e-02	4.06e-01	4.84e-01	8.54e-02	6.13e-03	3.69e-04	4.72e-07	0.00e+00	5.33e-05	9.46e-13	1.08e-12
 5.45958e+22	6.63e-05	2.08e-02	4.30e-01	4.66e-01	7.72e-02	5.14e-03	2.94e-04	3.41e-07	0.00e+00	6.63e-05	1.25e-12	1.43e-12
 5.49834e+22	7.87e-05	2.33e-02	4.50e-01	4.51e-01	7.09e-02	4.44e-03	2.44e-04	2.61e-07	0.00e+00	7.87e-05	1.56e-12	1.78e-12
 5.52776e+22	8.89e-05	2.52e-02	4.64e-01	4.40e-01	6.65e-02	3.99e-03	2.12e-04	2.15e-07	0.00e+00	8.89e-05	1.83e-12	2.09e-12
 5.55591e+22	1.04e-04	2.79e-02	4.81e-01	4.26e-01	6.14e-02	3.49e-03	1.79e-04	1.69e-07	0.00e+00	1.04e-04	2.23e-12	2.54e-12
 5.58476e+22	1.17e-04	3.02e-02	4.95e-01	4.14e-01	5.74e-02	3.11e-03	1.55e-04	1.37e-07	0.00e+00	1.17e-04	2.63e-12	2.98e-12
 5.61450e+22	1.37e-04	3.35e-02	5.13e-01	3.98e-01	5.27e-02	2.70e-03	1.29e-04	0.00e+00	0.00e+00	1.37e-04	3.22e-12	3.65e-12
 5.64481e+22	1.56e-04	3.64e-02	5.28e-01	3.85e-01	4.88e-02	2.38e-03	1.11e-04	0.00e+00	0.00e+00	1.56e-04	3.81e-12	4.30e-12
 5.67170e+22	1.77e-04	3.94e-02	5.42e-01	3.71e-01	4.52e-02	2.11e-03	9.50e-05	0.00e+00	0.00e+00	1.77e-04	4.50e-12	5.06e-12
 5.70248e+22	2.08e-04	4.38e-02	5.59e-01	3.54e-01	4.10e-02	1.80e-03	7.78e-05	0.00e+00	0.00e+00	2.08e-04	5.57e-12	6.25e-12
 5.73336e+22	2.34e-04	4.72e-02	5.73e-01	3.40e-01	3.79e-02	1.58e-03	6.66e-05	0.00e+00	0.00e+00	2.34e-04	6.54e-12	7.30e-12
 5.76438e+22	2.72e-04	5.22e-02	5.89e-01	3.23e-01	3.42e-02	1.35e-03	5.46e-05	0.00e+00	0.00e+00	2.72e-04	8.04e-12	8.94e-12
 5.79352e+22	3.02e-04	5.56e-02	6.00e-01	3.11e-01	3.17e-02	1.20e-03	4.73e-05	0.00e+00	0.00e+00	3.02e-04	9.24e-12	1.02e-11
 5.81247e+22	3.21e-04	5.79e-02	6.07e-01	3.04e-01	3.03e-02	1.12e-03	4.33e-05	0.00e+00	0.00e+00	3.21e-04	1.01e-11	1.11e-11
 5.82938e+22	3.48e-04	6.09e-02	6.14e-01	2.95e-01	2.86e-02	1.02e-03	3.88e-05	0.00e+00	0.00e+00	3.48e-04	1.12e-11	1.24e-11
 5.85136e+22	3.86e-04	6.51e-02	6.24e-01	2.83e-01	2.65e-02	9.09e-04	3.37e-05	0.00e+00	0.00e+00	3.86e-04	1.30e-11	1.42e-11
 5.87994e+22	4.46e-04	7.12e-02	6.37e-01	2.67e-01	2.38e-02	7.71e-04	2.76e-05	0.00e+00	0.00e+00	4.46e-04	1.58e-11	1.71e-11
 5.90463e+22	4.75e-04	7.40e-02	6.43e-01	2.59e-01	2.25e-02	7.08e-04	2.49e-05	0.00e+00	0.00e+00	4.75e-04	1.73e-11	1.87e-11
 5.92426e+22	5.21e-04	7.85e-02	6.51e-01	2.48e-01	2.09e-02	6.33e-04	2.17e-05	0.00e+00	0.00e+00	5.21e-04	1.97e-11	2.12e-11
 5.94979e+22	5.85e-04	8.45e-02	6.60e-01	2.35e-01	1.91e-02	5.49e-04	1.83e-05	0.00e+00	0.00e+00	5.85e-04	2.31e-11	2.47e-11
 5.98298e+22	6.83e-04	9.30e-02	6.71e-01	2.18e-01	1.68e-02	4.52e-04	1.45e-05	0.00e+00	0.00e+00	6.83e-04	2.88e-11	3.04e-11
 6.01397e+22	7.48e-04	9.82e-02	6.78e-01	2.07e-01	1.53e-02	3.97e-04	1.24e-05	0.00e+00	0.00e+00	7.48e-04	3.28e-11	3.44e-11
 6.04212e+22	8.47e-04	1.06e-01	6.85e-01	1.94e-01	1.37e-02	3.37e-04	1.02e-05	0.00e+00	0.00e+00	8.47e-04	3.92e-11	4.07e-11
 6.07870e+22	9.95e-04	1.17e-01	6.93e-01	1.77e-01	1.19e-02	2.70e-04	7.83e-06	0.00e+00	0.00e+00	9.95e-04	4.94e-11	5.07e-11
 6.11626e+22	1.12e-03	1.26e-01	6.99e-01	1.64e-01	1.05e-02	2.25e-04	6.30e-06	0.00e+00	0.00e+00	1.12e-03	5.91e-11	6.00e-11
 6.15506e+22	1.33e-03	1.39e-01	7.03e-01	1.47e-01	8.88e-03	1.77e-04	4.74e-06	0.00e+00	0.00e+00	1.33e-03	7.54e-11	7.52e-11
 6.19433e+22	1.50e-03	1.50e-01	7.06e-01	1.35e-01	7.75e-03	1.46e-04	3.77e-06	0.00e+00	0.00e+00	1.50e-03	9.04e-11	8.91e-11
 6.23420e+22	1.76e-03	1.65e-01	7.06e-01	1.20e-01	6.53e-03	1.14e-04	2.82e-06	0.00e+00	0.00e+00	1.76e-03	1.15e-10	1.11e-10
 6.27510e+22	2.00e-03	1.77e-01	7.06e-01	1.09e-01	5.62e-03	9.20e-05	2.19e-06	0.00e+00	0.00e+00	2.00e-03	1.39e-10	1.33e-10
 6.31732e+22	2.38e-03	1.96e-01	7.02e-01	9.52e-02	4.63e-03	6.95e-05	1.58e-06	0.00e+00	0.00e+00	2.38e-03	1.80e-10	1.69e-10
 6.35974e+22	2.68e-03	2.10e-01	6.98e-01	8.56e-02	3.96e-03	5.59e-05	1.23e-06	0.00e+00	0.00e+00	2.68e-03	2.16e-10	2.00e-10
 6.40240e+22	3.19e-03	2.32e-01	6.88e-01	7.35e-02	3.22e-03	4.14e-05	8.70e-07	0.00e+00	0.00e+00	3.19e-03	2.80e-10	2.56e-10
 6.44551e+22	3.60e-03	2.48e-01	6.80e-01	6.53e-02	2.73e-03	3.29e-05	6.68e-07	0.00e+00	0.00e+00	3.60e-03	3.36e-10	3.04e-10
 6.48922e+22	4.30e-03	2.74e-01	6.64e-01	5.51e-02	2.20e-03	2.39e-05	4.66e-07	0.00e+00	0.00e+00	4.30e-03	4.34e-10	3.86e-10
 6.53405e+22	4.91e-03	2.95e-01	6.51e-01	4.78e-02	1.83e-03	1.84e-05	3.47e-07	0.00e+00	0.00e+00	4.91e-03	5.29e-10	4.64e-10
 6.56969e+22	5.45e-03	3.12e-01	6.39e-01	4.25e-02	1.58e-03	1.49e-05	2.75e-07	0.00e+00	0.00e+00	5.45e-03	6.15e-10	5.36e-10
 6.60539e+22	6.34e-03	3.38e-01	6.18e-01	3.61e-02	1.30e-03	1.12e-05	2.01e-07	0.00e+00	0.00e+00	6.34e-03	7.62e-10	6.57e-10
 6.64066e+22	7.02e-03	3.57e-01	6.03e-01	3.19e-02	1.12e-03	9.02e-06	1.59e-07	0.00e+00	0.00e+00	7.02e-03	8.84e-10	7.57e-10
 6.67538e+22	8.14e-03	3.85e-01	5.79e-01	2.68e-02	9.22e-04	6.74e-06	0.00e+00	0.00e+00	0.00e+00	8.14e-03	1.09e-09	9.22e-10
 6.71076e+22	9.18e-03	4.09e-01	5.58e-01	2.30e-02	7.79e-04	5.23e-06	0.00e+00	0.00e+00	0.00e+00	9.18e-03	1.29e-09	1.08e-09
 6.74196e+22	1.03e-02	4.33e-01	5.36e-01	1.98e-02	6.62e-04	4.07e-06	0.00e+00	0.00e+00	0.00e+00	1.03e-02	1.51e-09	1.27e-09
 6.77746e+22	1.21e-02	4.68e-01	5.04e-01	1.60e-02	5.33e-04	2.90e-06	0.00e+00	0.00e+00	0.00e+00	1.21e-02	1.88e-09	1.56e-09
 6.81349e+22	1.38e-02	4.97e-01	4.76e-01	1.32e-02	4.42e-04	2.16e-06	0.00e+00	0.00e+00	0.00e+00	1.38e-02	2.25e-09	1.86e-09
 6.84494e+22	1.58e-02	5.26e-01	4.47e-01	1.09e-02	3.67e-04	1.60e-06	0.00e+00	0.00e+00	0.00e+00	1.58e-02	2.69e-09	2.21e-09
 6.88057e+22	1.87e-02	5.65e-01	4.08e-01	8.38e-03	2.89e-04	1.07e-06	0.00e+00	0.00e+00	0.00e+00	1.87e-02	3.37e-09	2.75e-09
 6.91748e+22	2.18e-02	6.00e-01	3.72e-01	6.50e-03	2.31e-04	7.39e-07	0.00e+00	0.00e+00	0.00e+00	2.18e-02	4.12e-09	3.35e-09
 6.95019e+22	2.54e-02	6.33e-01	3.36e-01	5.02e-03	1.85e-04	5.07e-07	0.00e+00	0.00e+00	0.00e+00	2.54e-02	5.01e-09	4.06e-09
 6.98683e+22	3.08e-02	6.74e-01	2.92e-01	3.55e-03	1.40e-04	3.09e-07	0.00e+00	0.00e+00	0.00e+00	3.08e-02	6.41e-09	5.17e-09
 7.02461e+22	3.70e-02	7.09e-01	2.51e-01	2.50e-03	1.06e-04	1.89e-07	0.00e+00	0.00e+00	0.00e+00	3.70e-02	8.07e-09	6.48e-09
 7.05422e+22	4.28e-02	7.35e-01	2.21e-01	1.88e-03	8.51e-05	1.27e-07	0.00e+00	0.00e+00	0.00e+00	4.28e-02	9.63e-09	7.72e-09
 7.08302e+22	5.08e-02	7.61e-01	1.87e-01	1.32e-03	6.47e-05	0.00e+00	0.00e+00	0.00e+00	0.00e+00	5.08e-02	1.19e-08	9.53e-09
 7.11313e+22	6.02e-02	7.83e-01	1.56e-01	9.14e-04	4.93e-05	0.00e+00	0.00e+00	0.00e+00	0.00e+00	6.02e-02	1.46e-08	1.17e-08
 7.13165e+22	6.60e-02	7.92e-01	1.42e-01	7.52e-04	4.28e-05	0.00e+00	0.00e+00	0.00e+00	0.00e+00	6.60e-02	1.62e-08	1.29e-08
 7.13911e+22	6.89e-02	7.96e-01	1.35e-01	6.84e-04	3.99e-05	0.00e+00	0.00e+00	0.00e+00	0.00e+00	6.89e-02	1.70e-08	1.36e-08
 7.14513e+22	7.15e-02	7.99e-01	1.29e-01	6.29e-04	3.75e-05	0.00e+00	0.00e+00	0.00e+00	0.00e+00	7.15e-02	1.78e-08	1.42e-08
 7.15263e+22	7.52e-02	8.03e-01	1.22e-01	5.61e-04	3.44e-05	0.00e+00	0.00e+00	0.00e+00	0.00e+00	7.52e-02	1.89e-08	1.50e-08
 7.16097e+22	7.93e-02	8.06e-01	1.14e-01	4.96e-04	3.13e-05	0.00e+00	0.00e+00	0.00e+00	0.00e+00	7.93e-02	2.01e-08	1.60e-08
 7.16889e+22	8.35e-02	8.09e-01	1.07e-01	4.41e-04	2.87e-05	0.00e+00	0.00e+00	0.00e+00	0.00e+00	8.35e-02	2.14e-08	1.70e-08
 7.17637e+22	8.78e-02	8.11e-01	1.00e-01	3.92e-04	2.62e-05	0.00e+00	0.00e+00	0.00e+00	0.00e+00	8.78e-02	2.26e-08	1.80e-08
 7.18350e+22	9.20e-02	8.13e-01	9.46e-02	3.52e-04	2.41e-05	0.00e+00	0.00e+00	0.00e+00	0.00e+00	9.20e-02	2.39e-08	1.90e-08
 7.19064e+22	9.68e-02	8.14e-01	8.87e-02	3.13e-04	2.20e-05	0.00e+00	0.00e+00	0.00e+00	0.00e+00	9.68e-02	2.53e-08	2.01e-08
 7.19773e+22	1.01e-01	8.15e-01	8.32e-02	2.79e-04	2.02e-05	0.00e+00	0.00e+00	0.00e+00	0.00e+00	1.01e-01	2.67e-08	2.12e-08
 7.20464e+22	1.07e-01	8.15e-01	7.79e-02	2.49e-04	1.85e-05	0.00e+00	0.00e+00	0.00e+00	0.00e+00	1.07e-01	2.82e-08	2.24e-08
 7.21155e+22	1.12e-01	8.15e-01	7.28e-02	2.21e-04	1.68e-05	0.00e+00	0.00e+00	0.00e+00	0.00e+00	1.12e-01	2.99e-08	2.37e-08
 7.21828e+22	1.18e-01	8.14e-01	6.80e-02	1.97e-04	1.53e-05	0.00e+00	0.00e+00	0.00e+00	0.00e+00	1.18e-01	3.15e-08	2.50e-08
 7.22474e+22	1.23e-01	8.13e-01	6.37e-02	1.76e-04	1.40e-05	0.00e+00	0.00e+00	0.00e+00	0.00e+00	1.23e-01	3.32e-08	2.63e-08
 7.23117e+22	1.29e-01	8.11e-01	5.95e-02	1.57e-04	1.28e-05	0.00e+00	0.00e+00	0.00e+00	0.00e+00	1.29e-01	3.50e-08	2.77e-08
 7.23752e+22	1.35e-01	8.09e-01	5.56e-02	1.41e-04	1.17e-05	0.00e+00	0.00e+00	0.00e+00	0.00e+00	1.35e-01	3.68e-08	2.91e-08
 7.24390e+22	1.42e-01	8.06e-01	5.17e-02	1.25e-04	1.06e-05	0.00e+00	0.00e+00	0.00e+00	0.00e+00	1.42e-01	3.88e-08	3.07e-08
 7.25025e+22	1.49e-01	8.03e-01	4.81e-02	1.12e-04	9.62e-06	0.00e+00	0.00e+00	0.00e+00	0.00e+00	1.49e-01	4.09e-08	3.23e-08
 7.25635e+22	1.56e-01	7.99e-01	4.47e-02	9.93e-05	8.70e-06	0.00e+00	0.00e+00	0.00e+00	0.00e+00	1.56e-01	4.30e-08	3.40e-08
 7.26219e+22	1.63e-01	7.95e-01	4.18e-02	8.95e-05	7.96e-06	0.00e+00	0.00e+00	0.00e+00	0.00e+00	1.63e-01	4.50e-08	3.56e-08
 7.26813e+22	1.71e-01	7.90e-01	3.87e-02	7.97e-05	7.19e-06	0.00e+00	0.00e+00	0.00e+00	0.00e+00	1.71e-01	4.74e-08	3.74e-08
 7.27421e+22	1.79e-01	7.85e-01	3.59e-02	7.13e-05	6.51e-06	0.00e+00	0.00e+00	0.00e+00	0.00e+00	1.79e-01	4.97e-08	3.92e-08
 7.28002e+22	1.88e-01	7.79e-01	3.33e-02	6.36e-05	5.86e-06	0.00e+00	0.00e+00	0.00e+00	0.00e+00	1.88e-01	5.22e-08	4.12e-08
 7.28554e+22	1.95e-01	7.73e-01	3.10e-02	5.75e-05	5.34e-06	0.00e+00	0.00e+00	0.00e+00	0.00e+00	1.95e-01	5.45e-08	4.29e-08
 7.29117e+22	2.05e-01	7.67e-01	2.87e-02	5.15e-05	4.82e-06	0.00e+00	0.00e+00	0.00e+00	0.00e+00	2.05e-01	5.70e-08	4.50e-08
 7.29703e+22	2.15e-01	7.59e-01	2.64e-02	4.58e-05	4.31e-06	0.00e+00	0.00e+00	0.00e+00	0.00e+00	2.15e-01	5.98e-08	4.71e-08
 7.30241e+22	2.24e-01	7.51e-01	2.45e-02	4.14e-05	3.90e-06	0.00e+00	0.00e+00	0.00e+00	0.00e+00	2.24e-01	6.24e-08	4.91e-08
 7.30752e+22	2.33e-01	7.45e-01	2.29e-02	3.77e-05	3.56e-06	0.00e+00	0.00e+00	0.00e+00	0.00e+00	2.33e-01	6.48e-08	5.10e-08
 7.31316e+22	2.44e-01	7.35e-01	2.10e-02	3.36e-05	3.17e-06	0.00e+00	0.00e+00	0.00e+00	0.00e+00	2.44e-01	6.78e-08	5.33e-08
 7.31894e+22	2.55e-01	7.25e-01	1.92e-02	3.01e-05	2.83e-06	0.00e+00	0.00e+00	0.00e+00	0.00e+00	2.55e-01	7.08e-08	5.57e-08
 7.32412e+22	2.66e-01	7.16e-01	1.78e-02	2.73e-05	2.55e-06	0.00e+00	0.00e+00	0.00e+00	0.00e+00	2.66e-01	7.35e-08	5.78e-08
 7.32912e+22	2.76e-01	7.07e-01	1.65e-02	2.47e-05	2.30e-06	0.00e+00	0.00e+00	0.00e+00	0.00e+00	2.76e-01	7.62e-08	5.99e-08
 7.33433e+22	2.88e-01	6.97e-01	1.52e-02	2.24e-05	2.07e-06	0.00e+00	0.00e+00	0.00e+00	0.00e+00	2.88e-01	7.91e-08	6.22e-08
 7.33966e+22	2.99e-01	6.87e-01	1.40e-02	2.04e-05	1.86e-06	0.00e+00	0.00e+00	0.00e+00	0.00e+00	2.99e-01	8.19e-08	6.43e-08
 7.34528e+22	3.12e-01	6.75e-01	1.28e-02	1.83e-05	1.65e-06	0.00e+00	0.00e+00	0.00e+00	0.00e+00	3.12e-01	8.51e-08	6.69e-08
 7.35084e+22	3.25e-01	6.63e-01	1.17e-02	1.65e-05	1.47e-06	0.00e+00	0.00e+00	0.00e+00	0.00e+00	3.25e-01	8.81e-08	6.92e-08
 7.35606e+22	3.39e-01	6.50e-01	1.07e-02	1.49e-05	1.30e-06	0.00e+00	0.00e+00	0.00e+00	0.00e+00	3.39e-01	9.11e-08	7.16e-08
 7.36105e+22	3.50e-01	6.40e-01	9.90e-03	1.37e-05	1.18e-06	0.00e+00	0.00e+00	0.00e+00	0.00e+00	3.50e-01	9.37e-08	7.36e-08
 7.36633e+22	3.65e-01	6.26e-01	9.03e-03	1.24e-05	1.04e-06	0.00e+00	0.00e+00	0.00e+00	0.00e+00	3.65e-01	9.67e-08	7.59e-08
 7.37189e+22	3.79e-01	6.13e-01	8.23e-03	1.13e-05	9.22e-07	0.00e+00	0.00e+00	0.00e+00	0.00e+00	3.79e-01	9.96e-08	7.82e-08
 7.37729e+22	3.94e-01	5.99e-01	7.48e-03	1.02e-05	8.13e-07	0.00e+00	0.00e+00	0.00e+00	0.00e+00	3.94e-01	1.03e-07	8.04e-08
 7.38254e+22	4.07e-01	5.86e-01	6.85e-03	9.34e-06	7.25e-07	0.00e+00	0.00e+00	0.00e+00	0.00e+00	4.07e-01	1.05e-07	8.24e-08
 7.38787e+22	4.22e-01	5.72e-01	6.23e-03	8.50e-06	6.41e-07	0.00e+00	0.00e+00	0.00e+00	0.00e+00	4.22e-01	1.08e-07	8.45e-08
 7.39341e+22	4.37e-01	5.57e-01	5.65e-03	7.73e-06	5.64e-07	0.00e+00	0.00e+00	0.00e+00	0.00e+00	4.37e-01	1.10e-07	8.65e-08
 7.39874e+22	4.52e-01	5.43e-01	5.14e-03	7.07e-06	4.99e-07	0.00e+00	0.00e+00	0.00e+00	0.00e+00	4.52e-01	1.13e-07	8.83e-08
 7.40408e+22	4.66e-01	5.29e-01	4.68e-03	6.49e-06	4.42e-07	0.00e+00	0.00e+00	0.00e+00	0.00e+00	4.66e-01	1.15e-07	9.01e-08
 7.40978e+22	4.82e-01	5.14e-01	4.22e-03	5.90e-06	3.87e-07	0.00e+00	0.00e+00	0.00e+00	0.00e+00	4.82e-01	1.17e-07	9.18e-08
 7.41561e+22	4.98e-01	4.98e-01	3.79e-03	5.38e-06	3.38e-07	0.00e+00	0.00e+00	0.00e+00	0.00e+00	4.98e-01	1.19e-07	9.35e-08
 7.42119e+22	5.13e-01	4.83e-01	3.43e-03	4.93e-06	2.98e-07	0.00e+00	0.00e+00	0.00e+00	0.00e+00	5.13e-01	1.21e-07	9.49e-08
 7.42682e+22	5.28e-01	4.68e-01	3.10e-03	4.52e-06	2.62e-07	0.00e+00	0.00e+00	0.00e+00	0.00e+00	5.28e-01	1.23e-07	9.62e-08
 7.43277e+22	5.44e-01	4.53e-01	2.78e-03	4.14e-06	2.28e-07	0.00e+00	0.00e+00	0.00e+00	0.00e+00	5.44e-01	1.25e-07	9.75e-08
 7.43895e+22	5.60e-01	4.38e-01	2.49e-03	3.78e-06	1.99e-07	0.00e+00	0.00e+00	0.00e+00	0.00e+00	5.60e-01	1.26e-07	9.86e-08
 7.44527e+22	5.76e-01	4.22e-01	2.22e-03	3.45e-06	1.72e-07	0.00e+00	0.00e+00	0.00e+00	0.00e+00	5.76e-01	1.27e-07	9.96e-08
 7.45157e+22	5.92e-01	4.06e-01	1.98e-03	3.16e-06	1.50e-07	0.00e+00	0.00e+00	0.00e+00	0.00e+00	5.92e-01	1.29e-07	1.00e-07
 7.45722e+22	6.04e-01	3.94e-01	1.80e-03	2.94e-06	1.33e-07	0.00e+00	0.00e+00	0.00e+00	0.00e+00	6.04e-01	1.29e-07	1.01e-07
 7.46224e+22	6.16e-01	3.82e-01	1.64e-03	2.75e-06	0.00e+00	0.00e+00	0.00e+00	0.00e+00	0.00e+00	6.16e-01	1.30e-07	1.01e-07
 7.46729e+22	6.27e-01	3.71e-01	1.51e-03	2.58e-06	0.00e+00	0.00e+00	0.00e+00	0.00e+00	0.00e+00	6.27e-01	1.30e-07	1.02e-07
 7.47273e+22	6.39e-01	3.59e-01	1.37e-03	2.41e-06	0.00e+00	0.00e+00	0.00e+00	0.00e+00	0.00e+00	6.39e-01	1.31e-07	1.02e-07
 7.47843e+22	6.51e-01	3.47e-01	1.24e-03	2.24e-06	0.00e+00	0.00e+00	0.00e+00	0.00e+00	0.00e+00	6.51e-01	1.31e-07	1.02e-07
 7.48404e+22	6.63e-01	3.36e-01	1.12e-03	2.09e-06	0.00e+00	0.00e+00	0.00e+00	0.00e+00	0.00e+00	6.63e-01	1.31e-07	1.02e-07
 7.48962e+22	6.74e-01	3.25e-01	1.02e-03	1.96e-06	0.00e+00	0.00e+00	0.00e+00	0.00e+00	0.00e+00	6.74e-01	1.31e-07	1.02e-07
 7.49540e+22	6.85e-01	3.14e-01	9.22e-04	1.83e-06	0.00e+00	0.00e+00	0.00e+00	0.00e+00	0.00e+00	6.85e-01	1.31e-07	1.02e-07
 7.50141e+22	6.96e-01	3.03e-01	8.32e-04	1.71e-06	0.00e+00	0.00e+00	0.00e+00	0.00e+00	0.00e+00	6.96e-01	1.31e-07	1.02e-07
 7.50749e+22	7.06e-01	2.93e-01	7.51e-04	1.60e-06	0.00e+00	0.00e+00	0.00e+00	0.00e+00	0.00e+00	7.06e-01	1.31e-07	1.02e-07
 7.51363e+22	7.17e-01	2.83e-01	6.77e-04	1.50e-06	0.00e+00	0.00e+00	0.00e+00	0.00e+00	0.00e+00	7.17e-01	1.31e-07	1.02e-07
 7.51991e+22	7.27e-01	2.72e-01	6.09e-04	1.40e-06	0.00e+00	0.00e+00	0.00e+00	0.00e+00	0.00e+00	7.27e-01	1.31e-07	1.01e-07
 7.52622e+22	7.37e-01	2.63e-01	5.49e-04	1.31e-06	0.00e+00	0.00e+00	0.00e+00	0.00e+00	0.00e+00	7.37e-01	1.30e-07	1.01e-07
 7.53266e+22	7.46e-01	2.53e-01	4.94e-04	1.23e-06	0.00e+00	0.00e+00	0.00e+00	0.00e+00	0.00e+00	7.46e-01	1.30e-07	1.01e-07
 7.53932e+22	7.56e-01	2.44e-01	4.44e-04	1.15e-06	0.00e+00	0.00e+00	0.00e+00	0.00e+00	0.00e+00	7.56e-01	1.29e-07	1.00e-07
 7.54616e+22	7.65e-01	2.34e-01	3.98e-04	1.08e-06	0.00e+00	0.00e+00	0.00e+00	0.00e+00	0.00e+00	7.65e-01	1.29e-07	9.98e-08
 7.55307e+22	7.74e-01	2.26e-01	3.57e-04	1.01e-06	0.00e+00	0.00e+00	0.00e+00	0.00e+00	0.00e+00	7.74e-01	1.28e-07	9.93e-08
 7.56016e+22	7.83e-01	2.17e-01	3.20e-04	9.47e-07	0.00e+00	0.00e+00	0.00e+00	0.00e+00	0.00e+00	7.83e-01	1.27e-07	9.88e-08
 7.56745e+22	7.91e-01	2.08e-01	2.86e-04	8.87e-07	0.00e+00	0.00e+00	0.00e+00	0.00e+00	0.00e+00	7.91e-01	1.27e-07	9.82e-08
 7.57478e+22	8.00e-01	2.00e-01	2.57e-04	8.32e-07	0.00e+00	0.00e+00	0.00e+00	0.00e+00	0.00e+00	8.00e-01	1.26e-07	9.76e-08
 7.58225e+22	8.07e-01	1.92e-01	2.31e-04	7.80e-07	0.00e+00	0.00e+00	0.00e+00	0.00e+00	0.00e+00	8.07e-01	1.25e-07	9.70e-08
 7.59004e+22	8.15e-01	1.85e-01	2.07e-04	7.31e-07	0.00e+00	0.00e+00	0.00e+00	0.00e+00	0.00e+00	8.15e-01	1.25e-07	9.64e-08
 7.59806e+22	8.23e-01	1.77e-01	1.85e-04	6.85e-07	0.00e+00	0.00e+00	0.00e+00	0.00e+00	0.00e+00	8.23e-01	1.24e-07	9.58e-08
 7.60621e+22	8.30e-01	1.70e-01	1.66e-04	6.42e-07	0.00e+00	0.00e+00	0.00e+00	0.00e+00	0.00e+00	8.30e-01	1.23e-07	9.52e-08
 7.61455e+22	8.37e-01	1.63e-01	1.49e-04	6.02e-07	0.00e+00	0.00e+00	0.00e+00	0.00e+00	0.00e+00	8.37e-01	1.23e-07	9.46e-08
 7.62322e+22	8.43e-01	1.56e-01	1.34e-04	5.64e-07	0.00e+00	0.00e+00	0.00e+00	0.00e+00	0.00e+00	8.43e-01	1.22e-07	9.40e-08
 7.63216e+22	8.50e-01	1.50e-01	1.21e-04	5.29e-07	0.00e+00	0.00e+00	0.00e+00	0.00e+00	0.00e+00	8.50e-01	1.21e-07	9.34e-08
 7.64121e+22	8.56e-01	1.44e-01	1.09e-04	4.97e-07	0.00e+00	0.00e+00	0.00e+00	0.00e+00	0.00e+00	8.56e-01	1.21e-07	9.29e-08
 7.65036e+22	8.62e-01	1.38e-01	9.91e-05	4.68e-07	0.00e+00	0.00e+00	0.00e+00	0.00e+00	0.00e+00	8.62e-01	1.20e-07	9.24e-08
 7.65969e+22	8.67e-01	1.33e-01	9.03e-05	4.41e-07	0.00e+00	0.00e+00	0.00e+00	0.00e+00	0.00e+00	8.67e-01	1.20e-07	9.20e-08
 7.66926e+22	8.72e-01	1.28e-01	8.25e-05	4.14e-07	0.00e+00	0.00e+00	0.00e+00	0.00e+00	0.00e+00	8.72e-01	1.19e-07	9.14e-08
 7.67922e+22	8.77e-01	1.23e-01	7.55e-05	3.90e-07	0.00e+00	0.00e+00	0.00e+00	0.00e+00	0.00e+00	8.77e-01	1.18e-07	9.05e-08
 7.68956e+22	8.82e-01	1.18e-01	6.93e-05	3.67e-07	0.00e+00	0.00e+00	0.00e+00	0.00e+00	0.00e+00	8.82e-01	1.18e-07	8.96e-08
 7.69994e+22	8.86e-01	1.14e-01	6.41e-05	3.47e-07	0.00e+00	0.00e+00	0.00e+00	0.00e+00	0.00e+00	8.86e-01	1.17e-07	8.88e-08
 7.71034e+22	8.90e-01	1.09e-01	5.96e-05	3.28e-07	0.00e+00	0.00e+00	0.00e+00	0.00e+00	0.00e+00	8.90e-01	1.17e-07	8.81e-08
 7.72126e+22	8.95e-01	1.05e-01	5.55e-05	3.09e-07	0.00e+00	0.00e+00	0.00e+00	0.00e+00	0.00e+00	8.95e-01	1.17e-07	8.73e-08
 7.73279e+22	8.99e-01	1.01e-01	5.17e-05	2.92e-07	0.00e+00	0.00e+00	0.00e+00	0.00e+00	0.00e+00	8.99e-01	1.16e-07	8.66e-08
 7.74460e+22	9.02e-01	9.76e-02	4.84e-05	2.75e-07	0.00e+00	0.00e+00	0.00e+00	0.00e+00	0.00e+00	9.02e-01	1.16e-07	8.59e-08
 7.75663e+22	9.06e-01	9.40e-02	4.56e-05	2.60e-07	0.00e+00	0.00e+00	0.00e+00	0.00e+00	0.00e+00	9.06e-01	1.16e-07	8.52e-08
 7.76908e+22	9.09e-01	9.05e-02	4.30e-05	2.45e-07	0.00e+00	0.00e+00	0.00e+00	0.00e+00	0.00e+00	9.09e-01	1.16e-07	8.46e-08
 7.78198e+22	9.13e-01	8.71e-02	4.07e-05	2.31e-07	0.00e+00	0.00e+00	0.00e+00	0.00e+00	0.00e+00	9.13e-01	1.16e-07	8.40e-08
 7.79477e+22	9.16e-01	8.39e-02	3.87e-05	2.18e-07	0.00e+00	0.00e+00	0.00e+00	0.00e+00	0.00e+00	9.16e-01	1.16e-07	8.34e-08
 7.80681e+22	9.19e-01	8.12e-02	3.71e-05	2.07e-07	0.00e+00	0.00e+00	0.00e+00	0.00e+00	0.00e+00	9.19e-01	1.16e-07	8.30e-08
 7.81816e+22	9.21e-01	7.88e-02	3.57e-05	1.98e-07	0.00e+00	0.00e+00	0.00e+00	0.00e+00	0.00e+00	9.21e-01	1.16e-07	8.26e-08
 7.82917e+22	9.23e-01	7.65e-02	3.45e-05	1.89e-07	0.00e+00	0.00e+00	0.00e+00	0.00e+00	0.00e+00	9.23e-01	1.16e-07	8.22e-08
 7.83986e+22	9.26e-01	7.43e-02	3.34e-05	1.81e-07	0.00e+00	0.00e+00	0.00e+00	0.00e+00	0.00e+00	9.26e-01	1.16e-07	8.18e-08
 7.85022e+22	9.28e-01	7.23e-02	3.25e-05	1.73e-07	0.00e+00	0.00e+00	0.00e+00	0.00e+00	0.00e+00	9.28e-01	1.16e-07	8.15e-08
 7.86015e+22	9.30e-01	7.03e-02	3.17e-05	1.66e-07	0.00e+00	0.00e+00	0.00e+00	0.00e+00	0.00e+00	9.30e-01	1.16e-07	8.11e-08
 7.86955e+22	9.31e-01	6.85e-02	3.09e-05	1.60e-07	0.00e+00	0.00e+00	0.00e+00	0.00e+00	0.00e+00	9.31e-01	1.16e-07	8.08e-08
 7.87850e+22	9.33e-01	6.68e-02	3.03e-05	1.54e-07	0.00e+00	0.00e+00	0.00e+00	0.00e+00	0.00e+00	9.33e-01	1.16e-07	8.04e-08
 7.88690e+22	9.35e-01	6.53e-02	2.98e-05	1.49e-07	0.00e+00	0.00e+00	0.00e+00	0.00e+00	0.00e+00	9.35e-01	1.16e-07	8.01e-08
 7.89503e+22	9.36e-01	6.38e-02	2.92e-05	1.44e-07	0.00e+00	0.00e+00	0.00e+00	0.00e+00	0.00e+00	9.36e-01	1.16e-07	7.99e-08
 7.90314e+22	9.38e-01	6.23e-02	2.87e-05	1.39e-07	0.00e+00	0.00e+00	0.00e+00	0.00e+00	0.00e+00	9.38e-01	1.16e-07	7.96e-08
 7.91097e+22	9.39e-01	6.09e-02	2.83e-05	1.34e-07	0.00e+00	0.00e+00	0.00e+00	0.00e+00	0.00e+00	9.39e-01	1.16e-07	7.93e-08
 7.91851e+22	9.40e-01	5.95e-02	2.79e-05	1.30e-07	0.00e+00	0.00e+00	0.00e+00	0.00e+00	0.00e+00	9.40e-01	1.16e-07	7.91e-08
 7.92576e+22	9.42e-01	5.82e-02	2.75e-05	1.26e-07	0.00e+00	0.00e+00	0.00e+00	0.00e+00	0.00e+00	9.42e-01	1.16e-07	7.88e-08
 7.93275e+22	9.43e-01	5.70e-02	2.72e-05	0.00e+00	0.00e+00	0.00e+00	0.00e+00	0.00e+00	0.00e+00	9.43e-01	1.16e-07	7.86e-08
 7.93951e+22	9.44e-01	5.58e-02	2.68e-05	0.00e+00	0.00e+00	0.00e+00	0.00e+00	0.00e+00	0.00e+00	9.44e-01	1.16e-07	7.83e-08
 7.94604e+22	9.45e-01	5.46e-02	2.65e-05	0.00e+00	0.00e+00	0.00e+00	0.00e+00	0.00e+00	0.00e+00	9.45e-01	1.16e-07	7.81e-08
 7.95234e+22	9.46e-01	5.35e-02	2.63e-05	0.00e+00	0.00e+00	0.00e+00	0.00e+00	0.00e+00	0.00e+00	9.46e-01	1.16e-07	7.79e-08
 7.95841e+22	9.48e-01	5.24e-02	2.60e-05	0.00e+00	0.00e+00	0.00e+00	0.00e+00	0.00e+00	0.00e+00	9.48e-01	1.16e-07	7.77e-08
 7.96427e+22	9.49e-01	5.14e-02	2.58e-05	0.00e+00	0.00e+00	0.00e+00	0.00e+00	0.00e+00	0.00e+00	9.49e-01	1.16e-07	7.74e-08
 7.96993e+22	9.50e-01	5.04e-02	2.55e-05	0.00e+00	0.00e+00	0.00e+00	0.00e+00	0.00e+00	0.00e+00	9.50e-01	1.15e-07	7.72e-08
 7.97539e+22	9.51e-01	4.94e-02	2.53e-05	0.00e+00	0.00e+00	0.00e+00	0.00e+00	0.00e+00	0.00e+00	9.51e-01	1.15e-07	7.69e-08
