#depth	Fe	Fe+	Fe+2	Fe+3	Fe+4	Fe+5	Fe+6	Fe+7	Fe+8	Fe+9	Fe+10	Fe+11	Fe+12	Fe+13	Fe+14	Fe+15	Fe+16	Fe+17	Fe+18	Fe+19	Fe+20	Fe+21	Fe+22	Fe+23	Fe+24	Fe+25	Fe+26
 4.62852e+21	0.00e+00	0.00e+00	0.00e+00	0.00e+00	0.00e+00	0.00e+00	0.00e+00	0.00e+00	0.00e+00	5.25e-24	5.05e-22	3.40e-20	2.26e-18	1.02e-16	9.91e-15	1.16e-12	9.89e-10	7.39e-08	2.79e-06	5.04e-05	5.36e-04	3.19e-03	1.43e-02	5.92e-02	3.66e-01	3.99e-01	1.57e-01
 1.05660e+22	0.00e+00	0.00e+00	0.00e+00	0.00e+00	0.00e+00	0.00e+00	0.00e+00	0.00e+00	2.43e-24	2.30e-22	2.00e-20	1.37e-18	1.05e-16	6.42e-15	4.36e-13	3.58e-11	2.06e-08	1.05e-06	2.74e-05	3.44e-04	2.56e-03	1.06e-02	3.35e-02	9.80e-02	4.34e-01	3.30e-01	9.05e-02
 1.27701e+22	0.00e+00	0.00e+00	0.00e+00	0.00e+00	0.00e+00	0.00e+00	0.00e+00	5.60e-25	1.26e-22	9.39e-21	6.42e-19	3.46e-17	2.09e-15	1.00e-13	5.36e-12	3.46e-10	1.53e-07	6.02e-06	1.22e-04	1.19e-03	6.94e-03	2.26e-02	5.58e-02	1.29e-01	4.56e-01	2.71e-01	5.79e-02
 1.43816e+22	0.00e+00	0.00e+00	0.00e+00	0.00e+00	0.00e+00	0.00e+00	4.28e-26	1.30e-23	2.43e-21	1.80e-19	1.01e-17	4.47e-16	2.23e-14	8.76e-13	3.84e-11	2.04e-09	7.30e-07	2.34e-05	3.87e-04	3.10e-03	1.48e-02	3.95e-02	8.00e-02	1.52e-01	4.52e-01	2.19e-01	3.84e-02
 1.52768e+22	0.00e+00	0.00e+00	0.00e+00	0.00e+00	0.00e+00	8.54e-29	9.75e-26	2.83e-23	5.42e-21	3.81e-19	2.04e-17	8.56e-16	4.05e-14	1.52e-12	6.31e-11	3.18e-09	1.08e-06	3.30e-05	5.17e-04	3.93e-03	1.78e-02	4.52e-02	8.71e-02	1.58e-01	4.47e-01	2.06e-01	3.43e-02
 1.55707e+22	0.00e+00	0.00e+00	0.00e+00	0.00e+00	6.30e-32	1.56e-28	1.72e-25	4.86e-23	9.01e-21	6.14e-19	3.18e-17	1.29e-15	5.94e-14	2.15e-12	8.69e-11	4.24e-09	1.39e-06	4.09e-05	6.20e-04	4.56e-03	2.00e-02	4.91e-02	9.17e-02	1.61e-01	4.44e-01	1.98e-01	3.18e-02
 1.57975e+22	0.00e+00	0.00e+00	0.00e+00	0.00e+00	1.16e-31	2.79e-28	3.00e-25	8.20e-23	1.48e-20	9.74e-19	4.88e-17	1.93e-15	8.56e-14	3.00e-12	1.17e-10	5.54e-09	1.76e-06	5.04e-05	7.39e-04	5.27e-03	2.24e-02	5.32e-02	9.63e-02	1.64e-01	4.39e-01	1.90e-01	2.95e-02
 1.60549e+22	0.00e+00	0.00e+00	0.00e+00	0.00e+00	2.45e-31	5.65e-28	5.86e-25	1.55e-22	2.68e-20	1.70e-18	8.22e-17	3.12e-15	1.33e-13	4.51e-12	1.70e-10	7.70e-09	2.36e-06	6.47e-05	9.13e-04	6.26e-03	2.55e-02	5.85e-02	1.02e-01	1.67e-01	4.33e-01	1.80e-01	2.69e-02
 1.63226e+22	0.00e+00	0.00e+00	0.00e+00	0.00e+00	4.81e-31	1.08e-27	1.08e-24	2.76e-22	4.62e-20	2.83e-18	1.32e-16	4.84e-15	2.00e-13	6.51e-12	2.36e-10	1.04e-08	3.06e-06	8.11e-05	1.11e-03	7.31e-03	2.88e-02	6.37e-02	1.07e-01	1.70e-01	4.27e-01	1.71e-01	2.47e-02
 1.65606e+22	0.00e+00	0.00e+00	0.00e+00	0.00e+00	9.21e-31	2.00e-27	1.94e-24	4.79e-22	7.77e-20	4.61e-18	2.08e-16	7.36e-15	2.93e-13	9.24e-12	3.24e-10	1.37e-08	3.93e-06	1.01e-04	1.33e-03	8.48e-03	3.23e-02	6.90e-02	1.12e-01	1.72e-01	4.20e-01	1.63e-01	2.27e-02
 1.68267e+22	0.00e+00	0.00e+00	0.00e+00	0.00e+00	2.05e-30	4.28e-27	3.99e-24	9.49e-22	1.48e-19	8.41e-18	3.63e-16	1.23e-14	4.72e-13	1.42e-11	4.79e-10	1.94e-08	5.34e-06	1.31e-04	1.66e-03	1.02e-02	3.70e-02	7.59e-02	1.18e-01	1.74e-01	4.10e-01	1.52e-01	2.04e-02
 1.70979e+22	0.00e+00	0.00e+00	0.00e+00	0.00e+00	3.94e-30	7.94e-27	7.16e-24	1.70e-21	2.56e-19	1.40e-17	5.85e-16	1.92e-14	7.06e-13	2.05e-11	6.65e-10	2.60e-08	6.91e-06	1.64e-04	2.00e-03	1.18e-02	4.16e-02	8.22e-02	1.24e-01	1.76e-01	4.01e-01	1.44e-01	1.85e-02
 1.73246e+22	0.00e+00	0.00e+00	0.00e+00	1.18e-33	7.23e-30	1.42e-26	1.24e-23	2.85e-21	4.16e-19	2.21e-17	8.92e-16	2.83e-14	1.01e-12	2.84e-11	8.91e-10	3.37e-08	8.69e-06	2.00e-04	2.36e-03	1.35e-02	4.60e-02	8.80e-02	1.28e-01	1.76e-01	3.92e-01	1.36e-01	1.70e-02
 1.75682e+22	0.00e+00	0.00e+00	0.00e+00	2.52e-33	1.49e-29	2.82e-26	2.38e-23	5.29e-21	7.43e-19	3.80e-17	1.48e-15	4.50e-14	1.54e-12	4.18e-11	1.26e-09	4.59e-08	1.14e-05	2.52e-04	2.87e-03	1.58e-02	5.18e-02	9.53e-02	1.34e-01	1.77e-01	3.81e-01	1.27e-01	1.53e-02
 1.78220e+22	0.00e+00	0.00e+00	0.00e+00	5.01e-33	2.87e-29	5.26e-26	4.30e-23	9.23e-21	1.25e-18	6.19e-17	2.32e-15	6.82e-14	2.26e-12	5.90e-11	1.71e-09	6.03e-08	1.45e-05	3.11e-04	3.42e-03	1.82e-02	5.75e-02	1.02e-01	1.38e-01	1.77e-01	3.70e-01	1.19e-01	1.38e-02
 1.80498e+22	0.00e+00	0.00e+00	0.00e+00	9.56e-33	5.33e-29	9.47e-26	7.50e-23	1.56e-20	2.05e-18	9.81e-17	3.55e-15	1.01e-13	3.23e-12	8.17e-11	2.30e-09	7.80e-08	1.82e-05	3.78e-04	4.02e-03	2.07e-02	6.33e-02	1.09e-01	1.42e-01	1.77e-01	3.59e-01	1.12e-01	1.25e-02
 1.83067e+22	0.00e+00	0.00e+00	0.00e+00	2.24e-32	1.20e-28	2.05e-25	1.56e-22	3.11e-20	3.92e-18	1.79e-16	6.21e-15	1.69e-13	5.16e-12	1.25e-10	3.35e-09	1.09e-07	2.44e-05	4.87e-04	4.97e-03	2.45e-02	7.16e-02	1.18e-01	1.48e-01	1.76e-01	3.44e-01	1.02e-01	1.10e-02
 1.85639e+22	0.00e+00	0.00e+00	0.00e+00	4.30e-32	2.24e-28	3.71e-25	2.73e-22	5.28e-20	6.44e-18	2.85e-16	9.53e-15	2.50e-13	7.39e-12	1.72e-10	4.47e-09	1.40e-07	3.06e-05	5.91e-04	5.83e-03	2.77e-02	7.85e-02	1.25e-01	1.51e-01	1.74e-01	3.32e-01	9.55e-02	9.91e-03
 1.87837e+22	0.00e+00	0.00e+00	0.00e+00	8.28e-32	4.18e-28	6.71e-25	4.78e-22	8.96e-20	1.06e-17	4.51e-16	1.46e-14	3.70e-13	1.05e-11	2.37e-10	5.94e-09	1.80e-07	3.81e-05	7.14e-04	6.82e-03	3.14e-02	8.58e-02	1.32e-01	1.55e-01	1.72e-01	3.19e-01	8.87e-02	8.90e-03
 1.89946e+22	0.00e+00	0.00e+00	0.00e+00	1.52e-31	7.45e-28	1.16e-24	8.04e-22	1.46e-19	1.67e-17	6.91e-16	2.16e-14	5.31e-13	1.46e-11	3.19e-10	7.73e-09	2.27e-07	4.67e-05	8.50e-04	7.88e-03	3.51e-02	9.31e-02	1.39e-01	1.57e-01	1.70e-01	3.07e-01	8.26e-02	8.03e-03
 1.92318e+22	0.00e+00	0.00e+00	0.00e+00	3.19e-31	1.51e-27	2.28e-24	1.52e-21	2.66e-19	2.93e-17	1.16e-15	3.50e-14	8.26e-13	2.19e-11	4.58e-10	1.06e-08	3.00e-07	5.99e-05	1.05e-03	9.38e-03	4.02e-02	1.02e-01	1.47e-01	1.60e-01	1.66e-01	2.91e-01	7.54e-02	7.05e-03
 1.94796e+22	0.00e+00	0.00e+00	0.00e+00	6.29e-31	2.89e-27	4.22e-24	2.75e-21	4.65e-19	4.93e-17	1.89e-15	5.47e-14	1.24e-12	3.17e-11	6.38e-10	1.43e-08	3.87e-07	7.50e-05	1.27e-03	1.10e-02	4.55e-02	1.12e-01	1.54e-01	1.62e-01	1.63e-01	2.76e-01	6.90e-02	6.22e-03
 1.96992e+22	0.00e+00	0.00e+00	0.00e+00	1.21e-30	5.38e-27	7.61e-24	4.80e-21	7.85e-19	8.05e-17	2.98e-15	8.31e-14	1.82e-12	4.47e-11	8.68e-10	1.87e-08	4.90e-07	9.24e-05	1.53e-03	1.27e-02	5.09e-02	1.21e-01	1.61e-01	1.64e-01	1.59e-01	2.62e-01	6.32e-02	5.50e-03
 1.99024e+22	0.00e+00	0.00e+00	0.00e+00	2.17e-30	9.44e-27	1.30e-23	7.94e-21	1.26e-18	1.25e-16	4.48e-15	1.21e-13	2.57e-12	6.11e-11	1.15e-09	2.40e-08	6.07e-07	1.12e-04	1.79e-03	1.45e-02	5.62e-02	1.29e-01	1.67e-01	1.64e-01	1.55e-01	2.49e-01	5.82e-02	4.91e-03
 2.01263e+22	0.00e+00	0.00e+00	0.00e+00	4.42e-30	1.86e-26	2.47e-23	1.46e-20	2.23e-18	2.13e-16	7.34e-15	1.91e-13	3.88e-12	8.87e-11	1.60e-09	3.21e-08	7.80e-07	1.39e-04	2.16e-03	1.70e-02	6.32e-02	1.40e-01	1.74e-01	1.65e-01	1.49e-01	2.34e-01	5.25e-02	4.26e-03
 2.03600e+22	0.00e+00	0.00e+00	0.00e+00	8.52e-30	3.47e-26	4.46e-23	2.55e-20	3.77e-18	3.48e-16	1.16e-14	2.90e-13	5.68e-12	1.25e-10	2.17e-09	4.19e-08	9.83e-07	1.71e-04	2.57e-03	1.95e-02	7.02e-02	1.50e-01	1.79e-01	1.64e-01	1.44e-01	2.19e-01	4.75e-02	3.72e-03
 2.05665e+22	0.00e+00	0.00e+00	0.00e+00	1.60e-29	6.33e-26	7.90e-23	4.36e-20	6.25e-18	5.58e-16	1.79e-14	4.31e-13	8.16e-12	1.73e-10	2.90e-09	5.39e-08	1.22e-06	2.07e-04	3.03e-03	2.22e-02	7.74e-02	1.59e-01	1.85e-01	1.63e-01	1.38e-01	2.05e-01	4.30e-02	3.26e-03
 2.07631e+22	0.00e+00	0.00e+00	1.13e-33	2.85e-29	1.10e-25	1.33e-22	7.13e-20	9.90e-18	8.57e-16	2.66e-14	6.21e-13	1.14e-11	2.33e-10	3.78e-09	6.79e-08	1.49e-06	2.46e-04	3.50e-03	2.50e-02	8.44e-02	1.68e-01	1.89e-01	1.62e-01	1.33e-01	1.93e-01	3.91e-02	2.87e-03
 2.09864e+22	0.00e+00	0.00e+00	2.43e-33	5.92e-29	2.20e-25	2.57e-22	1.33e-19	1.77e-17	1.47e-15	4.38e-14	9.82e-13	1.72e-11	3.39e-10	5.26e-09	9.06e-08	1.90e-06	3.05e-04	4.20e-03	2.89e-02	9.38e-02	1.80e-01	1.94e-01	1.60e-01	1.26e-01	1.77e-01	3.45e-02	2.43e-03
 2.12190e+22	0.00e+00	0.00e+00	4.88e-33	1.15e-28	4.12e-25	4.67e-22	2.33e-19	3.00e-17	2.41e-15	6.89e-14	1.48e-12	2.51e-11	4.74e-10	7.07e-09	1.17e-07	2.37e-06	3.70e-04	4.94e-03	3.29e-02	1.03e-01	1.90e-01	1.97e-01	1.57e-01	1.19e-01	1.63e-01	3.07e-02	2.09e-03
 2.14194e+22	0.00e+00	0.00e+00	9.16e-33	2.09e-28	7.29e-25	8.02e-22	3.87e-19	4.84e-17	3.75e-15	1.04e-13	2.16e-12	3.51e-11	6.40e-10	9.22e-09	1.47e-07	2.87e-06	4.38e-04	5.70e-03	3.68e-02	1.11e-01	1.99e-01	2.00e-01	1.54e-01	1.13e-01	1.51e-01	2.75e-02	1.81e-03
 2.16058e+22	0.00e+00	0.00e+00	1.61e-32	3.57e-28	1.21e-24	1.30e-21	6.10e-19	7.40e-17	5.56e-15	1.49e-13	3.01e-12	4.75e-11	8.38e-10	1.17e-08	1.81e-07	3.42e-06	5.10e-04	6.46e-03	4.06e-02	1.19e-01	2.07e-01	2.01e-01	1.50e-01	1.08e-01	1.40e-01	2.48e-02	1.58e-03
 2.18180e+22	0.00e+00	0.00e+00	3.37e-32	7.22e-28	2.37e-24	2.46e-21	1.11e-18	1.30e-16	9.38e-15	2.41e-13	4.66e-12	7.05e-11	1.19e-09	1.59e-08	2.36e-07	4.27e-06	6.20e-04	7.61e-03	4.62e-02	1.30e-01	2.17e-01	2.03e-01	1.46e-01	1.00e-01	1.27e-01	2.15e-02	1.32e-03
 2.20364e+22	0.00e+00	0.00e+00	6.52e-32	1.35e-27	4.30e-24	4.33e-21	1.89e-18	2.13e-16	1.48e-14	3.67e-13	6.84e-12	9.96e-11	1.62e-09	2.08e-08	2.97e-07	5.18e-06	7.34e-04	8.75e-03	5.15e-02	1.40e-01	2.25e-01	2.03e-01	1.41e-01	9.38e-02	1.16e-01	1.89e-02	1.12e-03
 2.22287e+22	0.00e+00	0.00e+00	1.18e-31	2.38e-27	7.37e-24	7.21e-21	3.05e-18	3.34e-16	2.25e-14	5.39e-13	9.69e-12	1.36e-10	2.14e-09	2.66e-08	3.67e-07	6.18e-06	8.54e-04	9.92e-03	5.66e-02	1.50e-01	2.32e-01	2.03e-01	1.36e-01	8.80e-02	1.06e-01	1.68e-02	9.63e-04
 2.24444e+22	0.00e+00	0.00e+00	2.53e-31	4.91e-27	1.47e-23	1.38e-20	5.62e-18	5.91e-16	3.82e-14	8.75e-13	1.51e-11	2.03e-10	3.05e-09	3.62e-08	4.77e-07	7.68e-06	1.03e-03	1.16e-02	6.38e-02	1.62e-01	2.41e-01	2.02e-01	1.30e-01	8.06e-02	9.42e-02	1.43e-02	7.88e-04
 2.26595e+22	0.00e+00	0.00e+00	4.76e-31	8.94e-27	2.59e-23	2.37e-20	9.32e-18	9.48e-16	5.91e-14	1.31e-12	2.17e-11	2.81e-10	4.07e-09	4.65e-08	5.90e-07	9.16e-06	1.20e-03	1.31e-02	7.01e-02	1.72e-01	2.47e-01	2.00e-01	1.24e-01	7.47e-02	8.51e-02	1.25e-02	6.65e-04
 2.28418e+22	0.00e+00	0.00e+00	8.32e-31	1.52e-26	4.29e-23	3.82e-20	1.46e-17	1.44e-15	8.70e-14	1.86e-12	2.99e-11	3.75e-10	5.26e-09	5.82e-08	7.13e-07	1.07e-05	1.37e-03	1.46e-02	7.60e-02	1.81e-01	2.52e-01	1.98e-01	1.19e-01	6.96e-02	7.76e-02	1.11e-02	5.70e-04
 2.30469e+22	0.00e+00	0.00e+00	1.73e-30	3.04e-26	8.27e-23	7.11e-20	2.61e-17	2.48e-15	1.44e-13	2.95e-12	4.54e-11	5.45e-10	7.31e-09	7.74e-08	9.08e-07	1.31e-05	1.63e-03	1.68e-02	8.43e-02	1.92e-01	2.57e-01	1.94e-01	1.12e-01	6.31e-02	6.84e-02	9.37e-03	4.64e-04
 2.32564e+22	0.00e+00	0.00e+00	3.22e-30	5.49e-26	1.45e-22	1.21e-19	4.29e-17	3.94e-15	2.20e-13	4.36e-12	6.46e-11	7.48e-10	9.66e-09	9.86e-08	1.11e-06	1.54e-05	1.88e-03	1.89e-02	9.17e-02	2.02e-01	2.61e-01	1.90e-01	1.07e-01	5.79e-02	6.13e-02	8.10e-03	3.88e-04
 2.34402e+22	0.00e+00	0.00e+00	5.76e-30	9.55e-26	2.45e-22	1.98e-19	6.84e-17	6.08e-15	3.29e-13	6.29e-12	9.00e-11	1.01e-09	1.25e-08	1.24e-07	1.35e-06	1.80e-05	2.14e-03	2.10e-02	9.90e-02	2.11e-01	2.64e-01	1.86e-01	1.01e-01	5.32e-02	5.50e-02	7.04e-03	3.27e-04
 2.36481e+22	0.00e+00	0.00e+00	1.19e-29	1.90e-25	4.71e-22	3.68e-19	1.22e-16	1.04e-14	5.41e-13	9.91e-12	1.36e-10	1.45e-09	1.73e-08	1.63e-07	1.70e-06	2.18e-05	2.52e-03	2.38e-02	1.09e-01	2.23e-01	2.67e-01	1.80e-01	9.40e-02	4.76e-02	4.79e-02	5.89e-03	2.62e-04
 2.38622e+22	0.00e+00	0.00e+00	2.26e-29	3.50e-25	8.38e-22	6.34e-19	2.03e-16	1.68e-14	8.39e-13	1.48e-11	1.95e-10	2.01e-09	2.30e-08	2.08e-07	2.08e-06	2.57e-05	2.89e-03	2.66e-02	1.17e-01	2.32e-01	2.68e-01	1.75e-01	8.79e-02	4.30e-02	4.23e-02	5.01e-03	2.15e-04
 2.40511e+22	0.00e+00	0.00e+00	4.14e-29	6.20e-25	1.44e-21	1.06e-18	3.28e-16	2.62e-14	1.26e-12	2.15e-11	2.73e-10	2.71e-09	2.99e-08	2.61e-07	2.52e-06	3.00e-05	3.29e-03	2.94e-02	1.26e-01	2.41e-01	2.68e-01	1.69e-01	8.23e-02	3.90e-02	3.75e-02	4.29e-03	1.78e-04
 2.42343e+22	0.00e+00	7.80e-34	7.54e-29	1.10e-24	2.47e-21	1.76e-18	5.28e-16	4.08e-14	1.90e-12	3.11e-11	3.82e-10	3.65e-09	3.88e-08	3.27e-07	3.03e-06	3.48e-05	3.73e-03	3.24e-02	1.35e-01	2.49e-01	2.68e-01	1.63e-01	7.68e-02	3.52e-02	3.31e-02	3.66e-03	1.47e-04
 2.44435e+22	0.00e+00	1.70e-33	1.58e-28	2.21e-24	4.80e-21	3.30e-18	9.50e-16	7.04e-14	3.14e-12	4.92e-11	5.77e-10	5.27e-09	5.36e-08	4.30e-07	3.81e-06	4.18e-05	4.34e-03	3.65e-02	1.46e-01	2.59e-01	2.67e-01	1.55e-01	7.03e-02	3.10e-02	2.83e-02	3.00e-03	1.16e-04
 2.46571e+22	0.00e+00	3.28e-33	2.94e-28	3.97e-24	8.37e-21	5.57e-18	1.55e-15	1.11e-13	4.78e-12	7.21e-11	8.13e-10	7.15e-09	6.99e-08	5.40e-07	4.60e-06	4.86e-05	4.91e-03	4.01e-02	1.56e-01	2.66e-01	2.64e-01	1.49e-01	6.50e-02	2.77e-02	2.47e-02	2.53e-03	9.40e-05
 2.48764e+22	0.00e+00	7.42e-33	6.35e-28	8.25e-24	1.67e-20	1.07e-17	2.85e-15	1.96e-13	8.04e-12	1.16e-10	1.24e-09	1.04e-08	9.72e-08	7.16e-07	5.81e-06	5.85e-05	5.71e-03	4.50e-02	1.68e-01	2.75e-01	2.61e-01	1.40e-01	5.87e-02	2.40e-02	2.08e-02	2.04e-03	7.24e-05
 2.50998e+22	0.00e+00	1.52e-32	1.25e-27	1.57e-23	3.07e-20	1.89e-17	4.87e-15	3.22e-13	1.27e-11	1.75e-10	1.81e-09	1.45e-08	1.30e-07	9.14e-07	7.10e-06	6.85e-05	6.50e-03	4.96e-02	1.79e-01	2.81e-01	2.57e-01	1.33e-01	5.35e-02	2.11e-02	1.78e-02	1.68e-03	5.74e-05
 2.52817e+22	0.00e+00	2.71e-32	2.16e-27	2.63e-23	5.00e-20	3.00e-17	7.49e-15	4.80e-13	1.83e-11	2.44e-10	2.43e-09	1.89e-08	1.63e-07	1.11e-06	8.34e-06	7.77e-05	7.20e-03	5.36e-02	1.88e-01	2.86e-01	2.53e-01	1.27e-01	4.95e-02	1.89e-02	1.57e-02	1.43e-03	4.74e-05
 2.54712e+22	0.00e+00	5.56e-32	4.27e-27	5.00e-23	9.18e-20	5.33e-17	1.28e-14	7.88e-13	2.88e-11	3.70e-10	3.53e-09	2.63e-08	2.17e-07	1.42e-06	1.02e-05	9.08e-05	8.17e-03	5.89e-02	1.99e-01	2.92e-01	2.47e-01	1.19e-01	4.47e-02	1.65e-02	1.34e-02	1.17e-03	3.73e-05
 2.56681e+22	0.00e+00	1.05e-31	7.77e-27	8.82e-23	1.57e-19	8.82e-17	2.05e-14	1.22e-12	4.30e-11	5.32e-10	4.89e-09	3.50e-08	2.78e-07	1.75e-06	1.21e-05	1.04e-04	9.10e-03	6.37e-02	2.09e-01	2.96e-01	2.42e-01	1.12e-01	4.09e-02	1.46e-02	1.16e-02	9.77e-04	3.01e-05
 2.58449e+22	0.00e+00	1.89e-31	1.35e-26	1.49e-22	2.57e-19	1.40e-16	3.16e-14	1.83e-12	6.23e-11	7.44e-10	6.60e-09	4.57e-08	3.51e-07	2.13e-06	1.42e-05	1.18e-04	1.00e-02	6.85e-02	2.18e-01	2.99e-01	2.36e-01	1.06e-01	3.75e-02	1.30e-02	1.01e-02	8.25e-04	2.46e-05
 2.60106e+22	0.00e+00	3.30e-31	2.29e-26	2.45e-22	4.12e-19	2.19e-16	4.79e-14	2.68e-12	8.85e-11	1.02e-09	8.78e-09	5.88e-08	4.36e-07	2.56e-06	1.65e-05	1.32e-04	1.10e-02	7.32e-02	2.27e-01	3.02e-01	2.31e-01	1.01e-01	3.44e-02	1.16e-02	8.83e-03	7.01e-04	2.02e-05
 2.61531e+22	0.00e+00	5.30e-31	3.58e-26	3.74e-22	6.13e-19	3.18e-16	6.78e-14	3.70e-12	1.19e-10	1.34e-09	1.12e-08	7.27e-08	5.23e-07	2.98e-06	1.86e-05	1.46e-04	1.19e-02	7.73e-02	2.35e-01	3.03e-01	2.26e-01	9.59e-02	3.20e-02	1.05e-02	7.89e-03	6.10e-04	1.72e-05
 2.62802e+22	0.00e+00	8.45e-31	5.56e-26	5.67e-22	9.07e-19	4.60e-16	9.57e-14	5.10e-12	1.59e-10	1.74e-09	1.41e-08	8.95e-08	6.27e-07	3.47e-06	2.11e-05	1.60e-04	1.28e-02	8.16e-02	2.42e-01	3.05e-01	2.21e-01	9.13e-02	2.97e-02	9.55e-03	7.05e-03	5.31e-04	1.45e-05
 2.64255e+22	0.00e+00	1.47e-30	9.37e-26	9.27e-22	1.44e-18	7.12e-16	1.44e-13	7.43e-12	2.25e-10	2.38e-09	1.87e-08	1.15e-07	7.75e-07	4.15e-06	2.44e-05	1.79e-04	1.39e-02	8.68e-02	2.50e-01	3.06e-01	2.14e-01	8.61e-02	2.72e-02	8.50e-03	6.15e-03	4.49e-04	1.19e-05
 2.65766e+22	0.00e+00	2.40e-30	1.49e-25	1.44e-21	2.18e-18	1.05e-15	2.06e-13	1.04e-11	3.06e-10	3.14e-09	2.40e-08	1.43e-07	9.36e-07	4.86e-06	2.77e-05	1.97e-04	1.50e-02	9.15e-02	2.58e-01	3.06e-01	2.09e-01	8.15e-02	2.51e-02	7.65e-03	5.45e-03	3.87e-04	1.00e-05
 2.67055e+22	0.00e+00	3.75e-30	2.27e-25	2.14e-21	3.16e-18	1.49e-15	2.86e-13	1.41e-11	4.03e-10	4.03e-09	3.00e-08	1.74e-07	1.11e-06	5.61e-06	3.11e-05	2.15e-04	1.61e-02	9.60e-02	2.65e-01	3.07e-01	2.03e-01	7.75e-02	2.33e-02	6.95e-03	4.87e-03	3.38e-04	8.51e-06
 2.68241e+22	0.00e+00	5.81e-30	3.43e-25	3.15e-21	4.56e-18	2.10e-15	3.95e-13	1.89e-11	5.29e-10	5.16e-09	3.73e-08	2.11e-07	1.31e-06	6.44e-06	3.47e-05	2.35e-04	1.72e-02	1.00e-01	2.71e-01	3.06e-01	1.98e-01	7.37e-02	2.17e-02	6.31e-03	4.36e-03	2.95e-04	7.25e-06
 2.69589e+22	0.00e+00	9.96e-30	5.69e-25	5.09e-21	7.16e-18	3.21e-15	5.86e-13	2.73e-11	7.38e-10	6.98e-09	4.89e-08	2.67e-07	1.61e-06	7.65e-06	3.98e-05	2.60e-04	1.86e-02	1.06e-01	2.79e-01	3.06e-01	1.91e-01	6.91e-02	1.98e-02	5.59e-03	3.80e-03	2.49e-04	5.95e-06
 2.70906e+22	0.00e+00	1.51e-29	8.41e-25	7.36e-21	1.01e-17	4.45e-15	7.94e-13	3.62e-11	9.54e-10	8.80e-09	6.01e-08	3.20e-07	1.88e-06	8.72e-06	4.43e-05	2.82e-04	1.98e-02	1.11e-01	2.85e-01	3.05e-01	1.86e-01	6.57e-02	1.84e-02	5.10e-03	3.42e-03	2.19e-04	5.10e-06
 2.72004e+22	0.00e+00	2.25e-29	1.23e-24	1.05e-20	1.42e-17	6.09e-15	1.06e-12	4.75e-11	1.22e-09	1.10e-08	7.35e-08	3.82e-07	2.19e-06	9.90e-06	4.90e-05	3.05e-04	2.09e-02	1.15e-01	2.91e-01	3.04e-01	1.81e-01	6.25e-02	1.71e-02	4.65e-03	3.08e-03	1.92e-04	4.39e-06
 2.73252e+22	0.00e+00	3.73e-29	1.97e-24	1.64e-20	2.15e-17	9.03e-15	1.54e-12	6.67e-11	1.67e-09	1.46e-08	9.44e-08	4.76e-07	2.64e-06	1.16e-05	5.56e-05	3.35e-04	2.25e-02	1.21e-01	2.98e-01	3.03e-01	1.75e-01	5.87e-02	1.56e-02	4.14e-03	2.70e-03	1.64e-04	3.63e-06
 2.74524e+22	0.00e+00	5.62e-29	2.90e-24	2.36e-20	3.03e-17	1.24e-14	2.07e-12	8.79e-11	2.15e-09	1.83e-08	1.16e-07	5.69e-07	3.08e-06	1.32e-05	6.16e-05	3.62e-04	2.38e-02	1.25e-01	3.03e-01	3.01e-01	1.70e-01	5.57e-02	1.45e-02	3.77e-03	2.42e-03	1.44e-04	3.11e-06
 2.75827e+22	0.00e+00	9.78e-29	4.89e-24	3.86e-20	4.80e-17	1.92e-14	3.10e-12	1.28e-10	3.01e-09	2.49e-08	1.52e-07	7.24e-07	3.79e-06	1.57e-05	7.06e-05	4.01e-04	2.57e-02	1.32e-01	3.10e-01	2.98e-01	1.63e-01	5.17e-02	1.31e-02	3.31e-03	2.08e-03	1.20e-04	2.51e-06
 2.77103e+22	0.00e+00	1.47e-28	7.15e-24	5.52e-20	6.71e-17	2.63e-14	4.16e-12	1.68e-10	3.86e-09	3.12e-08	1.86e-07	8.64e-07	4.41e-06	1.78e-05	7.81e-05	4.33e-04	2.72e-02	1.37e-01	3.15e-01	2.96e-01	1.58e-01	4.90e-02	1.22e-02	3.00e-03	1.87e-03	1.05e-04	2.15e-06
 2.78140e+22	0.00e+00	2.18e-28	1.04e-23	7.84e-20	9.33e-17	3.58e-14	5.55e-12	2.19e-10	4.92e-09	3.88e-08	2.26e-07	1.02e-06	5.10e-06	2.01e-05	8.60e-05	4.65e-04	2.86e-02	1.42e-01	3.20e-01	2.94e-01	1.53e-01	4.64e-02	1.13e-02	2.73e-03	1.68e-03	9.21e-05	1.85e-06
 2.79112e+22	0.00e+00	3.16e-28	1.47e-23	1.09e-19	1.27e-16	4.78e-14	7.26e-12	2.81e-10	6.18e-09	4.77e-08	2.71e-07	1.20e-06	5.85e-06	2.25e-05	9.41e-05	4.98e-04	3.00e-02	1.46e-01	3.25e-01	2.92e-01	1.48e-01	4.41e-02	1.05e-02	2.50e-03	1.52e-03	8.14e-05	1.60e-06
 2.80208e+22	0.00e+00	5.00e-28	2.27e-23	1.63e-19	1.85e-16	6.82e-14	1.01e-11	3.81e-10	8.17e-09	6.14e-08	3.40e-07	1.47e-06	6.93e-06	2.59e-05	1.05e-04	5.41e-04	3.19e-02	1.52e-01	3.30e-01	2.89e-01	1.43e-01	4.14e-02	9.62e-03	2.23e-03	1.34e-03	6.98e-05	1.33e-06
 2.81336e+22	0.00e+00	7.58e-28	3.34e-23	2.35e-19	2.61e-16	9.40e-14	1.36e-11	5.03e-10	1.05e-08	7.72e-08	4.17e-07	1.75e-06	8.08e-06	2.94e-05	1.16e-04	5.82e-04	3.36e-02	1.57e-01	3.34e-01	2.86e-01	1.38e-01	3.90e-02	8.87e-03	2.01e-03	1.19e-03	6.07e-05	1.13e-06
 2.82322e+22	0.00e+00	1.09e-27	4.69e-23	3.23e-19	3.51e-16	1.24e-13	1.77e-11	6.40e-10	1.31e-08	9.41e-08	4.97e-07	2.05e-06	9.22e-06	3.28e-05	1.27e-04	6.21e-04	3.52e-02	1.62e-01	3.38e-01	2.83e-01	1.33e-01	3.70e-02	8.26e-03	1.84e-03	1.08e-03	5.37e-05	9.81e-07
 2.83416e+22	0.00e+00	1.80e-27	7.52e-23	5.04e-19	5.31e-16	1.83e-13	2.54e-11	8.95e-10	1.78e-08	1.24e-07	6.36e-07	2.54e-06	1.11e-05	3.82e-05	1.43e-04	6.79e-04	3.75e-02	1.68e-01	3.43e-01	2.79e-01	1.27e-01	3.43e-02	7.47e-03	1.62e-03	9.32e-04	4.52e-05	8.02e-07
 2.84511e+22	0.00e+00	2.64e-27	1.08e-22	7.06e-19	7.28e-16	2.46e-13	3.35e-11	1.16e-09	2.24e-08	1.53e-07	7.67e-07	3.00e-06	1.28e-05	4.29e-05	1.57e-04	7.27e-04	3.93e-02	1.73e-01	3.47e-01	2.75e-01	1.23e-01	3.24e-02	6.91e-03	1.47e-03	8.36e-04	3.96e-05	6.87e-07
 2.85608e+22	0.00e+00	4.33e-27	1.71e-22	1.09e-18	1.09e-15	3.60e-13	4.77e-11	1.61e-09	3.03e-08	2.01e-07	9.77e-07	3.70e-06	1.53e-05	4.99e-05	1.76e-04	7.92e-04	4.17e-02	1.80e-01	3.51e-01	2.71e-01	1.17e-01	3.01e-02	6.25e-03	1.30e-03	7.25e-04	3.34e-05	5.62e-07
 2.86727e+22	0.00e+00	6.57e-27	2.53e-22	1.57e-18	1.53e-15	4.95e-13	6.42e-11	2.12e-09	3.89e-08	2.52e-07	1.20e-06	4.42e-06	1.78e-05	5.65e-05	1.95e-04	8.52e-04	4.39e-02	1.85e-01	3.55e-01	2.67e-01	1.12e-01	2.82e-02	5.73e-03	1.16e-03	6.42e-04	2.88e-05	4.74e-07
 2.87680e+22	0.00e+00	9.41e-27	3.54e-22	2.15e-18	2.06e-15	6.52e-13	8.31e-11	2.69e-09	4.83e-08	3.07e-07	1.43e-06	5.16e-06	2.03e-05	6.30e-05	2.12e-04	9.07e-04	4.58e-02	1.90e-01	3.58e-01	2.63e-01	1.08e-01	2.66e-02	5.32e-03	1.06e-03	5.78e-04	2.54e-05	4.09e-07
 2.88726e+22	0.00e+00	1.58e-26	5.76e-22	3.39e-18	3.14e-15	9.69e-13	1.20e-10	3.79e-09	6.61e-08	4.08e-07	1.84e-06	6.44e-06	2.45e-05	7.37e-05	2.39e-04	9.91e-04	4.86e-02	1.97e-01	3.62e-01	2.58e-01	1.03e-01	2.45e-02	4.76e-03	9.25e-04	4.96e-04	2.11e-05	3.29e-07
 2.89757e+22	0.00e+00	2.25e-26	8.00e-22	4.60e-18	4.18e-15	1.27e-12	1.54e-10	4.78e-09	8.17e-08	4.94e-07	2.18e-06	7.48e-06	2.79e-05	8.19e-05	2.60e-04	1.05e-03	5.06e-02	2.02e-01	3.64e-01	2.55e-01	9.89e-02	2.32e-02	4.42e-03	8.42e-04	4.46e-04	1.86e-05	2.84e-07
 2.90767e+22	0.00e+00	3.70e-26	1.27e-21	7.10e-18	6.26e-15	1.85e-12	2.20e-10	6.64e-09	1.10e-07	6.49e-07	2.78e-06	9.26e-06	3.34e-05	9.51e-05	2.92e-04	1.15e-03	5.36e-02	2.08e-01	3.67e-01	2.49e-01	9.37e-02	2.13e-02	3.96e-03	7.36e-04	3.84e-04	1.55e-05	2.30e-07
 2.91762e+22	0.00e+00	5.19e-26	1.75e-21	9.54e-18	8.23e-15	2.39e-12	2.80e-10	8.31e-09	1.35e-07	7.81e-07	3.28e-06	1.07e-05	3.78e-05	1.05e-04	3.16e-04	1.22e-03	5.57e-02	2.13e-01	3.69e-01	2.45e-01	9.03e-02	2.02e-02	3.68e-03	6.72e-04	3.47e-04	1.37e-05	1.99e-07
 2.92737e+22	0.00e+00	8.55e-26	2.78e-21	1.47e-17	1.23e-14	3.48e-12	3.98e-10	1.15e-08	1.83e-07	1.03e-06	4.18e-06	1.32e-05	4.53e-05	1.22e-04	3.55e-04	1.32e-03	5.88e-02	2.20e-01	3.72e-01	2.40e-01	8.53e-02	1.85e-02	3.29e-03	5.86e-04	2.97e-04	1.14e-05	1.61e-07
 2.93706e+22	0.00e+00	1.20e-25	3.81e-21	1.97e-17	1.62e-14	4.50e-12	5.06e-10	1.44e-08	2.24e-07	1.23e-06	4.94e-06	1.53e-05	5.13e-05	1.35e-04	3.85e-04	1.40e-03	6.11e-02	2.24e-01	3.74e-01	2.36e-01	8.20e-02	1.75e-02	3.05e-03	5.33e-04	2.68e-04	1.01e-05	1.39e-07
 2.94666e+22	0.00e+00	1.96e-25	6.02e-21	3.02e-17	2.40e-14	6.51e-12	7.16e-10	2.00e-08	3.01e-07	1.62e-06	6.28e-06	1.89e-05	6.14e-05	1.57e-04	4.32e-04	1.52e-03	6.44e-02	2.31e-01	3.76e-01	2.30e-01	7.73e-02	1.60e-02	2.73e-03	4.64e-04	2.29e-04	8.35e-06	0.00e+00
 2.95634e+22	0.00e+00	2.80e-25	8.38e-21	4.11e-17	3.19e-14	8.51e-12	9.21e-10	2.53e-08	3.73e-07	1.97e-06	7.48e-06	2.20e-05	7.00e-05	1.75e-04	4.69e-04	1.62e-03	6.69e-02	2.36e-01	3.77e-01	2.25e-01	7.41e-02	1.50e-02	2.51e-03	4.19e-04	2.05e-04	7.28e-06	0.00e+00
 2.96611e+22	0.00e+00	4.60e-25	1.33e-20	6.31e-17	4.74e-14	1.23e-11	1.31e-09	3.51e-08	5.04e-07	2.59e-06	9.55e-06	2.73e-05	8.40e-05	2.03e-04	5.27e-04	1.76e-03	7.05e-02	2.43e-01	3.79e-01	2.19e-01	6.96e-02	1.37e-02	2.23e-03	3.63e-04	1.74e-04	6.01e-06	0.00e+00
 2.97598e+22	0.00e+00	6.66e-25	1.88e-20	8.68e-17	6.37e-14	1.63e-11	1.70e-09	4.48e-08	6.31e-07	3.17e-06	1.15e-05	3.21e-05	9.63e-05	2.27e-04	5.75e-04	1.87e-03	7.34e-02	2.48e-01	3.80e-01	2.15e-01	6.64e-02	1.28e-02	2.04e-03	3.26e-04	1.54e-04	5.19e-06	0.00e+00
 2.98599e+22	0.00e+00	1.08e-24	2.95e-20	1.32e-16	9.37e-14	2.34e-11	2.39e-09	6.19e-08	8.47e-07	4.15e-06	1.46e-05	3.96e-05	1.15e-04	2.64e-04	6.45e-04	2.03e-03	7.72e-02	2.54e-01	3.81e-01	2.08e-01	6.23e-02	1.17e-02	1.81e-03	2.82e-04	1.31e-04	4.28e-06	0.00e+00
 2.99592e+22	0.00e+00	1.57e-24	4.14e-20	1.81e-16	1.26e-13	3.08e-11	3.10e-09	7.90e-08	1.06e-06	5.10e-06	1.75e-05	4.66e-05	1.32e-04	2.95e-04	7.04e-04	2.17e-03	8.02e-02	2.60e-01	3.81e-01	2.04e-01	5.92e-02	1.09e-02	1.66e-03	2.52e-04	1.16e-04	3.68e-06	0.00e+00
 3.00575e+22	0.00e+00	2.53e-24	6.46e-20	2.73e-16	1.83e-13	4.40e-11	4.34e-09	1.09e-07	1.42e-06	6.67e-06	2.23e-05	5.75e-05	1.58e-04	3.42e-04	7.89e-04	2.35e-03	8.43e-02	2.66e-01	3.81e-01	1.97e-01	5.54e-02	9.87e-03	1.47e-03	2.18e-04	9.84e-05	3.02e-06	0.00e+00
 3.01570e+22	0.00e+00	3.68e-24	9.13e-20	3.76e-16	2.46e-13	5.80e-11	5.65e-09	1.40e-07	1.79e-06	8.23e-06	2.69e-05	6.79e-05	1.82e-04	3.84e-04	8.63e-04	2.51e-03	8.77e-02	2.71e-01	3.81e-01	1.92e-01	5.25e-02	9.14e-03	1.33e-03	1.94e-04	8.64e-05	2.59e-06	0.00e+00
 3.02580e+22	0.00e+00	5.99e-24	1.43e-19	5.68e-16	3.61e-13	8.30e-11	7.95e-09	1.93e-07	2.41e-06	1.08e-05	3.44e-05	8.42e-05	2.19e-04	4.47e-04	9.70e-04	2.73e-03	9.22e-02	2.78e-01	3.81e-01	1.86e-01	4.89e-02	8.26e-03	1.17e-03	1.66e-04	7.27e-05	2.10e-06	0.00e+00
 3.03605e+22	0.00e+00	8.75e-24	2.03e-19	7.84e-16	4.85e-13	1.10e-10	1.04e-08	2.49e-07	3.05e-06	1.34e-05	4.17e-05	9.98e-05	2.53e-04	5.03e-04	1.06e-03	2.92e-03	9.59e-02	2.83e-01	3.81e-01	1.80e-01	4.62e-02	7.62e-03	1.06e-03	1.47e-04	6.34e-05	1.78e-06	0.00e+00
 3.04647e+22	0.00e+00	1.43e-23	3.18e-19	1.19e-15	7.11e-13	1.57e-10	1.47e-08	3.46e-07	4.13e-06	1.78e-05	5.36e-05	1.25e-04	3.05e-04	5.87e-04	1.20e-03	3.18e-03	1.01e-01	2.90e-01	3.80e-01	1.74e-01	4.28e-02	6.85e-03	9.26e-04	1.25e-04	5.29e-05	1.43e-06	0.00e+00
 3.05694e+22	0.00e+00	2.07e-23	4.47e-19	1.62e-15	9.48e-13	2.07e-10	1.90e-08	4.45e-07	5.20e-06	2.20e-05	6.49e-05	1.47e-04	3.52e-04	6.60e-04	1.31e-03	3.40e-03	1.05e-01	2.95e-01	3.78e-01	1.68e-01	4.03e-02	6.30e-03	8.35e-04	1.10e-04	4.60e-05	1.21e-06	0.00e+00
 3.06746e+22	0.00e+00	3.33e-23	6.94e-19	2.43e-15	1.37e-12	2.93e-10	2.67e-08	6.16e-07	7.04e-06	2.90e-05	8.34e-05	1.84e-04	4.25e-04	7.71e-04	1.48e-03	3.70e-03	1.10e-01	3.01e-01	3.77e-01	1.62e-01	3.72e-02	5.64e-03	7.27e-04	9.32e-05	3.82e-05	9.72e-07	0.00e+00
 3.07773e+22	0.00e+00	4.65e-23	9.42e-19	3.22e-15	1.78e-12	3.75e-10	3.38e-08	7.74e-07	8.69e-06	3.53e-05	9.94e-05	2.14e-04	4.84e-04	8.58e-04	1.61e-03	3.93e-03	1.14e-01	3.06e-01	3.75e-01	1.57e-01	3.51e-02	5.21e-03	6.59e-04	8.28e-05	3.35e-05	8.30e-07	0.00e+00
 3.08768e+22	0.00e+00	7.15e-23	1.40e-18	4.62e-15	2.48e-12	5.13e-10	4.59e-08	1.04e-06	1.14e-05	4.55e-05	1.25e-04	2.62e-04	5.75e-04	9.88e-04	1.79e-03	4.26e-03	1.19e-01	3.11e-01	3.73e-01	1.51e-01	3.25e-02	4.69e-03	5.78e-04	7.09e-05	2.82e-05	6.74e-07	0.00e+00
 3.09783e+22	0.00e+00	1.00e-22	1.90e-18	6.14e-15	3.22e-12	6.58e-10	5.84e-08	1.32e-06	1.42e-05	5.56e-05	1.50e-04	3.07e-04	6.58e-04	1.11e-03	1.95e-03	4.54e-03	1.23e-01	3.16e-01	3.71e-01	1.46e-01	3.05e-02	4.30e-03	5.21e-04	6.25e-05	2.45e-05	5.70e-07	0.00e+00
 3.10824e+22	0.00e+00	1.54e-22	2.81e-18	8.77e-15	4.47e-12	8.99e-10	7.93e-08	1.77e-06	1.88e-05	7.19e-05	1.89e-04	3.77e-04	7.83e-04	1.27e-03	2.18e-03	4.92e-03	1.29e-01	3.21e-01	3.67e-01	1.40e-01	2.81e-02	3.85e-03	4.54e-04	5.32e-05	2.04e-05	4.59e-07	0.00e+00
 3.11880e+22	0.00e+00	2.13e-22	3.79e-18	1.15e-14	5.75e-12	1.14e-09	1.00e-07	2.23e-06	2.33e-05	8.78e-05	2.26e-04	4.42e-04	8.95e-04	1.42e-03	2.38e-03	5.24e-03	1.34e-01	3.26e-01	3.65e-01	1.35e-01	2.64e-02	3.53e-03	4.08e-04	4.68e-05	1.77e-05	3.87e-07	0.00e+00
 3.12959e+22	2.51e-34	3.25e-22	5.56e-18	1.64e-14	7.93e-12	1.55e-09	1.36e-07	3.01e-06	3.07e-05	1.14e-04	2.85e-04	5.42e-04	1.06e-03	1.64e-03	2.66e-03	5.68e-03	1.40e-01	3.31e-01	3.61e-01	1.29e-01	2.42e-02	3.14e-03	3.54e-04	3.96e-05	1.47e-05	3.10e-07	0.00e+00
 3.14055e+22	3.63e-34	4.46e-22	7.43e-18	2.14e-14	1.01e-11	1.96e-09	1.71e-07	3.77e-06	3.79e-05	1.38e-04	3.40e-04	6.33e-04	1.22e-03	1.83e-03	2.89e-03	6.05e-03	1.45e-01	3.35e-01	3.57e-01	1.24e-01	2.26e-02	2.87e-03	3.18e-04	3.48e-05	1.27e-05	2.61e-07	0.00e+00
 3.15176e+22	5.83e-34	6.71e-22	1.08e-17	3.00e-14	1.38e-11	2.65e-09	2.31e-07	5.07e-06	4.99e-05	1.79e-04	4.28e-04	7.75e-04	1.44e-03	2.11e-03	3.23e-03	6.56e-03	1.51e-01	3.40e-01	3.53e-01	1.18e-01	2.07e-02	2.55e-03	2.75e-04	2.94e-05	1.05e-05	2.08e-07	0.00e+00
 3.16325e+22	8.42e-34	9.21e-22	1.44e-17	3.90e-14	1.77e-11	3.35e-09	2.91e-07	6.37e-06	6.18e-05	2.18e-04	5.11e-04	9.07e-04	1.65e-03	2.36e-03	3.51e-03	6.99e-03	1.57e-01	3.44e-01	3.49e-01	1.13e-01	1.93e-02	2.32e-03	2.45e-04	2.57e-05	9.07e-06	1.74e-07	0.00e+00
 3.17511e+22	1.34e-33	1.38e-21	2.07e-17	5.45e-14	2.40e-11	4.50e-09	3.91e-07	8.55e-06	8.14e-05	2.81e-04	6.44e-04	1.11e-03	1.96e-03	2.72e-03	3.92e-03	7.59e-03	1.64e-01	3.48e-01	3.43e-01	1.07e-01	1.76e-02	2.05e-03	2.11e-04	2.15e-05	7.45e-06	1.38e-07	0.00e+00
 3.18696e+22	1.91e-33	1.86e-21	2.72e-17	6.99e-14	3.02e-11	5.61e-09	4.88e-07	1.07e-05	9.99e-05	3.40e-04	7.64e-04	1.29e-03	2.23e-03	3.02e-03	4.26e-03	8.06e-03	1.69e-01	3.51e-01	3.38e-01	1.03e-01	1.64e-02	1.86e-03	1.88e-04	1.89e-05	6.43e-06	0.00e+00	0.00e+00
 3.19880e+22	2.96e-33	2.72e-21	3.84e-17	9.57e-14	4.04e-11	7.43e-09	6.47e-07	1.41e-05	1.30e-04	4.35e-04	9.54e-04	1.57e-03	2.62e-03	3.46e-03	4.73e-03	8.72e-03	1.77e-01	3.55e-01	3.32e-01	9.72e-02	1.49e-02	1.65e-03	1.62e-04	1.59e-05	5.29e-06	0.00e+00	0.00e+00
 3.21089e+22	4.17e-33	3.64e-21	5.01e-17	1.22e-13	5.06e-11	9.24e-09	8.05e-07	1.76e-05	1.59e-04	5.26e-04	1.13e-03	1.82e-03	2.97e-03	3.83e-03	5.13e-03	9.26e-03	1.82e-01	3.58e-01	3.27e-01	9.30e-02	1.38e-02	1.49e-03	1.45e-04	1.39e-05	4.56e-06	0.00e+00	0.00e+00
 3.22332e+22	6.46e-33	5.29e-21	7.04e-17	1.67e-13	6.75e-11	1.22e-08	1.07e-06	2.33e-05	2.08e-04	6.73e-04	1.41e-03	2.21e-03	3.50e-03	4.39e-03	5.69e-03	1.00e-02	1.90e-01	3.61e-01	3.20e-01	8.76e-02	1.25e-02	1.31e-03	1.24e-04	1.16e-05	3.73e-06	0.00e+00	0.00e+00
 3.23536e+22	8.70e-33	6.84e-21	8.89e-17	2.06e-13	8.22e-11	1.48e-08	1.29e-06	2.82e-05	2.48e-04	7.93e-04	1.63e-03	2.51e-03	3.91e-03	4.80e-03	6.10e-03	1.06e-02	1.95e-01	3.62e-01	3.15e-01	8.41e-02	1.17e-02	1.20e-03	1.12e-04	1.03e-05	3.26e-06	0.00e+00	0.00e+00
 3.24690e+22	1.28e-32	9.51e-21	1.20e-16	2.71e-13	1.06e-10	1.89e-08	1.66e-06	3.63e-05	3.14e-04	9.87e-04	1.99e-03	2.98e-03	4.51e-03	5.40e-03	6.69e-03	1.13e-02	2.02e-01	3.64e-01	3.07e-01	7.95e-02	1.07e-02	1.07e-03	9.68e-05	8.71e-06	2.72e-06	0.00e+00	0.00e+00
 3.25876e+22	1.74e-32	1.24e-20	1.52e-16	3.37e-13	1.30e-10	2.30e-08	2.03e-06	4.43e-05	3.77e-04	1.17e-03	2.32e-03	3.41e-03	5.05e-03	5.92e-03	7.19e-03	1.20e-02	2.08e-01	3.66e-01	3.02e-01	7.59e-02	9.92e-03	9.72e-04	8.65e-05	7.66e-06	2.35e-06	0.00e+00	0.00e+00
 3.27104e+22	2.57e-32	1.73e-20	2.06e-16	4.44e-13	1.68e-10	2.96e-08	2.63e-06	5.74e-05	4.81e-04	1.47e-03	2.83e-03	4.07e-03	5.86e-03	6.69e-03	7.90e-03	1.28e-02	2.16e-01	3.67e-01	2.94e-01	7.13e-02	8.98e-03	8.55e-04	7.44e-05	6.43e-06	1.94e-06	0.00e+00	0.00e+00
 3.28347e+22	3.46e-32	2.23e-20	2.60e-16	5.50e-13	2.05e-10	3.59e-08	3.19e-06	6.98e-05	5.76e-04	1.73e-03	3.29e-03	4.63e-03	6.53e-03	7.31e-03	8.46e-03	1.35e-02	2.21e-01	3.68e-01	2.88e-01	6.81e-02	8.34e-03	7.77e-04	6.65e-05	5.66e-06	1.68e-06	0.00e+00	0.00e+00
 3.29610e+22	5.07e-32	3.09e-20	3.50e-16	7.22e-13	2.64e-10	4.59e-08	4.11e-06	8.99e-05	7.28e-04	2.16e-03	3.99e-03	5.48e-03	7.52e-03	8.20e-03	9.25e-03	1.45e-02	2.29e-01	3.68e-01	2.79e-01	6.38e-02	7.54e-03	6.84e-04	5.72e-05	4.76e-06	1.39e-06	0.00e+00	0.00e+00
 3.30863e+22	6.73e-32	3.94e-20	4.36e-16	8.83e-13	3.18e-10	5.51e-08	4.96e-06	1.08e-04	8.67e-04	2.53e-03	4.61e-03	6.21e-03	8.34e-03	8.93e-03	9.88e-03	1.52e-02	2.34e-01	3.68e-01	2.73e-01	6.07e-02	6.99e-03	6.21e-04	5.11e-05	4.18e-06	1.20e-06	0.00e+00	0.00e+00
 3.32102e+22	9.67e-32	5.37e-20	5.77e-16	1.14e-12	4.04e-10	6.97e-08	6.32e-06	1.38e-04	1.09e-03	3.12e-03	5.56e-03	7.30e-03	9.55e-03	9.96e-03	1.07e-02	1.62e-02	2.41e-01	3.67e-01	2.64e-01	5.68e-02	6.31e-03	5.46e-04	4.39e-05	3.52e-06	9.91e-07	0.00e+00	0.00e+00
 3.33354e+22	1.27e-31	6.81e-20	7.16e-16	1.39e-12	4.87e-10	8.35e-08	7.58e-06	1.66e-04	1.29e-03	3.65e-03	6.37e-03	8.21e-03	1.05e-02	1.08e-02	1.14e-02	1.69e-02	2.47e-01	3.66e-01	2.57e-01	5.40e-02	5.85e-03	4.96e-04	3.92e-05	3.09e-06	8.61e-07	0.00e+00	0.00e+00
 3.34622e+22	1.82e-31	9.23e-20	9.43e-16	1.79e-12	6.16e-10	1.05e-07	9.63e-06	2.11e-04	1.61e-03	4.48e-03	7.65e-03	9.61e-03	1.20e-02	1.20e-02	1.24e-02	1.80e-02	2.53e-01	3.64e-01	2.48e-01	5.04e-02	5.26e-03	4.35e-04	3.36e-05	2.60e-06	7.09e-07	0.00e+00	0.00e+00
 3.35914e+22	2.40e-31	1.17e-19	1.17e-15	2.19e-12	7.43e-10	1.26e-07	1.16e-05	2.54e-04	1.90e-03	5.24e-03	8.78e-03	1.08e-02	1.32e-02	1.30e-02	1.31e-02	1.88e-02	2.58e-01	3.62e-01	2.41e-01	4.77e-02	4.86e-03	3.93e-04	2.99e-05	2.27e-06	6.12e-07	0.00e+00	0.00e+00
 3.37239e+22	3.43e-31	1.59e-19	1.55e-15	2.82e-12	9.42e-10	1.59e-07	1.48e-05	3.24e-04	2.38e-03	6.43e-03	1.05e-02	1.26e-02	1.51e-02	1.44e-02	1.42e-02	2.00e-02	2.65e-01	3.59e-01	2.32e-01	4.42e-02	4.34e-03	3.43e-04	2.55e-05	1.89e-06	5.00e-07	0.00e+00	0.00e+00
 3.38587e+22	1.81e-31	2.03e-19	1.93e-15	3.45e-12	1.14e-09	1.92e-07	1.78e-05	3.90e-04	2.82e-03	7.51e-03	1.21e-02	1.42e-02	1.66e-02	1.55e-02	1.51e-02	2.08e-02	2.69e-01	3.56e-01	2.24e-01	4.17e-02	3.99e-03	3.08e-04	2.25e-05	1.65e-06	4.29e-07	0.00e+00	0.00e+00
 3.39967e+22	2.58e-31	2.75e-19	2.54e-15	4.45e-12	1.45e-09	2.42e-07	2.27e-05	4.97e-04	3.53e-03	9.21e-03	1.44e-02	1.66e-02	1.88e-02	1.72e-02	1.62e-02	2.20e-02	2.75e-01	3.51e-01	2.14e-01	3.84e-02	3.54e-03	2.66e-04	1.90e-05	1.36e-06	3.48e-07	0.00e+00	0.00e+00
 3.41373e+22	3.42e-31	3.51e-19	3.17e-15	5.46e-12	1.75e-09	2.92e-07	2.74e-05	5.99e-04	4.18e-03	1.08e-02	1.65e-02	1.86e-02	2.06e-02	1.85e-02	1.71e-02	2.29e-02	2.78e-01	3.46e-01	2.06e-01	3.60e-02	3.23e-03	2.38e-04	1.67e-05	1.18e-06	2.97e-07	0.00e+00	0.00e+00
 3.42813e+22	4.90e-31	4.77e-19	4.20e-15	7.06e-12	2.23e-09	3.70e-07	3.49e-05	7.63e-04	5.22e-03	1.32e-02	1.97e-02	2.16e-02	2.33e-02	2.03e-02	1.84e-02	2.41e-02	2.83e-01	3.40e-01	1.95e-01	3.29e-02	2.85e-03	2.05e-04	1.40e-05	9.68e-07	2.39e-07	0.00e+00	0.00e+00
 3.44220e+22	6.35e-31	5.98e-19	5.16e-15	8.53e-12	2.66e-09	4.39e-07	4.15e-05	9.02e-04	6.07e-03	1.51e-02	2.22e-02	2.38e-02	2.53e-02	2.16e-02	1.92e-02	2.48e-02	2.85e-01	3.34e-01	1.88e-01	3.09e-02	2.62e-03	1.84e-04	1.25e-05	8.46e-07	2.06e-07	0.00e+00	0.00e+00
 3.45584e+22	8.81e-31	7.91e-19	6.64e-15	1.08e-11	3.31e-09	5.45e-07	5.19e-05	1.13e-03	7.44e-03	1.82e-02	2.61e-02	2.73e-02	2.81e-02	2.35e-02	2.04e-02	2.59e-02	2.88e-01	3.26e-01	1.77e-01	2.82e-02	2.31e-03	1.58e-04	1.05e-05	6.97e-07	1.67e-07	0.00e+00	0.00e+00
 3.46971e+22	1.14e-30	9.92e-19	8.17e-15	1.30e-11	3.96e-09	6.47e-07	6.16e-05	1.33e-03	8.64e-03	2.08e-02	2.93e-02	3.00e-02	3.04e-02	2.50e-02	2.13e-02	2.66e-02	2.89e-01	3.20e-01	1.70e-01	2.63e-02	2.11e-03	1.42e-04	9.24e-06	6.06e-07	1.43e-07	0.00e+00	0.00e+00
 3.48386e+22	1.59e-30	1.31e-18	1.05e-14	1.65e-11	4.94e-09	8.02e-07	7.68e-05	1.65e-03	1.05e-02	2.48e-02	3.41e-02	3.41e-02	3.36e-02	2.69e-02	2.24e-02	2.76e-02	2.89e-01	3.10e-01	1.59e-01	2.39e-02	1.85e-03	1.22e-04	7.75e-06	4.98e-07	0.00e+00	0.00e+00	0.00e+00
 3.49845e+22	2.08e-30	1.66e-18	1.30e-14	2.00e-11	5.93e-09	9.58e-07	9.19e-05	1.97e-03	1.23e-02	2.86e-02	3.85e-02	3.76e-02	3.63e-02	2.85e-02	2.33e-02	2.83e-02	2.89e-01	3.01e-01	1.51e-01	2.20e-02	1.66e-03	1.07e-04	6.70e-06	4.23e-07	0.00e+00	0.00e+00	0.00e+00
 3.51362e+22	2.91e-30	2.22e-18	1.70e-14	2.56e-11	7.45e-09	1.19e-06	1.15e-04	2.45e-03	1.49e-02	3.39e-02	4.46e-02	4.24e-02	3.99e-02	3.06e-02	2.44e-02	2.90e-02	2.87e-01	2.89e-01	1.40e-01	1.98e-02	1.45e-03	9.07e-05	5.56e-06	3.44e-07	0.00e+00	0.00e+00	0.00e+00
 3.52929e+22	3.85e-30	2.83e-18	2.12e-14	3.13e-11	9.02e-09	1.44e-06	1.38e-04	2.93e-03	1.75e-02	3.92e-02	5.04e-02	4.68e-02	4.30e-02	3.22e-02	2.52e-02	2.96e-02	2.84e-01	2.78e-01	1.31e-01	1.80e-02	1.28e-03	7.85e-05	4.73e-06	2.88e-07	0.00e+00	0.00e+00	0.00e+00
 3.54562e+22	5.47e-30	3.83e-18	2.79e-14	4.03e-11	1.14e-08	1.80e-06	1.73e-04	3.65e-03	2.13e-02	4.64e-02	5.81e-02	5.25e-02	4.68e-02	3.43e-02	2.62e-02	3.01e-02	2.79e-01	2.64e-01	1.20e-01	1.59e-02	1.09e-03	6.54e-05	3.85e-06	2.29e-07	0.00e+00	0.00e+00	0.00e+00
 3.56239e+22	7.30e-30	4.91e-18	3.49e-14	4.95e-11	1.38e-08	2.17e-06	2.09e-04	4.36e-03	2.49e-02	5.34e-02	6.52e-02	5.75e-02	5.01e-02	3.59e-02	2.68e-02	3.04e-02	2.74e-01	2.51e-01	1.11e-01	1.43e-02	9.52e-04	5.58e-05	3.22e-06	1.88e-07	0.00e+00	0.00e+00	0.00e+00
 3.57976e+22	1.04e-29	6.67e-18	4.62e-14	6.40e-11	1.76e-08	2.72e-06	2.62e-04	5.42e-03	3.01e-02	6.29e-02	7.47e-02	6.40e-02	5.41e-02	3.77e-02	2.75e-02	3.05e-02	2.65e-01	2.34e-01	1.00e-01	1.24e-02	7.98e-04	4.55e-05	2.57e-06	1.47e-07	0.00e+00	0.00e+00	0.00e+00
 3.59771e+22	1.41e-29	8.61e-18	5.82e-14	7.90e-11	2.14e-08	3.29e-06	3.16e-04	6.47e-03	3.52e-02	7.19e-02	8.34e-02	6.95e-02	5.74e-02	3.90e-02	2.78e-02	3.04e-02	2.57e-01	2.19e-01	9.09e-02	1.09e-02	6.82e-04	3.80e-05	2.10e-06	1.18e-07	0.00e+00	0.00e+00	0.00e+00
 3.61643e+22	2.03e-29	1.18e-17	7.73e-14	1.02e-10	2.72e-08	4.14e-06	3.96e-04	8.01e-03	4.23e-02	8.42e-02	9.46e-02	7.64e-02	6.11e-02	4.04e-02	2.81e-02	3.00e-02	2.44e-01	2.01e-01	8.00e-02	9.23e-03	5.57e-04	3.02e-05	1.63e-06	0.00e+00	0.00e+00	0.00e+00	0.00e+00
 3.63560e+22	2.73e-29	1.52e-17	9.72e-14	1.26e-10	3.31e-08	4.97e-06	4.75e-04	9.51e-03	4.89e-02	9.53e-02	1.04e-01	8.21e-02	6.40e-02	4.13e-02	2.80e-02	2.95e-02	2.32e-01	1.85e-01	7.13e-02	7.96e-03	4.66e-04	2.47e-05	1.30e-06	0.00e+00	0.00e+00	0.00e+00	0.00e+00
 3.65277e+22	3.65e-29	1.94e-17	1.22e-13	1.55e-10	3.99e-08	5.93e-06	5.64e-04	1.11e-02	5.59e-02	1.07e-01	1.14e-01	8.72e-02	6.63e-02	4.18e-02	2.78e-02	2.87e-02	2.20e-01	1.69e-01	6.34e-02	6.88e-03	3.92e-04	2.03e-05	1.05e-06	0.00e+00	0.00e+00	0.00e+00	0.00e+00
 3.67250e+22	5.20e-29	2.62e-17	1.59e-13	1.97e-10	4.99e-08	7.34e-06	6.97e-04	1.36e-02	6.62e-02	1.22e-01	1.26e-01	9.36e-02	6.89e-02	4.21e-02	2.72e-02	2.76e-02	2.03e-01	1.49e-01	5.36e-02	5.57e-03	3.05e-04	1.53e-05	7.73e-07	0.00e+00	0.00e+00	0.00e+00	0.00e+00
 3.69236e+22	6.86e-29	3.31e-17	1.96e-13	2.39e-10	5.95e-08	8.65e-06	8.16e-04	1.57e-02	7.45e-02	1.35e-01	1.36e-01	9.79e-02	7.03e-02	4.20e-02	2.65e-02	2.65e-02	1.89e-01	1.35e-01	4.70e-02	4.73e-03	2.52e-04	1.24e-05	6.13e-07	0.00e+00	0.00e+00	0.00e+00	0.00e+00
 3.71238e+22	9.61e-29	4.39e-17	2.52e-13	2.99e-10	7.32e-08	1.05e-05	9.90e-04	1.88e-02	8.61e-02	1.51e-01	1.47e-01	1.03e-01	7.14e-02	4.14e-02	2.54e-02	2.48e-02	1.70e-01	1.16e-01	3.89e-02	3.76e-03	1.93e-04	9.22e-06	4.44e-07	0.00e+00	0.00e+00	0.00e+00	0.00e+00
 3.73282e+22	1.26e-28	5.48e-17	3.07e-13	3.58e-10	8.63e-08	1.23e-05	1.15e-03	2.15e-02	9.61e-02	1.65e-01	1.56e-01	1.06e-01	7.17e-02	4.05e-02	2.43e-02	2.34e-02	1.55e-01	1.03e-01	3.32e-02	3.10e-03	1.54e-04	7.20e-06	3.40e-07	0.00e+00	0.00e+00	0.00e+00	0.00e+00
 3.75381e+22	1.74e-28	7.20e-17	3.91e-13	4.44e-10	1.05e-07	1.48e-05	1.38e-03	2.53e-02	1.09e-01	1.82e-01	1.66e-01	1.09e-01	7.12e-02	3.90e-02	2.28e-02	2.15e-02	1.37e-01	8.62e-02	2.67e-02	2.39e-03	1.15e-04	5.18e-06	2.38e-07	0.00e+00	0.00e+00	0.00e+00	0.00e+00
 3.77512e+22	2.25e-28	8.90e-17	4.71e-13	5.24e-10	1.22e-07	1.70e-05	1.58e-03	2.87e-02	1.20e-01	1.96e-01	1.74e-01	1.10e-01	7.02e-02	3.75e-02	2.14e-02	1.98e-02	1.22e-01	7.43e-02	2.22e-02	1.92e-03	8.93e-05	3.94e-06	1.77e-07	0.00e+00	0.00e+00	0.00e+00	0.00e+00
 3.79685e+22	3.07e-28	1.15e-16	5.88e-13	6.38e-10	1.47e-07	2.02e-05	1.87e-03	3.34e-02	1.35e-01	2.12e-01	1.82e-01	1.11e-01	6.82e-02	3.53e-02	1.95e-02	1.77e-02	1.04e-01	6.06e-02	1.73e-02	1.43e-03	6.38e-05	2.73e-06	1.19e-07	0.00e+00	0.00e+00	0.00e+00	0.00e+00
 3.81739e+22	3.78e-28	1.36e-16	6.84e-13	7.29e-10	1.66e-07	2.26e-05	2.09e-03	3.67e-02	1.45e-01	2.23e-01	1.86e-01	1.11e-01	6.65e-02	3.36e-02	1.82e-02	1.64e-02	9.35e-02	5.26e-02	1.46e-02	1.17e-03	5.08e-05	2.13e-06	0.00e+00	0.00e+00	0.00e+00	0.00e+00	0.00e+00
 3.83640e+22	4.84e-28	1.66e-16	8.12e-13	8.49e-10	1.90e-07	2.58e-05	2.38e-03	4.13e-02	1.58e-01	2.36e-01	1.91e-01	1.10e-01	6.38e-02	3.13e-02	1.66e-02	1.46e-02	8.02e-02	4.32e-02	1.15e-02	8.85e-04	3.71e-05	1.51e-06	0.00e+00	0.00e+00	0.00e+00	0.00e+00	0.00e+00
 3.85556e+22	5.89e-28	1.96e-16	9.37e-13	9.63e-10	2.14e-07	2.86e-05	2.63e-03	4.50e-02	1.68e-01	2.45e-01	1.93e-01	1.09e-01	6.15e-02	2.96e-02	1.53e-02	1.33e-02	7.10e-02	3.71e-02	9.59e-03	7.15e-04	2.92e-05	1.16e-06	0.00e+00	0.00e+00	0.00e+00	0.00e+00	0.00e+00
 3.87491e+22	7.42e-28	2.36e-16	1.10e-12	1.11e-09	2.43e-07	3.23e-05	2.98e-03	5.02e-02	1.81e-01	2.57e-01	1.95e-01	1.06e-01	5.81e-02	2.71e-02	1.37e-02	1.17e-02	5.99e-02	2.99e-02	7.42e-03	5.30e-04	2.08e-05	8.05e-07	0.00e+00	0.00e+00	0.00e+00	0.00e+00	0.00e+00
 3.89443e+22	8.90e-28	2.74e-16	1.25e-12	1.24e-09	2.69e-07	3.56e-05	3.27e-03	5.44e-02	1.90e-01	2.64e-01	1.96e-01	1.04e-01	5.53e-02	2.52e-02	1.25e-02	1.06e-02	5.23e-02	2.53e-02	6.07e-03	4.19e-04	1.61e-05	6.07e-07	0.00e+00	0.00e+00	0.00e+00	0.00e+00	0.00e+00
 3.91418e+22	1.10e-27	3.26e-16	1.44e-12	1.41e-09	3.04e-07	4.00e-05	3.68e-03	6.02e-02	2.03e-01	2.74e-01	1.96e-01	9.98e-02	5.15e-02	2.28e-02	1.10e-02	9.20e-03	4.35e-02	2.01e-02	4.61e-03	3.05e-04	1.12e-05	4.12e-07	0.00e+00	0.00e+00	0.00e+00	0.00e+00	0.00e+00
 3.93422e+22	1.31e-27	3.76e-16	1.63e-12	1.57e-09	3.36e-07	4.39e-05	4.03e-03	6.50e-02	2.13e-01	2.80e-01	1.95e-01	9.66e-02	4.86e-02	2.10e-02	9.91e-03	8.20e-03	3.75e-02	1.67e-02	3.71e-03	2.37e-04	8.49e-06	3.04e-07	0.00e+00	0.00e+00	0.00e+00	0.00e+00	0.00e+00
 3.95462e+22	1.61e-27	4.43e-16	1.87e-12	1.77e-09	3.78e-07	4.91e-05	4.51e-03	7.16e-02	2.26e-01	2.88e-01	1.93e-01	9.19e-02	4.46e-02	1.87e-02	8.58e-03	7.01e-03	3.06e-02	1.30e-02	2.75e-03	1.68e-04	5.78e-06	2.00e-07	0.00e+00	0.00e+00	0.00e+00	0.00e+00	0.00e+00
