#depth	Ar	Ar+	Ar+2	Ar+3	Ar+4	Ar+5	Ar+6	Ar+7	Ar+8	Ar+9	Ar+10	Ar+11	Ar+12	Ar+13	Ar+14	Ar+15	Ar+16	Ar+17	Ar+18
 4.62852e+21	0.00e+00	0.00e+00	0.00e+00	0.00e+00	0.00e+00	0.00e+00	5.49e-24	5.68e-21	9.44e-18	4.87e-15	1.26e-12	1.60e-10	1.41e-08	6.42e-07	1.90e-05	5.94e-04	3.22e-02	2.63e-01	7.04e-01
 1.05660e+22	0.00e+00	0.00e+00	0.00e+00	0.00e+00	0.00e+00	1.61e-25	1.78e-22	1.32e-19	3.21e-16	1.13e-13	2.00e-11	1.74e-09	1.05e-07	3.34e-06	6.92e-05	1.52e-03	5.77e-02	3.28e-01	6.12e-01
 1.27701e+22	0.00e+00	0.00e+00	0.00e+00	0.00e+00	1.29e-27	1.91e-24	1.70e-21	1.85e-18	3.47e-15	9.41e-13	1.29e-10	8.72e-09	4.09e-07	1.01e-05	1.63e-04	2.81e-03	8.37e-02	3.72e-01	5.41e-01
 1.43816e+22	0.00e+00	0.00e+00	0.00e+00	5.97e-30	1.82e-26	2.27e-23	1.68e-20	1.51e-17	2.31e-14	5.10e-12	5.68e-10	3.14e-08	1.20e-06	2.42e-05	3.21e-04	4.53e-03	1.11e-01	4.04e-01	4.81e-01
 1.52768e+22	0.00e+00	0.00e+00	0.00e+00	1.23e-29	3.58e-26	4.25e-23	3.00e-20	2.57e-17	3.74e-14	7.83e-12	8.29e-10	4.35e-08	1.58e-06	3.02e-05	3.82e-04	5.11e-03	1.19e-01	4.11e-01	4.65e-01
 1.55707e+22	0.00e+00	0.00e+00	0.00e+00	1.95e-29	5.54e-26	6.39e-23	4.38e-20	3.64e-17	5.12e-14	1.03e-11	1.06e-09	5.36e-08	1.88e-06	3.48e-05	4.25e-04	5.51e-03	1.24e-01	4.15e-01	4.55e-01
 1.57975e+22	0.00e+00	0.00e+00	0.00e+00	3.04e-29	8.38e-26	9.38e-23	6.24e-20	5.03e-17	6.87e-14	1.35e-11	1.33e-09	6.55e-08	2.23e-06	3.99e-05	4.73e-04	5.93e-03	1.30e-01	4.19e-01	4.45e-01
 1.60549e+22	0.00e+00	0.00e+00	0.00e+00	5.21e-29	1.39e-25	1.50e-22	9.67e-20	7.51e-17	9.86e-14	1.86e-11	1.77e-09	8.36e-08	2.73e-06	4.71e-05	5.37e-04	6.48e-03	1.36e-01	4.24e-01	4.32e-01
 1.63226e+22	0.00e+00	0.00e+00	2.18e-32	8.51e-29	2.20e-25	2.31e-22	1.43e-19	1.08e-16	1.37e-13	2.49e-11	2.29e-09	1.04e-07	3.29e-06	5.48e-05	6.02e-04	7.02e-03	1.43e-01	4.28e-01	4.21e-01
 1.65606e+22	0.00e+00	0.00e+00	3.59e-32	1.36e-28	3.42e-25	3.47e-22	2.09e-19	1.52e-16	1.87e-13	3.29e-11	2.93e-09	1.29e-07	3.94e-06	6.34e-05	6.73e-04	7.58e-03	1.49e-01	4.32e-01	4.11e-01
 1.68267e+22	0.00e+00	0.00e+00	6.65e-32	2.44e-28	5.91e-25	5.77e-22	3.35e-19	2.33e-16	2.76e-13	4.65e-11	3.97e-09	1.68e-07	4.91e-06	7.57e-05	7.71e-04	8.33e-03	1.57e-01	4.36e-01	3.98e-01
 1.70979e+22	0.00e+00	0.00e+00	1.12e-31	4.01e-28	9.40e-25	8.89e-22	4.98e-19	3.35e-16	3.83e-13	6.25e-11	5.15e-09	2.10e-07	5.93e-06	8.82e-05	8.66e-04	9.02e-03	1.64e-01	4.40e-01	3.86e-01
 1.73246e+22	0.00e+00	0.00e+00	1.79e-31	6.25e-28	1.42e-24	1.30e-21	7.10e-19	4.62e-16	5.13e-13	8.12e-11	6.48e-09	2.56e-07	7.01e-06	1.01e-04	9.60e-04	9.68e-03	1.70e-01	4.43e-01	3.76e-01
 1.75682e+22	0.00e+00	0.00e+00	3.14e-31	1.06e-27	2.33e-24	2.07e-21	1.09e-18	6.80e-16	7.29e-13	1.11e-10	8.54e-09	3.25e-07	8.56e-06	1.19e-04	1.08e-03	1.05e-02	1.78e-01	4.45e-01	3.64e-01
 1.78220e+22	0.00e+00	0.00e+00	5.19e-31	1.71e-27	3.64e-24	3.12e-21	1.58e-18	9.59e-16	9.97e-13	1.47e-10	1.09e-08	4.03e-07	1.03e-05	1.37e-04	1.21e-03	1.13e-02	1.86e-01	4.48e-01	3.54e-01
 1.80498e+22	0.00e+00	0.00e+00	8.36e-31	2.68e-27	5.54e-24	4.61e-21	2.27e-18	1.33e-15	1.34e-12	1.92e-10	1.38e-08	4.93e-07	1.22e-05	1.58e-04	1.34e-03	1.22e-02	1.93e-01	4.50e-01	3.44e-01
 1.83067e+22	0.00e+00	0.00e+00	1.57e-30	4.84e-27	9.63e-24	7.69e-21	3.63e-18	2.03e-15	1.98e-12	2.72e-10	1.88e-08	6.43e-07	1.52e-05	1.89e-04	1.54e-03	1.34e-02	2.03e-01	4.52e-01	3.30e-01
 1.85639e+22	0.00e+00	0.00e+00	2.54e-30	7.65e-27	1.48e-23	1.14e-20	5.23e-18	2.83e-15	2.67e-12	3.56e-10	2.39e-08	7.90e-07	1.81e-05	2.17e-04	1.71e-03	1.43e-02	2.10e-01	4.53e-01	3.20e-01
 1.87837e+22	0.00e+00	0.00e+00	4.11e-30	1.20e-26	2.25e-23	1.69e-20	7.47e-18	3.91e-15	3.59e-12	4.65e-10	3.02e-08	9.68e-07	2.15e-05	2.50e-04	1.90e-03	1.54e-02	2.18e-01	4.54e-01	3.10e-01
 1.89946e+22	0.00e+00	0.00e+00	6.43e-30	1.84e-26	3.34e-23	2.43e-20	1.04e-17	5.30e-15	4.74e-12	5.96e-10	3.76e-08	1.17e-06	2.52e-05	2.84e-04	2.09e-03	1.64e-02	2.25e-01	4.55e-01	3.01e-01
 1.92318e+22	0.00e+00	0.00e+00	1.12e-29	3.10e-26	5.43e-23	3.81e-20	1.58e-17	7.68e-15	6.66e-12	8.09e-10	4.93e-08	1.48e-06	3.07e-05	3.32e-04	2.35e-03	1.77e-02	2.35e-01	4.55e-01	2.89e-01
 1.94796e+22	0.00e+00	0.00e+00	1.86e-29	5.03e-26	8.52e-23	5.77e-20	2.30e-17	1.08e-14	9.11e-12	1.07e-09	6.33e-08	1.83e-06	3.68e-05	3.85e-04	2.63e-03	1.91e-02	2.44e-01	4.55e-01	2.79e-01
 1.96992e+22	0.00e+00	0.00e+00	3.02e-29	7.92e-26	1.30e-22	8.51e-20	3.28e-17	1.48e-14	1.22e-11	1.40e-09	8.00e-08	2.25e-06	4.37e-05	4.42e-04	2.91e-03	2.04e-02	2.52e-01	4.55e-01	2.69e-01
 1.99024e+22	0.00e+00	0.00e+00	4.69e-29	1.20e-25	1.91e-22	1.21e-19	4.54e-17	1.99e-14	1.60e-11	1.78e-09	9.91e-08	2.70e-06	5.11e-05	5.01e-04	3.19e-03	2.17e-02	2.60e-01	4.54e-01	2.61e-01
 2.01263e+22	0.00e+00	0.00e+00	7.97e-29	1.97e-25	3.04e-22	1.86e-19	6.69e-17	2.82e-14	2.20e-11	2.38e-09	1.28e-07	3.38e-06	6.17e-05	5.83e-04	3.57e-03	2.33e-02	2.69e-01	4.53e-01	2.50e-01
 2.03600e+22	0.00e+00	0.00e+00	1.30e-28	3.14e-25	4.67e-22	2.76e-19	9.59e-17	3.89e-14	2.96e-11	3.11e-09	1.63e-07	4.15e-06	7.34e-05	6.71e-04	3.96e-03	2.50e-02	2.78e-01	4.52e-01	2.41e-01
 2.05665e+22	0.00e+00	0.00e+00	2.09e-28	4.88e-25	7.03e-22	4.02e-19	1.35e-16	5.27e-14	3.92e-11	4.01e-09	2.04e-07	5.05e-06	8.67e-05	7.67e-04	4.37e-03	2.66e-02	2.87e-01	4.50e-01	2.32e-01
 2.07631e+22	0.00e+00	0.00e+00	3.22e-28	7.35e-25	1.03e-21	5.69e-19	1.85e-16	7.01e-14	5.10e-11	5.09e-09	2.52e-07	6.06e-06	1.01e-04	8.67e-04	4.79e-03	2.82e-02	2.95e-01	4.48e-01	2.23e-01
 2.09864e+22	0.00e+00	0.00e+00	5.59e-28	1.23e-24	1.66e-21	8.84e-19	2.76e-16	1.00e-13	7.10e-11	6.86e-09	3.28e-07	7.62e-06	1.23e-04	1.01e-03	5.36e-03	3.03e-02	3.05e-01	4.45e-01	2.13e-01
 2.12190e+22	0.00e+00	0.00e+00	9.21e-28	1.97e-24	2.56e-21	1.32e-18	3.96e-16	1.38e-13	9.55e-11	8.98e-09	4.17e-07	9.38e-06	1.46e-04	1.17e-03	5.94e-03	3.24e-02	3.14e-01	4.42e-01	2.04e-01
 2.14194e+22	0.00e+00	0.00e+00	1.45e-27	3.02e-24	3.80e-21	1.88e-18	5.47e-16	1.84e-13	1.25e-10	1.15e-08	5.18e-07	1.13e-05	1.72e-04	1.32e-03	6.53e-03	3.44e-02	3.23e-01	4.39e-01	1.96e-01
 2.16058e+22	0.00e+00	0.00e+00	2.18e-27	4.43e-24	5.42e-21	2.61e-18	7.35e-16	2.40e-13	1.59e-10	1.43e-08	6.30e-07	1.34e-05	1.98e-04	1.48e-03	7.09e-03	3.62e-02	3.30e-01	4.36e-01	1.89e-01
 2.18180e+22	0.00e+00	8.26e-33	3.74e-27	7.35e-24	8.65e-21	4.00e-18	1.08e-15	3.38e-13	2.19e-10	1.91e-08	8.16e-07	1.68e-05	2.39e-04	1.73e-03	7.91e-03	3.88e-02	3.40e-01	4.31e-01	1.80e-01
 2.20364e+22	0.00e+00	1.37e-32	6.02e-27	1.15e-23	1.30e-20	5.81e-18	1.51e-15	4.55e-13	2.89e-10	2.46e-08	1.02e-06	2.04e-05	2.83e-04	1.97e-03	8.71e-03	4.12e-02	3.49e-01	4.27e-01	1.72e-01
 2.22287e+22	0.00e+00	2.17e-32	9.31e-27	1.73e-23	1.90e-20	8.22e-18	2.07e-15	6.00e-13	3.74e-10	3.11e-08	1.26e-06	2.44e-05	3.29e-04	2.22e-03	9.50e-03	4.34e-02	3.57e-01	4.23e-01	1.65e-01
 2.24444e+22	0.00e+00	3.90e-32	1.62e-26	2.91e-23	3.08e-20	1.27e-17	3.07e-15	8.50e-13	5.18e-10	4.18e-08	1.64e-06	3.07e-05	3.99e-04	2.59e-03	1.06e-02	4.65e-02	3.67e-01	4.17e-01	1.56e-01
 2.26595e+22	0.00e+00	6.34e-32	2.57e-26	4.47e-23	4.57e-20	1.82e-17	4.23e-15	1.13e-12	6.76e-10	5.34e-08	2.04e-06	3.71e-05	4.68e-04	2.95e-03	1.16e-02	4.91e-02	3.75e-01	4.12e-01	1.49e-01
 2.28418e+22	0.00e+00	9.80e-32	3.88e-26	6.58e-23	6.53e-20	2.52e-17	5.67e-15	1.47e-12	8.61e-10	6.65e-08	2.48e-06	4.39e-05	5.39e-04	3.30e-03	1.26e-02	5.16e-02	3.83e-01	4.07e-01	1.42e-01
 2.30469e+22	0.00e+00	1.72e-31	6.62e-26	1.09e-22	1.03e-19	3.83e-17	8.25e-15	2.04e-12	1.17e-09	8.83e-08	3.19e-06	5.46e-05	6.49e-04	3.82e-03	1.40e-02	5.49e-02	3.92e-01	4.00e-01	1.35e-01
 2.32564e+22	0.00e+00	2.79e-31	1.05e-25	1.66e-22	1.53e-19	5.47e-17	1.13e-14	2.70e-12	1.53e-09	1.12e-07	3.96e-06	6.58e-05	7.60e-04	4.32e-03	1.53e-02	5.79e-02	3.99e-01	3.94e-01	1.28e-01
 2.34402e+22	0.00e+00	4.40e-31	1.61e-25	2.49e-22	2.22e-19	7.67e-17	1.53e-14	3.52e-12	1.96e-09	1.41e-07	4.85e-06	7.84e-05	8.81e-04	4.86e-03	1.66e-02	6.08e-02	4.07e-01	3.88e-01	1.22e-01
 2.36481e+22	0.00e+00	7.78e-31	2.76e-25	4.12e-22	3.53e-19	1.17e-16	2.23e-14	4.89e-12	2.67e-09	1.87e-07	6.25e-06	9.76e-05	1.06e-03	5.61e-03	1.84e-02	6.45e-02	4.15e-01	3.80e-01	1.15e-01
 2.38622e+22	0.00e+00	1.28e-30	4.43e-25	6.41e-22	5.30e-19	1.69e-16	3.10e-14	6.52e-12	3.50e-09	2.40e-07	7.81e-06	1.18e-04	1.24e-03	6.37e-03	2.01e-02	6.79e-02	4.22e-01	3.73e-01	1.09e-01
 2.40511e+22	0.00e+00	2.06e-30	6.93e-25	9.74e-22	7.77e-19	2.38e-16	4.22e-14	8.54e-12	4.52e-09	3.04e-07	9.63e-06	1.42e-04	1.45e-03	7.18e-03	2.18e-02	7.13e-02	4.29e-01	3.66e-01	1.03e-01
 2.42343e+22	0.00e+00	3.29e-30	1.08e-24	1.48e-21	1.14e-18	3.36e-16	5.73e-14	1.11e-11	5.82e-09	3.83e-07	1.19e-05	1.69e-04	1.68e-03	8.08e-03	2.37e-02	7.47e-02	4.35e-01	3.59e-01	9.77e-02
 2.44435e+22	0.00e+00	5.90e-30	1.88e-24	2.47e-21	1.82e-18	5.16e-16	8.39e-14	1.56e-11	7.98e-09	5.12e-07	1.53e-05	2.12e-04	2.03e-03	9.35e-03	2.62e-02	7.90e-02	4.42e-01	3.50e-01	9.12e-02
 2.46571e+22	0.00e+00	9.61e-30	2.99e-24	3.80e-21	2.71e-18	7.36e-16	1.15e-13	2.05e-11	1.04e-08	6.51e-07	1.90e-05	2.54e-04	2.37e-03	1.05e-02	2.85e-02	8.28e-02	4.48e-01	3.42e-01	8.60e-02
 2.48764e+22	0.00e+00	1.77e-29	5.32e-24	6.51e-21	4.43e-18	1.15e-15	1.71e-13	2.89e-11	1.44e-08	8.79e-07	2.49e-05	3.20e-04	2.87e-03	1.23e-02	3.16e-02	8.75e-02	4.54e-01	3.31e-01	7.98e-02
 2.50998e+22	0.00e+00	3.01e-29	8.82e-24	1.04e-20	6.81e-18	1.69e-15	2.40e-13	3.88e-11	1.91e-08	1.14e-06	3.14e-05	3.92e-04	3.40e-03	1.40e-02	3.45e-02	9.18e-02	4.59e-01	3.22e-01	7.45e-02
 2.52817e+22	0.00e+00	4.63e-29	1.33e-23	1.52e-20	9.64e-18	2.31e-15	3.17e-13	4.93e-11	2.40e-08	1.41e-06	3.79e-05	4.60e-04	3.89e-03	1.55e-02	3.70e-02	9.53e-02	4.63e-01	3.14e-01	7.05e-02
 2.54712e+22	0.00e+00	7.93e-29	2.21e-23	2.45e-20	1.49e-17	3.41e-15	4.46e-13	6.64e-11	3.18e-08	1.83e-06	4.79e-05	5.63e-04	4.60e-03	1.76e-02	4.04e-02	9.97e-02	4.67e-01	3.04e-01	6.56e-02
 2.56681e+22	0.00e+00	1.27e-28	3.46e-23	3.72e-20	2.17e-17	4.79e-15	6.02e-13	8.59e-11	4.08e-08	2.31e-06	5.89e-05	6.71e-04	5.33e-03	1.97e-02	4.36e-02	1.04e-01	4.70e-01	2.96e-01	6.15e-02
 2.58449e+22	0.00e+00	1.98e-28	5.25e-23	5.48e-20	3.10e-17	6.59e-15	7.98e-13	1.10e-10	5.15e-08	2.86e-06	7.12e-05	7.90e-04	6.10e-03	2.19e-02	4.67e-02	1.07e-01	4.72e-01	2.87e-01	5.79e-02
 2.60106e+22	0.00e+00	3.00e-28	7.81e-23	7.91e-20	4.32e-17	8.88e-15	1.04e-12	1.37e-10	6.39e-08	3.49e-06	8.53e-05	9.21e-04	6.94e-03	2.41e-02	4.98e-02	1.11e-01	4.73e-01	2.79e-01	5.45e-02
 2.61531e+22	0.00e+00	4.26e-28	1.09e-22	1.08e-19	5.72e-17	1.14e-14	1.29e-12	1.65e-10	7.66e-08	4.13e-06	9.91e-05	1.05e-03	7.73e-03	2.62e-02	5.26e-02	1.14e-01	4.74e-01	2.72e-01	5.18e-02
 2.62802e+22	0.00e+00	6.04e-28	1.52e-22	1.46e-19	7.55e-17	1.46e-14	1.60e-12	1.98e-10	9.16e-08	4.88e-06	1.15e-04	1.19e-03	8.59e-03	2.84e-02	5.54e-02	1.17e-01	4.75e-01	2.66e-01	4.92e-02
 2.64255e+22	0.00e+00	9.12e-28	2.25e-22	2.10e-19	1.05e-16	1.96e-14	2.06e-12	2.47e-10	1.13e-07	5.95e-06	1.37e-04	1.38e-03	9.73e-03	3.12e-02	5.89e-02	1.20e-01	4.75e-01	2.57e-01	4.63e-02
 2.65766e+22	0.00e+00	1.32e-27	3.18e-22	2.90e-19	1.41e-16	2.54e-14	2.59e-12	2.99e-10	1.37e-07	7.09e-06	1.61e-04	1.58e-03	1.09e-02	3.39e-02	6.22e-02	1.23e-01	4.74e-01	2.50e-01	4.37e-02
 2.67055e+22	0.00e+00	1.83e-27	4.36e-22	3.88e-19	1.83e-16	3.20e-14	3.17e-12	3.55e-10	1.62e-07	8.29e-06	1.85e-04	1.78e-03	1.20e-02	3.65e-02	6.52e-02	1.26e-01	4.74e-01	2.43e-01	4.15e-02
 2.68241e+22	0.00e+00	2.54e-27	5.95e-22	5.17e-19	2.37e-16	4.03e-14	3.86e-12	4.20e-10	1.91e-07	9.68e-06	2.12e-04	2.00e-03	1.32e-02	3.93e-02	6.83e-02	1.28e-01	4.72e-01	2.37e-01	3.94e-02
 2.69589e+22	0.00e+00	3.80e-27	8.72e-22	7.34e-19	3.25e-16	5.33e-14	4.92e-12	5.16e-10	2.34e-07	1.17e-05	2.51e-04	2.31e-03	1.49e-02	4.29e-02	7.23e-02	1.31e-01	4.71e-01	2.29e-01	3.69e-02
 2.70906e+22	0.00e+00	5.18e-27	1.17e-21	9.63e-19	4.16e-16	6.62e-14	5.94e-12	6.04e-10	2.73e-07	1.35e-05	2.86e-04	2.58e-03	1.63e-02	4.59e-02	7.54e-02	1.33e-01	4.69e-01	2.22e-01	3.50e-02
 2.72004e+22	0.00e+00	6.99e-27	1.56e-21	1.25e-18	5.26e-16	8.16e-14	7.11e-12	7.03e-10	3.18e-07	1.56e-05	3.25e-04	2.87e-03	1.78e-02	4.90e-02	7.85e-02	1.36e-01	4.66e-01	2.16e-01	3.33e-02
 2.73252e+22	0.00e+00	1.02e-26	2.22e-21	1.74e-18	7.07e-16	1.06e-13	8.88e-12	8.48e-10	3.83e-07	1.85e-05	3.79e-04	3.28e-03	1.98e-02	5.31e-02	8.24e-02	1.38e-01	4.63e-01	2.09e-01	3.12e-02
 2.74524e+22	0.00e+00	1.38e-26	2.97e-21	2.27e-18	9.00e-16	1.31e-13	1.07e-11	9.89e-10	4.46e-07	2.14e-05	4.31e-04	3.65e-03	2.16e-02	5.66e-02	8.57e-02	1.40e-01	4.60e-01	2.02e-01	2.96e-02
 2.75827e+22	4.86e-33	2.09e-26	4.40e-21	3.25e-18	1.24e-15	1.74e-13	1.36e-11	1.21e-09	5.45e-07	2.58e-05	5.11e-04	4.21e-03	2.43e-02	6.17e-02	9.03e-02	1.43e-01	4.55e-01	1.94e-01	2.74e-02
 2.77103e+22	6.67e-33	2.82e-26	5.87e-21	4.23e-18	1.57e-15	2.14e-13	1.62e-11	1.40e-09	6.33e-07	2.97e-05	5.78e-04	4.68e-03	2.65e-02	6.56e-02	9.37e-02	1.44e-01	4.51e-01	1.88e-01	2.59e-02
 2.78140e+22	9.08e-33	3.79e-26	7.77e-21	5.46e-18	1.98e-15	2.61e-13	1.92e-11	1.61e-09	7.28e-07	3.39e-05	6.51e-04	5.17e-03	2.87e-02	6.96e-02	9.70e-02	1.46e-01	4.47e-01	1.82e-01	2.45e-02
 2.79112e+22	1.21e-32	4.99e-26	1.01e-20	6.95e-18	2.45e-15	3.14e-13	2.25e-11	1.83e-09	8.32e-07	3.85e-05	7.29e-04	5.68e-03	3.10e-02	7.36e-02	1.00e-01	1.47e-01	4.42e-01	1.76e-01	2.33e-02
 2.80208e+22	1.74e-32	7.03e-26	1.40e-20	9.35e-18	3.19e-15	3.96e-13	2.73e-11	2.15e-09	9.80e-07	4.49e-05	8.36e-04	6.38e-03	3.41e-02	7.87e-02	1.04e-01	1.49e-01	4.36e-01	1.69e-01	2.18e-02
 2.81336e+22	2.40e-32	9.57e-26	1.88e-20	1.22e-17	4.05e-15	4.87e-13	3.25e-11	2.48e-09	1.13e-06	5.16e-05	9.46e-04	7.07e-03	3.70e-02	8.35e-02	1.08e-01	1.50e-01	4.31e-01	1.63e-01	2.04e-02
 2.82322e+22	3.18e-32	1.25e-25	2.43e-20	1.54e-17	4.98e-15	5.83e-13	3.78e-11	2.81e-09	1.29e-06	5.82e-05	1.05e-03	7.74e-03	3.98e-02	8.79e-02	1.11e-01	1.51e-01	4.25e-01	1.57e-01	1.93e-02
 2.83416e+22	4.71e-32	1.82e-25	3.47e-20	2.13e-17	6.63e-15	7.46e-13	4.64e-11	3.32e-09	1.53e-06	6.86e-05	1.22e-03	8.75e-03	4.40e-02	9.43e-02	1.15e-01	1.52e-01	4.17e-01	1.50e-01	1.79e-02
 2.84511e+22	6.36e-32	2.42e-25	4.56e-20	2.73e-17	8.25e-15	9.01e-13	5.44e-11	3.77e-09	1.75e-06	7.78e-05	1.37e-03	9.61e-03	4.74e-02	9.94e-02	1.18e-01	1.52e-01	4.11e-01	1.44e-01	1.68e-02
 2.85608e+22	9.36e-32	3.51e-25	6.48e-20	3.75e-17	1.09e-14	1.15e-12	6.65e-11	4.43e-09	2.07e-06	9.15e-05	1.58e-03	1.08e-02	5.21e-02	1.06e-01	1.23e-01	1.53e-01	4.02e-01	1.37e-01	1.55e-02
 2.86727e+22	1.29e-31	4.78e-25	8.71e-20	4.90e-17	1.38e-14	1.40e-12	7.85e-11	5.06e-09	2.39e-06	1.05e-04	1.78e-03	1.20e-02	5.64e-02	1.12e-01	1.26e-01	1.53e-01	3.94e-01	1.31e-01	1.44e-02
 2.87680e+22	1.72e-31	6.26e-25	1.13e-19	6.17e-17	1.70e-14	1.67e-12	9.08e-11	5.69e-09	2.70e-06	1.17e-04	1.97e-03	1.30e-02	6.03e-02	1.17e-01	1.29e-01	1.53e-01	3.86e-01	1.25e-01	1.36e-02
 2.88726e+22	2.58e-31	9.22e-25	1.63e-19	8.60e-17	2.27e-14	2.14e-12	1.11e-10	6.65e-09	3.20e-06	1.38e-04	2.28e-03	1.47e-02	6.64e-02	1.25e-01	1.33e-01	1.53e-01	3.75e-01	1.18e-01	1.24e-02
 2.89757e+22	3.40e-31	1.20e-24	2.10e-19	1.08e-16	2.77e-14	2.54e-12	1.27e-10	7.43e-09	3.60e-06	1.55e-04	2.52e-03	1.59e-02	7.07e-02	1.31e-01	1.36e-01	1.52e-01	3.67e-01	1.13e-01	1.16e-02
 2.90767e+22	5.02e-31	1.75e-24	3.00e-19	1.48e-16	3.65e-14	3.21e-12	1.54e-10	8.62e-09	4.23e-06	1.81e-04	2.89e-03	1.78e-02	7.73e-02	1.39e-01	1.39e-01	1.51e-01	3.56e-01	1.06e-01	1.06e-02
 2.91762e+22	6.56e-31	2.25e-24	3.82e-19	1.85e-16	4.42e-14	3.78e-12	1.76e-10	9.58e-09	4.73e-06	2.01e-04	3.18e-03	1.93e-02	8.20e-02	1.44e-01	1.42e-01	1.50e-01	3.48e-01	1.02e-01	9.91e-03
 2.92737e+22	9.72e-31	3.28e-24	5.48e-19	2.54e-16	5.83e-14	4.76e-12	2.12e-10	1.10e-08	5.54e-06	2.34e-04	3.64e-03	2.15e-02	8.94e-02	1.52e-01	1.45e-01	1.49e-01	3.35e-01	9.48e-02	8.97e-03
 2.93706e+22	1.27e-30	4.24e-24	7.00e-19	3.16e-16	7.06e-14	5.60e-12	2.42e-10	1.22e-08	6.18e-06	2.60e-04	3.99e-03	2.32e-02	9.47e-02	1.58e-01	1.47e-01	1.48e-01	3.27e-01	9.04e-02	8.37e-03
 2.94666e+22	1.88e-30	6.17e-24	1.00e-18	4.34e-16	9.28e-14	7.03e-12	2.90e-10	1.40e-08	7.20e-06	3.02e-04	4.55e-03	2.58e-02	1.03e-01	1.66e-01	1.50e-01	1.45e-01	3.14e-01	8.41e-02	7.55e-03
 2.95634e+22	2.50e-30	8.10e-24	1.30e-18	5.47e-16	1.13e-13	8.32e-12	3.31e-10	1.56e-08	8.06e-06	3.36e-04	5.00e-03	2.78e-02	1.09e-01	1.72e-01	1.52e-01	1.44e-01	3.04e-01	7.96e-02	6.99e-03
 2.96611e+22	3.73e-30	1.19e-23	1.87e-18	7.55e-16	1.50e-13	1.05e-11	3.97e-10	1.78e-08	9.39e-06	3.90e-04	5.70e-03	3.09e-02	1.18e-01	1.81e-01	1.54e-01	1.41e-01	2.90e-01	7.36e-02	6.25e-03
 2.97598e+22	5.04e-30	1.58e-23	2.46e-18	9.62e-16	1.84e-13	1.25e-11	4.56e-10	1.98e-08	1.05e-05	4.35e-04	6.28e-03	3.34e-02	1.25e-01	1.87e-01	1.55e-01	1.39e-01	2.80e-01	6.92e-02	5.74e-03
 2.98599e+22	7.49e-30	2.32e-23	3.54e-18	1.32e-15	2.43e-13	1.57e-11	5.46e-10	2.27e-08	1.22e-05	5.02e-04	7.12e-03	3.69e-02	1.34e-01	1.95e-01	1.56e-01	1.35e-01	2.66e-01	6.36e-02	5.11e-03
 2.99592e+22	1.01e-29	3.10e-23	4.66e-18	1.69e-15	2.99e-13	1.87e-11	6.26e-10	2.51e-08	1.37e-05	5.59e-04	7.82e-03	3.97e-02	1.42e-01	2.01e-01	1.57e-01	1.32e-01	2.55e-01	5.96e-02	4.67e-03
 3.00575e+22	1.51e-29	4.53e-23	6.71e-18	2.32e-15	3.94e-13	2.34e-11	7.47e-10	2.87e-08	1.58e-05	6.43e-04	8.82e-03	4.37e-02	1.52e-01	2.09e-01	1.58e-01	1.29e-01	2.41e-01	5.44e-02	4.13e-03
 3.01570e+22	2.07e-29	6.12e-23	8.94e-18	2.99e-15	4.88e-13	2.79e-11	8.58e-10	3.18e-08	1.77e-05	7.16e-04	9.68e-03	4.70e-02	1.60e-01	2.15e-01	1.58e-01	1.25e-01	2.30e-01	5.06e-02	3.74e-03
 3.02580e+22	3.13e-29	9.09e-23	1.30e-17	4.15e-15	6.46e-13	3.52e-11	1.03e-09	3.64e-08	2.04e-05	8.22e-04	1.09e-02	5.16e-02	1.71e-01	2.22e-01	1.58e-01	1.21e-01	2.16e-01	4.58e-02	3.27e-03
 3.03605e+22	4.33e-29	1.24e-22	1.75e-17	5.38e-15	8.07e-13	4.23e-11	1.19e-09	4.04e-08	2.28e-05	9.15e-04	1.20e-02	5.54e-02	1.80e-01	2.27e-01	1.57e-01	1.17e-01	2.05e-01	4.23e-02	2.94e-03
 3.04647e+22	6.64e-29	1.87e-22	2.59e-17	7.56e-15	1.08e-12	5.37e-11	1.43e-09	4.63e-08	2.63e-05	1.05e-03	1.35e-02	6.06e-02	1.91e-01	2.34e-01	1.56e-01	1.12e-01	1.91e-01	3.79e-02	2.54e-03
 3.05694e+22	9.20e-29	2.55e-22	3.48e-17	9.79e-15	1.34e-12	6.45e-11	1.64e-09	5.15e-08	2.93e-05	1.16e-03	1.47e-02	6.48e-02	2.00e-01	2.38e-01	1.55e-01	1.09e-01	1.80e-01	3.48e-02	2.27e-03
 3.06746e+22	1.42e-28	3.85e-22	5.15e-17	1.38e-14	1.80e-12	8.19e-11	1.98e-09	5.90e-08	3.37e-05	1.33e-03	1.65e-02	7.06e-02	2.12e-01	2.44e-01	1.53e-01	1.03e-01	1.67e-01	3.10e-02	1.95e-03
 3.07773e+22	1.92e-28	5.14e-22	6.78e-17	1.75e-14	2.21e-12	9.71e-11	2.26e-09	6.52e-08	3.71e-05	1.46e-03	1.78e-02	7.48e-02	2.20e-01	2.47e-01	1.51e-01	9.96e-02	1.57e-01	2.86e-02	1.75e-03
 3.08768e+22	2.86e-28	7.52e-22	9.74e-17	2.40e-14	2.89e-12	1.21e-10	2.69e-09	7.41e-08	4.20e-05	1.64e-03	1.96e-02	8.05e-02	2.31e-01	2.51e-01	1.49e-01	9.48e-02	1.46e-01	2.55e-02	1.51e-03
 3.09783e+22	3.93e-28	1.02e-21	1.30e-16	3.09e-14	3.58e-12	1.45e-10	3.09e-09	8.22e-08	4.63e-05	1.80e-03	2.12e-02	8.52e-02	2.39e-01	2.54e-01	1.46e-01	9.09e-02	1.37e-01	2.33e-02	1.34e-03
 3.10824e+22	5.91e-28	1.51e-21	1.88e-16	4.26e-14	4.72e-12	1.82e-10	3.69e-09	9.39e-08	5.24e-05	2.02e-03	2.33e-02	9.15e-02	2.49e-01	2.57e-01	1.43e-01	8.60e-02	1.26e-01	2.07e-02	1.15e-03
 3.11880e+22	8.12e-28	2.04e-21	2.51e-16	5.47e-14	5.85e-12	2.17e-10	4.25e-09	1.04e-07	5.77e-05	2.21e-03	2.51e-02	9.64e-02	2.57e-01	2.59e-01	1.40e-01	8.22e-02	1.18e-01	1.88e-02	1.02e-03
 3.12959e+22	1.23e-27	3.03e-21	3.65e-16	7.58e-14	7.73e-12	2.74e-10	5.11e-09	1.20e-07	6.52e-05	2.47e-03	2.76e-02	1.03e-01	2.67e-01	2.60e-01	1.36e-01	7.74e-02	1.08e-01	1.66e-02	8.62e-04
 3.14055e+22	1.69e-27	4.09e-21	4.85e-16	9.72e-14	9.58e-12	3.28e-10	5.89e-09	1.33e-07	7.15e-05	2.70e-03	2.95e-02	1.08e-01	2.75e-01	2.61e-01	1.33e-01	7.37e-02	1.01e-01	1.50e-02	7.60e-04
 3.15176e+22	2.56e-27	6.08e-21	7.05e-16	1.35e-13	1.27e-11	4.15e-10	7.09e-09	1.54e-07	8.07e-05	3.01e-03	3.23e-02	1.15e-01	2.84e-01	2.62e-01	1.29e-01	6.91e-02	9.15e-02	1.32e-02	6.42e-04
 3.16325e+22	3.54e-27	8.27e-21	9.42e-16	1.74e-13	1.58e-11	4.98e-10	8.21e-09	1.72e-07	8.86e-05	3.28e-03	3.45e-02	1.21e-01	2.91e-01	2.61e-01	1.25e-01	6.56e-02	8.50e-02	1.19e-02	5.62e-04
 3.17511e+22	5.38e-27	1.23e-20	1.37e-15	2.41e-13	2.09e-11	6.33e-10	9.93e-09	1.99e-07	9.99e-05	3.65e-03	3.76e-02	1.28e-01	3.00e-01	2.61e-01	1.21e-01	6.11e-02	7.70e-02	1.03e-02	4.72e-04
 3.18696e+22	7.37e-27	1.66e-20	1.82e-15	3.08e-13	2.59e-11	7.57e-10	1.15e-08	2.22e-07	1.09e-04	3.96e-03	4.00e-02	1.34e-01	3.06e-01	2.60e-01	1.17e-01	5.79e-02	7.14e-02	9.33e-03	4.13e-04
 3.19880e+22	1.11e-26	2.44e-20	2.61e-15	4.23e-13	3.41e-11	9.54e-10	1.38e-08	2.57e-07	1.23e-04	4.38e-03	4.33e-02	1.41e-01	3.14e-01	2.58e-01	1.13e-01	5.39e-02	6.46e-02	8.13e-03	3.47e-04
 3.21089e+22	1.51e-26	3.27e-20	3.44e-15	5.39e-13	4.21e-11	1.14e-09	1.60e-08	2.88e-07	1.34e-04	4.73e-03	4.60e-02	1.47e-01	3.19e-01	2.56e-01	1.09e-01	5.10e-02	5.98e-02	7.31e-03	3.03e-04
 3.22332e+22	2.27e-26	4.82e-20	4.95e-15	7.41e-13	5.55e-11	1.44e-09	1.93e-08	3.33e-07	1.51e-04	5.24e-03	4.97e-02	1.54e-01	3.26e-01	2.53e-01	1.04e-01	4.73e-02	5.38e-02	6.33e-03	2.53e-04
 3.23536e+22	2.99e-26	6.23e-20	6.30e-15	9.17e-13	6.68e-11	1.69e-09	2.20e-08	3.69e-07	1.63e-04	5.60e-03	5.23e-02	1.59e-01	3.30e-01	2.50e-01	1.01e-01	4.49e-02	5.02e-02	5.75e-03	2.24e-04
 3.24690e+22	4.30e-26	8.79e-20	8.70e-15	1.22e-12	8.55e-11	2.09e-09	2.61e-08	4.22e-07	1.81e-04	6.12e-03	5.58e-02	1.66e-01	3.35e-01	2.47e-01	9.66e-02	4.18e-02	4.56e-02	5.05e-03	1.90e-04
 3.25876e+22	5.72e-26	1.15e-19	1.12e-14	1.52e-12	1.04e-10	2.46e-09	2.99e-08	4.70e-07	1.96e-04	6.56e-03	5.88e-02	1.72e-01	3.39e-01	2.44e-01	9.33e-02	3.95e-02	4.22e-02	4.55e-03	1.67e-04
 3.27104e+22	8.35e-26	1.64e-19	1.56e-14	2.04e-12	1.34e-10	3.07e-09	3.58e-08	5.41e-07	2.18e-04	7.17e-03	6.28e-02	1.79e-01	3.44e-01	2.40e-01	8.89e-02	3.66e-02	3.81e-02	3.96e-03	1.40e-04
 3.28347e+22	1.10e-25	2.13e-19	1.99e-14	2.52e-12	1.62e-10	3.61e-09	4.09e-08	6.02e-07	2.37e-04	7.67e-03	6.59e-02	1.84e-01	3.47e-01	2.36e-01	8.56e-02	3.46e-02	3.52e-02	3.57e-03	1.23e-04
 3.29610e+22	1.59e-25	3.01e-19	2.74e-14	3.35e-12	2.08e-10	4.47e-09	4.88e-08	6.92e-07	2.63e-04	8.36e-03	7.01e-02	1.91e-01	3.50e-01	2.32e-01	8.14e-02	3.20e-02	3.18e-02	3.11e-03	1.03e-04
 3.30863e+22	2.09e-25	3.89e-19	3.48e-14	4.14e-12	2.50e-10	5.24e-09	5.56e-08	7.68e-07	2.85e-04	8.92e-03	7.34e-02	1.96e-01	3.52e-01	2.28e-01	7.83e-02	3.02e-02	2.94e-02	2.80e-03	9.07e-05
 3.32102e+22	2.98e-25	5.43e-19	4.75e-14	5.44e-12	3.18e-10	6.45e-09	6.60e-08	8.80e-07	3.15e-04	9.68e-03	7.79e-02	2.03e-01	3.55e-01	2.23e-01	7.43e-02	2.79e-02	2.65e-02	2.44e-03	7.63e-05
 3.33354e+22	3.87e-25	6.93e-19	5.96e-14	6.66e-12	3.80e-10	7.53e-09	7.50e-08	9.75e-07	3.41e-04	1.03e-02	8.13e-02	2.08e-01	3.56e-01	2.19e-01	7.14e-02	2.64e-02	2.46e-02	2.20e-03	6.72e-05
 3.34622e+22	5.50e-25	9.62e-19	8.09e-14	8.72e-12	4.82e-10	9.24e-09	8.89e-08	1.12e-06	3.77e-04	1.12e-02	8.60e-02	2.15e-01	3.58e-01	2.14e-01	6.77e-02	2.43e-02	2.21e-02	1.91e-03	5.64e-05
 3.35914e+22	7.18e-25	1.23e-18	1.02e-13	1.07e-11	5.78e-10	1.08e-08	1.01e-07	1.24e-06	4.08e-04	1.19e-02	8.97e-02	2.20e-01	3.59e-01	2.09e-01	6.48e-02	2.29e-02	2.04e-02	1.72e-03	4.94e-05
 3.37239e+22	1.02e-24	1.72e-18	1.38e-13	1.40e-11	7.35e-10	1.33e-08	1.21e-07	1.43e-06	4.52e-04	1.29e-02	9.48e-02	2.27e-01	3.60e-01	2.03e-01	6.12e-02	2.11e-02	1.83e-02	1.49e-03	4.13e-05
 3.38587e+22	1.34e-24	2.21e-18	1.74e-13	1.73e-11	8.83e-10	1.56e-08	1.38e-07	1.59e-06	4.90e-04	1.37e-02	9.89e-02	2.32e-01	3.60e-01	1.99e-01	5.85e-02	1.98e-02	1.69e-02	1.33e-03	3.60e-05
 3.39967e+22	1.91e-24	3.08e-18	2.37e-13	2.27e-11	1.13e-09	1.93e-08	1.64e-07	1.83e-06	5.44e-04	1.49e-02	1.04e-01	2.38e-01	3.60e-01	1.93e-01	5.50e-02	1.81e-02	1.51e-02	1.15e-03	2.99e-05
 3.41373e+22	2.51e-24	3.97e-18	3.00e-13	2.80e-11	1.35e-09	2.27e-08	1.88e-07	2.04e-06	5.91e-04	1.58e-02	1.09e-01	2.43e-01	3.59e-01	1.88e-01	5.24e-02	1.70e-02	1.38e-02	1.02e-03	2.60e-05
 3.42813e+22	3.59e-24	5.54e-18	4.08e-13	3.68e-11	1.73e-09	2.80e-08	2.24e-07	2.35e-06	6.57e-04	1.71e-02	1.15e-01	2.50e-01	3.58e-01	1.81e-01	4.91e-02	1.55e-02	1.23e-02	8.79e-04	2.15e-05
 3.44220e+22	4.58e-24	6.94e-18	5.02e-13	4.43e-11	2.04e-09	3.24e-08	2.53e-07	2.60e-06	7.08e-04	1.81e-02	1.19e-01	2.54e-01	3.57e-01	1.77e-01	4.69e-02	1.46e-02	1.13e-02	7.92e-04	1.89e-05
 3.45584e+22	6.42e-24	9.51e-18	6.70e-13	5.74e-11	2.57e-09	3.96e-08	3.00e-07	2.97e-06	7.82e-04	1.95e-02	1.25e-01	2.60e-01	3.56e-01	1.71e-01	4.40e-02	1.33e-02	1.01e-02	6.83e-04	1.58e-05
 3.46971e+22	8.21e-24	1.19e-17	8.26e-13	6.92e-11	3.04e-09	4.58e-08	3.39e-07	3.29e-06	8.43e-04	2.06e-02	1.29e-01	2.64e-01	3.54e-01	1.66e-01	4.19e-02	1.25e-02	9.34e-03	6.14e-04	1.38e-05
 3.48386e+22	1.14e-23	1.62e-17	1.09e-12	8.90e-11	3.80e-09	5.58e-08	3.99e-07	3.76e-06	9.31e-04	2.22e-02	1.35e-01	2.70e-01	3.52e-01	1.60e-01	3.93e-02	1.15e-02	8.35e-03	5.30e-04	1.15e-05
 3.49845e+22	1.50e-23	2.08e-17	1.38e-12	1.09e-10	4.56e-09	6.54e-08	4.57e-07	4.19e-06	1.01e-03	2.36e-02	1.41e-01	2.74e-01	3.49e-01	1.55e-01	3.72e-02	1.07e-02	7.61e-03	4.70e-04	9.94e-06
 3.51362e+22	2.09e-23	2.84e-17	1.83e-12	1.41e-10	5.73e-09	7.98e-08	5.40e-07	4.81e-06	1.12e-03	2.54e-02	1.47e-01	2.80e-01	3.46e-01	1.49e-01	3.47e-02	9.72e-03	6.77e-03	4.04e-04	8.26e-06
 3.52929e+22	2.78e-23	3.69e-17	2.32e-12	1.75e-10	6.94e-09	9.45e-08	6.23e-07	5.40e-06	1.22e-03	2.70e-02	1.53e-01	2.84e-01	3.43e-01	1.44e-01	3.27e-02	8.98e-03	6.13e-03	3.55e-04	7.04e-06
 3.54562e+22	3.94e-23	5.09e-17	3.12e-12	2.28e-10	8.81e-09	1.16e-07	7.42e-07	6.23e-06	1.36e-03	2.91e-02	1.60e-01	2.89e-01	3.39e-01	1.38e-01	3.03e-02	8.14e-03	5.41e-03	3.02e-04	5.78e-06
 3.56239e+22	5.28e-23	6.67e-17	4.00e-12	2.85e-10	1.07e-08	1.39e-07	8.59e-07	7.02e-06	1.48e-03	3.10e-02	1.66e-01	2.93e-01	3.35e-01	1.32e-01	2.84e-02	7.48e-03	4.87e-03	2.63e-04	4.89e-06
 3.57976e+22	7.59e-23	9.32e-17	5.42e-12	3.75e-10	1.37e-08	1.72e-07	1.03e-06	8.14e-06	1.65e-03	3.36e-02	1.74e-01	2.98e-01	3.29e-01	1.26e-01	2.62e-02	6.73e-03	4.26e-03	2.22e-04	3.97e-06
 3.59771e+22	1.03e-22	1.24e-16	7.01e-12	4.73e-10	1.69e-08	2.06e-07	1.20e-06	9.23e-06	1.81e-03	3.58e-02	1.81e-01	3.02e-01	3.25e-01	1.20e-01	2.44e-02	6.15e-03	3.81e-03	1.92e-04	3.32e-06
 3.61643e+22	1.51e-22	1.75e-16	9.64e-12	6.30e-10	2.19e-08	2.58e-07	1.45e-06	1.08e-05	2.04e-03	3.88e-02	1.90e-01	3.06e-01	3.18e-01	1.14e-01	2.23e-02	5.49e-03	3.30e-03	1.60e-04	2.66e-06
 3.63560e+22	2.07e-22	2.35e-16	1.26e-11	8.00e-10	2.71e-08	3.11e-07	1.70e-06	1.23e-05	2.24e-03	4.15e-02	1.97e-01	3.09e-01	3.13e-01	1.08e-01	2.07e-02	4.98e-03	2.93e-03	1.37e-04	2.21e-06
 3.65277e+22	2.80e-22	3.10e-16	1.62e-11	1.00e-09	3.32e-08	3.72e-07	1.98e-06	1.39e-05	2.45e-03	4.42e-02	2.04e-01	3.12e-01	3.07e-01	1.03e-01	1.92e-02	4.54e-03	2.61e-03	1.18e-04	1.84e-06
 3.67250e+22	4.20e-22	4.49e-16	2.26e-11	1.36e-09	4.36e-08	4.72e-07	2.42e-06	1.63e-05	2.77e-03	4.80e-02	2.13e-01	3.16e-01	2.99e-01	9.68e-02	1.74e-02	4.00e-03	2.23e-03	9.67e-05	1.44e-06
 3.69236e+22	5.67e-22	5.91e-16	2.91e-11	1.71e-09	5.33e-08	5.64e-07	2.81e-06	1.85e-05	3.03e-03	5.11e-02	2.21e-01	3.18e-01	2.93e-01	9.21e-02	1.61e-02	3.63e-03	1.98e-03	8.33e-05	1.20e-06
 3.71238e+22	8.44e-22	8.51e-16	4.04e-11	2.30e-09	6.96e-08	7.12e-07	3.42e-06	2.17e-05	3.41e-03	5.53e-02	2.30e-01	3.21e-01	2.85e-01	8.60e-02	1.45e-02	3.19e-03	1.69e-03	6.80e-05	9.41e-07
 3.73282e+22	1.16e-21	1.14e-15	5.27e-11	2.92e-09	8.63e-08	8.60e-07	4.00e-06	2.47e-05	3.75e-03	5.89e-02	2.38e-01	3.22e-01	2.78e-01	8.13e-02	1.34e-02	2.87e-03	1.48e-03	5.77e-05	7.71e-07
 3.75381e+22	1.75e-21	1.66e-15	7.38e-11	3.95e-09	1.13e-07	1.09e-06	4.90e-06	2.91e-05	4.23e-03	6.38e-02	2.48e-01	3.24e-01	2.69e-01	7.54e-02	1.20e-02	2.51e-03	1.25e-03	4.66e-05	5.95e-07
 3.77512e+22	2.42e-21	2.23e-15	9.67e-11	5.05e-09	1.41e-07	1.32e-06	5.76e-06	3.33e-05	4.66e-03	6.81e-02	2.56e-01	3.25e-01	2.61e-01	7.09e-02	1.09e-02	2.24e-03	1.09e-03	3.91e-05	4.82e-07
 3.79685e+22	3.70e-21	3.29e-15	1.37e-10	6.91e-09	1.87e-07	1.70e-06	7.11e-06	3.95e-05	5.28e-03	7.38e-02	2.67e-01	3.26e-01	2.51e-01	6.52e-02	9.67e-03	1.93e-03	9.11e-04	3.11e-05	3.65e-07
 3.81739e+22	4.89e-21	4.24e-15	1.72e-10	8.50e-09	2.26e-07	2.00e-06	8.16e-06	4.43e-05	5.73e-03	7.78e-02	2.74e-01	3.26e-01	2.44e-01	6.17e-02	8.91e-03	1.75e-03	8.08e-04	2.67e-05	3.04e-07
 3.83640e+22	7.07e-21	5.94e-15	2.33e-10	1.12e-08	2.89e-07	2.49e-06	9.81e-06	5.15e-05	6.38e-03	8.34e-02	2.83e-01	3.25e-01	2.35e-01	5.71e-02	7.98e-03	1.53e-03	6.85e-04	2.17e-05	2.36e-07
 3.85556e+22	9.34e-21	7.65e-15	2.93e-10	1.37e-08	3.48e-07	2.93e-06	1.13e-05	5.77e-05	6.92e-03	8.79e-02	2.89e-01	3.24e-01	2.28e-01	5.38e-02	7.33e-03	1.38e-03	6.05e-04	1.85e-05	1.96e-07
 3.87491e+22	1.36e-20	1.07e-14	3.97e-10	1.81e-08	4.47e-07	3.66e-06	1.36e-05	6.73e-05	7.73e-03	9.42e-02	2.98e-01	3.23e-01	2.19e-01	4.95e-02	6.52e-03	1.20e-03	5.08e-04	1.49e-05	1.50e-07
 3.89443e+22	1.80e-20	1.39e-14	5.01e-10	2.23e-08	5.41e-07	4.34e-06	1.57e-05	7.57e-05	8.40e-03	9.92e-02	3.05e-01	3.22e-01	2.11e-01	4.64e-02	5.95e-03	1.08e-03	4.45e-04	1.26e-05	0.00e+00
 3.91418e+22	2.62e-20	1.95e-14	6.78e-10	2.94e-08	6.96e-07	5.42e-06	1.89e-05	8.86e-05	9.39e-03	1.06e-01	3.14e-01	3.19e-01	2.02e-01	4.25e-02	5.25e-03	9.29e-04	3.71e-04	1.00e-05	0.00e+00
 3.93422e+22	3.50e-20	2.54e-14	8.58e-10	3.64e-08	8.46e-07	6.45e-06	2.19e-05	1.00e-04	1.02e-02	1.12e-01	3.21e-01	3.17e-01	1.94e-01	3.96e-02	4.76e-03	8.27e-04	3.22e-04	8.39e-06	0.00e+00
 3.95462e+22	5.13e-20	3.59e-14	1.17e-09	4.81e-08	1.09e-06	8.12e-06	2.67e-05	1.18e-04	1.15e-02	1.20e-01	3.29e-01	3.14e-01	1.84e-01	3.59e-02	4.16e-03	7.05e-04	2.65e-04	6.57e-06	0.00e+00
 3.97530e+22	6.88e-20	4.69e-14	1.48e-09	5.96e-08	1.33e-06	9.69e-06	3.10e-05	1.33e-04	1.25e-02	1.26e-01	3.36e-01	3.11e-01	1.77e-01	3.32e-02	3.74e-03	6.23e-04	2.28e-04	5.45e-06	0.00e+00
 3.99634e+22	1.01e-19	6.61e-14	2.00e-09	7.89e-08	1.73e-06	1.22e-05	3.78e-05	1.58e-04	1.40e-02	1.35e-01	3.44e-01	3.06e-01	1.66e-01	2.99e-02	3.24e-03	5.27e-04	1.85e-04	4.21e-06	0.00e+00
 4.01785e+22	1.37e-19	8.70e-14	2.55e-09	9.86e-08	2.13e-06	1.48e-05	4.44e-05	1.80e-04	1.54e-02	1.43e-01	3.50e-01	3.02e-01	1.58e-01	2.74e-02	2.88e-03	4.59e-04	1.57e-04	3.41e-06	0.00e+00
 4.03996e+22	2.02e-19	1.24e-13	3.48e-09	1.31e-07	2.78e-06	1.88e-05	5.47e-05	2.15e-04	1.74e-02	1.53e-01	3.58e-01	2.96e-01	1.48e-01	2.44e-02	2.46e-03	3.82e-04	1.25e-04	2.58e-06	0.00e+00
 4.06239e+22	2.74e-19	1.62e-13	4.41e-09	1.64e-07	3.43e-06	2.28e-05	6.44e-05	2.48e-04	1.92e-02	1.62e-01	3.63e-01	2.91e-01	1.40e-01	2.21e-02	2.16e-03	3.29e-04	1.05e-04	2.06e-06	0.00e+00
 4.08460e+22	3.97e-19	2.26e-13	5.89e-09	2.15e-07	4.44e-06	2.89e-05	7.89e-05	2.95e-04	2.16e-02	1.73e-01	3.70e-01	2.83e-01	1.30e-01	1.96e-02	1.83e-03	2.73e-04	8.31e-05	1.55e-06	0.00e+00
 4.10581e+22	5.16e-19	2.85e-13	7.22e-09	2.60e-07	5.34e-06	3.43e-05	9.13e-05	3.34e-04	2.35e-02	1.81e-01	3.74e-01	2.78e-01	1.23e-01	1.79e-02	1.62e-03	2.38e-04	7.04e-05	1.26e-06	0.00e+00
 4.12633e+22	7.21e-19	3.84e-13	9.32e-09	3.33e-07	6.78e-06	4.27e-05	1.11e-04	3.94e-04	2.63e-02	1.93e-01	3.79e-01	2.70e-01	1.14e-01	1.58e-02	1.38e-03	1.98e-04	5.61e-05	9.56e-07	0.00e+00
 4.14724e+22	9.38e-19	4.84e-13	1.14e-08	4.03e-07	8.18e-06	5.09e-05	1.29e-04	4.50e-04	2.87e-02	2.02e-01	3.82e-01	2.64e-01	1.07e-01	1.43e-02	1.21e-03	1.70e-04	4.68e-05	7.64e-07	0.00e+00
 4.16772e+22	1.27e-18	6.33e-13	1.43e-08	5.06e-07	1.02e-05	6.27e-05	1.54e-04	5.28e-04	3.20e-02	2.14e-01	3.85e-01	2.55e-01	9.90e-02	1.26e-02	1.03e-03	1.42e-04	3.74e-05	5.80e-07	0.00e+00
 4.18862e+22	1.65e-18	7.95e-13	1.74e-08	6.13e-07	1.24e-05	7.50e-05	1.80e-04	6.06e-04	3.50e-02	2.24e-01	3.88e-01	2.48e-01	9.22e-02	1.13e-02	8.88e-04	1.20e-04	3.07e-05	4.55e-07	0.00e+00
 4.20898e+22	2.18e-18	1.01e-12	2.13e-08	7.51e-07	1.52e-05	9.11e-05	2.13e-04	7.05e-04	3.87e-02	2.36e-01	3.89e-01	2.39e-01	8.50e-02	9.94e-03	7.55e-04	1.00e-04	2.47e-05	3.48e-07	0.00e+00
 4.22975e+22	2.81e-18	1.26e-12	2.57e-08	9.08e-07	1.84e-05	1.09e-04	2.50e-04	8.13e-04	4.26e-02	2.47e-01	3.90e-01	2.31e-01	7.85e-02	8.80e-03	6.46e-04	8.42e-05	2.00e-05	2.69e-07	0.00e+00
 4.25034e+22	3.63e-18	1.57e-12	3.08e-08	1.10e-06	2.23e-05	1.31e-04	2.93e-04	9.42e-04	4.69e-02	2.59e-01	3.90e-01	2.22e-01	7.21e-02	7.74e-03	5.49e-04	7.01e-05	1.60e-05	2.05e-07	0.00e+00
 4.27102e+22	4.63e-18	1.94e-12	3.66e-08	1.32e-06	2.68e-05	1.57e-04	3.43e-04	1.09e-03	5.15e-02	2.71e-01	3.89e-01	2.13e-01	6.62e-02	6.81e-03	4.66e-04	5.84e-05	1.29e-05	1.57e-07	0.00e+00
 4.29148e+22	5.86e-18	2.37e-12	4.32e-08	1.57e-06	3.22e-05	1.87e-04	3.99e-04	1.25e-03	5.64e-02	2.83e-01	3.88e-01	2.04e-01	6.05e-02	5.97e-03	3.95e-04	4.86e-05	1.03e-05	1.20e-07	0.00e+00
 4.31189e+22	7.36e-18	2.87e-12	5.06e-08	1.86e-06	3.84e-05	2.22e-04	4.64e-04	1.44e-03	6.17e-02	2.95e-01	3.85e-01	1.95e-01	5.53e-02	5.24e-03	3.35e-04	4.04e-05	8.29e-06	0.00e+00	0.00e+00
 4.33236e+22	9.20e-18	3.46e-12	5.89e-08	2.20e-06	4.57e-05	2.63e-04	5.38e-04	1.65e-03	6.75e-02	3.07e-01	3.82e-01	1.86e-01	5.04e-02	4.57e-03	2.83e-04	3.35e-05	6.63e-06	0.00e+00	0.00e+00
 4.35291e+22	1.14e-17	4.16e-12	6.83e-08	2.59e-06	5.43e-05	3.10e-04	6.22e-04	1.90e-03	7.36e-02	3.18e-01	3.78e-01	1.77e-01	4.58e-02	3.99e-03	2.38e-04	2.77e-05	5.29e-06	0.00e+00	0.00e+00
 4.37359e+22	1.42e-17	4.98e-12	7.88e-08	3.04e-06	6.43e-05	3.66e-04	7.17e-04	2.17e-03	8.02e-02	3.30e-01	3.74e-01	1.67e-01	4.14e-02	3.47e-03	2.00e-04	2.28e-05	4.21e-06	0.00e+00	0.00e+00
 4.39446e+22	1.75e-17	5.94e-12	9.07e-08	3.57e-06	7.60e-05	4.30e-04	8.25e-04	2.49e-03	8.72e-02	3.42e-01	3.68e-01	1.58e-01	3.74e-02	3.01e-03	1.68e-04	1.88e-05	3.34e-06	0.00e+00	0.00e+00
 4.41560e+22	2.17e-17	7.08e-12	1.04e-07	4.18e-06	8.97e-05	5.06e-04	9.48e-04	2.85e-03	9.48e-02	3.53e-01	3.62e-01	1.49e-01	3.37e-02	2.60e-03	1.41e-04	1.54e-05	2.64e-06	0.00e+00	0.00e+00
 4.43683e+22	2.67e-17	8.41e-12	1.19e-07	4.89e-06	1.05e-04	5.91e-04	1.08e-03	3.25e-03	1.03e-01	3.63e-01	3.55e-01	1.41e-01	3.03e-02	2.25e-03	1.18e-04	1.26e-05	2.09e-06	0.00e+00	0.00e+00
 4.45842e+22	3.30e-17	1.00e-11	1.37e-07	5.72e-06	1.24e-04	6.93e-04	1.24e-03	3.71e-03	1.11e-01	3.74e-01	3.48e-01	1.32e-01	2.71e-02	1.93e-03	9.77e-05	1.03e-05	1.64e-06	0.00e+00	0.00e+00
 4.48026e+22	4.07e-17	1.19e-11	1.57e-07	6.68e-06	1.46e-04	8.08e-04	1.42e-03	4.22e-03	1.20e-01	3.84e-01	3.40e-01	1.24e-01	2.43e-02	1.66e-03	8.13e-05	8.37e-06	1.29e-06	0.00e+00	0.00e+00
 4.50255e+22	5.06e-17	1.43e-11	1.81e-07	7.85e-06	1.72e-04	9.46e-04	1.62e-03	4.81e-03	1.30e-01	3.94e-01	3.31e-01	1.15e-01	2.16e-02	1.42e-03	6.70e-05	6.75e-06	1.00e-06	0.00e+00	0.00e+00
 4.52327e+22	6.05e-17	1.65e-11	2.04e-07	8.95e-06	1.96e-04	1.07e-03	1.80e-03	5.34e-03	1.38e-01	4.01e-01	3.23e-01	1.09e-01	1.96e-02	1.25e-03	5.74e-05	5.67e-06	8.21e-07	0.00e+00	0.00e+00
 4.54465e+22	7.62e-17	2.00e-11	2.36e-07	1.06e-05	2.33e-04	1.26e-03	2.05e-03	6.11e-03	1.49e-01	4.10e-01	3.13e-01	1.00e-01	1.72e-02	1.05e-03	4.67e-05	4.51e-06	6.29e-07	0.00e+00	0.00e+00
 4.56638e+22	9.20e-17	2.34e-11	2.68e-07	1.21e-05	2.66e-04	1.43e-03	2.27e-03	6.77e-03	1.58e-01	4.16e-01	3.04e-01	9.43e-02	1.56e-02	9.21e-04	3.98e-05	3.77e-06	5.11e-07	0.00e+00	0.00e+00
 4.58858e+22	1.17e-16	2.85e-11	3.13e-07	1.44e-05	3.15e-04	1.67e-03	2.59e-03	7.73e-03	1.71e-01	4.23e-01	2.93e-01	8.67e-02	1.36e-02	7.71e-04	3.21e-05	2.98e-06	3.88e-07	0.00e+00	0.00e+00
 4.61087e+22	1.42e-16	3.36e-11	3.57e-07	1.65e-05	3.59e-04	1.89e-03	2.86e-03	8.52e-03	1.80e-01	4.28e-01	2.84e-01	8.12e-02	1.23e-02	6.75e-04	2.74e-05	2.49e-06	3.16e-07	0.00e+00	0.00e+00
 4.63326e+22	1.82e-16	4.13e-11	4.21e-07	1.97e-05	4.25e-04	2.20e-03	3.24e-03	9.67e-03	1.93e-01	4.33e-01	2.73e-01	7.44e-02	1.07e-02	5.65e-04	2.22e-05	1.97e-06	2.40e-07	0.00e+00	0.00e+00
 4.65579e+22	2.23e-16	4.89e-11	4.83e-07	2.26e-05	4.84e-04	2.48e-03	3.55e-03	1.06e-02	2.03e-01	4.37e-01	2.64e-01	6.95e-02	9.63e-03	4.94e-04	1.89e-05	1.64e-06	1.95e-07	0.00e+00	0.00e+00
 4.67850e+22	2.89e-16	6.08e-11	5.76e-07	2.71e-05	5.72e-04	2.89e-03	4.00e-03	1.20e-02	2.16e-01	4.40e-01	2.52e-01	6.35e-02	8.37e-03	4.13e-04	1.52e-05	1.29e-06	1.48e-07	0.00e+00	0.00e+00
 4.70141e+22	3.56e-16	7.26e-11	6.65e-07	3.13e-05	6.52e-04	3.24e-03	4.38e-03	1.31e-02	2.27e-01	4.42e-01	2.43e-01	5.91e-02	7.51e-03	3.60e-04	1.29e-05	1.08e-06	0.00e+00	0.00e+00	0.00e+00
 4.72458e+22	4.68e-16	9.13e-11	8.02e-07	3.76e-05	7.72e-04	3.76e-03	4.92e-03	1.48e-02	2.41e-01	4.44e-01	2.31e-01	5.37e-02	6.50e-03	3.00e-04	1.04e-05	8.47e-07	0.00e+00	0.00e+00	0.00e+00
 4.74804e+22	5.84e-16	1.10e-10	9.35e-07	4.37e-05	8.81e-04	4.23e-03	5.37e-03	1.61e-02	2.52e-01	4.44e-01	2.22e-01	4.98e-02	5.81e-03	2.60e-04	8.78e-06	7.03e-07	0.00e+00	0.00e+00	0.00e+00
 4.77188e+22	7.79e-16	1.41e-10	1.14e-06	5.30e-05	1.04e-03	4.90e-03	6.01e-03	1.81e-02	2.66e-01	4.44e-01	2.10e-01	4.51e-02	5.01e-03	2.16e-04	7.04e-06	5.50e-07	0.00e+00	0.00e+00	0.00e+00
 4.79613e+22	9.86e-16	1.72e-10	1.35e-06	6.19e-05	1.20e-03	5.51e-03	6.56e-03	1.97e-02	2.77e-01	4.43e-01	2.01e-01	4.16e-02	4.45e-03	1.86e-04	5.91e-06	4.53e-07	0.00e+00	0.00e+00	0.00e+00
 4.82090e+22	1.34e-15	2.24e-10	1.68e-06	7.58e-05	1.42e-03	6.40e-03	7.33e-03	2.20e-02	2.92e-01	4.40e-01	1.89e-01	3.74e-02	3.81e-03	1.54e-04	4.70e-06	3.52e-07	0.00e+00	0.00e+00	0.00e+00
 4.84620e+22	1.73e-15	2.78e-10	2.01e-06	8.95e-05	1.64e-03	7.21e-03	8.00e-03	2.40e-02	3.04e-01	4.37e-01	1.80e-01	3.43e-02	3.36e-03	1.32e-04	3.92e-06	2.88e-07	0.00e+00	0.00e+00	0.00e+00
 4.87219e+22	2.40e-15	3.69e-10	2.55e-06	1.11e-04	1.97e-03	8.39e-03	8.93e-03	2.67e-02	3.19e-01	4.33e-01	1.68e-01	3.06e-02	2.85e-03	1.08e-04	3.09e-06	2.21e-07	0.00e+00	0.00e+00	0.00e+00
 4.89879e+22	3.15e-15	4.66e-10	3.10e-06	1.32e-04	2.28e-03	9.47e-03	9.75e-03	2.91e-02	3.31e-01	4.28e-01	1.59e-01	2.79e-02	2.50e-03	9.16e-05	2.55e-06	1.79e-07	0.00e+00	0.00e+00	0.00e+00
 4.92122e+22	4.02e-15	5.74e-10	3.69e-06	1.55e-04	2.59e-03	1.05e-02	1.05e-02	3.13e-02	3.41e-01	4.24e-01	1.52e-01	2.57e-02	2.22e-03	7.94e-05	2.16e-06	1.49e-07	0.00e+00	0.00e+00	0.00e+00
 4.94542e+22	5.51e-15	7.54e-10	4.64e-06	1.89e-04	3.06e-03	1.21e-02	1.16e-02	3.43e-02	3.55e-01	4.17e-01	1.42e-01	2.31e-02	1.91e-03	6.58e-05	1.73e-06	1.17e-07	0.00e+00	0.00e+00	0.00e+00
 4.96997e+22	7.09e-15	9.39e-10	5.59e-06	2.22e-04	3.49e-03	1.34e-02	1.25e-02	3.69e-02	3.65e-01	4.11e-01	1.34e-01	2.11e-02	1.69e-03	5.68e-05	1.45e-06	0.00e+00	0.00e+00	0.00e+00	0.00e+00
 4.99119e+22	9.03e-15	1.16e-09	6.66e-06	2.59e-04	3.95e-03	1.48e-02	1.34e-02	3.94e-02	3.74e-01	4.05e-01	1.28e-01	1.94e-02	1.50e-03	4.93e-05	1.23e-06	0.00e+00	0.00e+00	0.00e+00	0.00e+00
 5.01499e+22	1.24e-14	1.52e-09	8.39e-06	3.16e-04	4.63e-03	1.69e-02	1.46e-02	4.29e-02	3.86e-01	3.97e-01	1.19e-01	1.74e-02	1.28e-03	4.10e-05	9.89e-07	0.00e+00	0.00e+00	0.00e+00	0.00e+00
 5.03868e+22	1.58e-14	1.87e-09	1.00e-05	3.68e-04	5.23e-03	1.86e-02	1.56e-02	4.55e-02	3.94e-01	3.90e-01	1.13e-01	1.60e-02	1.15e-03	3.57e-05	8.42e-07	0.00e+00	0.00e+00	0.00e+00	0.00e+00
 5.06225e+22	2.16e-14	2.46e-09	1.26e-05	4.47e-04	6.12e-03	2.10e-02	1.70e-02	4.93e-02	4.05e-01	3.81e-01	1.05e-01	1.43e-02	9.82e-04	2.97e-05	6.78e-07	0.00e+00	0.00e+00	0.00e+00	0.00e+00
 5.08617e+22	2.77e-14	3.06e-09	1.52e-05	5.23e-04	6.93e-03	2.32e-02	1.82e-02	5.22e-02	4.13e-01	3.73e-01	9.92e-02	1.31e-02	8.71e-04	2.58e-05	5.74e-07	0.00e+00	0.00e+00	0.00e+00	0.00e+00
 5.11055e+22	3.84e-14	4.06e-09	1.93e-05	6.40e-04	8.13e-03	2.62e-02	1.97e-02	5.63e-02	4.22e-01	3.63e-01	9.18e-02	1.16e-02	7.42e-04	2.13e-05	4.59e-07	0.00e+00	0.00e+00	0.00e+00	0.00e+00
 5.13533e+22	4.98e-14	5.08e-09	2.33e-05	7.51e-04	9.22e-03	2.89e-02	2.11e-02	5.95e-02	4.29e-01	3.54e-01	8.64e-02	1.06e-02	6.55e-04	1.84e-05	3.87e-07	0.00e+00	0.00e+00	0.00e+00	0.00e+00
 5.16065e+22	6.99e-14	6.83e-09	2.99e-05	9.25e-04	1.09e-02	3.28e-02	2.29e-02	6.42e-02	4.37e-01	3.42e-01	7.94e-02	9.36e-03	5.52e-04	1.51e-05	3.06e-07	0.00e+00	0.00e+00	0.00e+00	0.00e+00
 5.18628e+22	9.12e-14	8.60e-09	3.64e-05	1.09e-03	1.23e-02	3.61e-02	2.44e-02	6.76e-02	4.43e-01	3.33e-01	7.44e-02	8.49e-03	4.85e-04	1.29e-05	2.56e-07	0.00e+00	0.00e+00	0.00e+00	0.00e+00
 5.21232e+22	1.29e-13	1.16e-08	4.70e-05	1.34e-03	1.45e-02	4.08e-02	2.64e-02	7.25e-02	4.49e-01	3.20e-01	6.80e-02	7.44e-03	4.06e-04	1.05e-05	2.01e-07	0.00e+00	0.00e+00	0.00e+00	0.00e+00
 5.23912e+22	1.71e-13	1.49e-08	5.78e-05	1.60e-03	1.66e-02	4.51e-02	2.81e-02	7.64e-02	4.53e-01	3.09e-01	6.31e-02	6.68e-03	3.52e-04	8.93e-06	1.66e-07	0.00e+00	0.00e+00	0.00e+00	0.00e+00
 5.26691e+22	2.47e-13	2.04e-08	7.57e-05	1.99e-03	1.96e-02	5.11e-02	3.05e-02	8.17e-02	4.57e-01	2.94e-01	5.71e-02	5.78e-03	2.92e-04	7.17e-06	1.28e-07	0.00e+00	0.00e+00	0.00e+00	0.00e+00
 5.29533e+22	3.32e-13	2.64e-08	9.39e-05	2.37e-03	2.25e-02	5.64e-02	3.24e-02	8.59e-02	4.59e-01	2.83e-01	5.26e-02	5.14e-03	2.50e-04	6.01e-06	0.00e+00	0.00e+00	0.00e+00	0.00e+00	0.00e+00
 5.32455e+22	4.86e-13	3.67e-08	1.24e-04	2.98e-03	2.67e-02	6.40e-02	3.50e-02	9.14e-02	4.61e-01	2.67e-01	4.71e-02	4.40e-03	2.04e-04	4.76e-06	0.00e+00	0.00e+00	0.00e+00	0.00e+00	0.00e+00
 5.35405e+22	6.52e-13	4.73e-08	1.54e-04	3.54e-03	3.05e-02	7.03e-02	3.71e-02	9.55e-02	4.60e-01	2.55e-01	4.32e-02	3.89e-03	1.75e-04	3.97e-06	0.00e+00	0.00e+00	0.00e+00	0.00e+00	0.00e+00
