#depth	Ne	Ne+	Ne+2	Ne+3	Ne+4	Ne+5	Ne+6	Ne+7	Ne+8	Ne+9	Ne+10
 1.54284e+22	0.00e+00	0.00e+00	9.44e-28	7.54e-23	1.36e-18	6.07e-15	1.07e-11	1.17e-08	4.24e-05	1.29e-02	9.87e-01
 3.58111e+22	0.00e+00	2.91e-32	1.23e-26	7.16e-22	9.48e-18	3.07e-14	3.94e-11	3.12e-08	8.17e-05	1.79e-02	9.82e-01
 4.44005e+22	0.00e+00	2.30e-31	7.75e-26	3.60e-21	3.80e-17	9.82e-14	1.00e-10	6.33e-08	1.31e-04	2.26e-02	9.77e-01
 5.09436e+22	0.00e+00	1.20e-30	3.38e-25	1.31e-20	1.16e-16	2.49e-13	2.12e-10	1.11e-07	1.91e-04	2.72e-02	9.73e-01
 5.45786e+22	0.00e+00	1.84e-30	4.94e-25	1.83e-20	1.54e-16	3.17e-13	2.58e-10	1.29e-07	2.10e-04	2.85e-02	9.71e-01
 5.57838e+22	0.00e+00	2.42e-30	6.30e-25	2.27e-20	1.85e-16	3.69e-13	2.92e-10	1.42e-07	2.24e-04	2.94e-02	9.70e-01
 5.68839e+22	0.00e+00	3.40e-30	8.54e-25	2.96e-20	2.33e-16	4.48e-13	3.41e-10	1.59e-07	2.42e-04	3.06e-02	9.69e-01
 5.79879e+22	0.00e+00	4.50e-30	1.09e-24	3.68e-20	2.81e-16	5.23e-13	3.87e-10	1.75e-07	2.58e-04	3.16e-02	9.68e-01
 5.90970e+22	0.00e+00	6.43e-30	1.50e-24	4.86e-20	3.57e-16	6.40e-13	4.54e-10	1.98e-07	2.80e-04	3.28e-02	9.67e-01
 6.02117e+22	0.00e+00	8.69e-30	1.97e-24	6.15e-20	4.37e-16	7.58e-13	5.20e-10	2.19e-07	3.00e-04	3.40e-02	9.66e-01
 6.11674e+22	0.00e+00	1.13e-29	2.49e-24	7.56e-20	5.21e-16	8.80e-13	5.87e-10	2.40e-07	3.18e-04	3.50e-02	9.65e-01
 6.22436e+22	0.00e+00	1.57e-29	3.33e-24	9.78e-20	6.50e-16	1.06e-12	6.81e-10	2.68e-07	3.43e-04	3.63e-02	9.63e-01
 6.33969e+22	0.00e+00	2.19e-29	4.48e-24	1.27e-19	8.13e-16	1.28e-12	7.91e-10	3.00e-07	3.70e-04	3.77e-02	9.62e-01
 6.43893e+22	0.00e+00	2.87e-29	5.69e-24	1.56e-19	9.73e-16	1.48e-12	8.93e-10	3.29e-07	3.93e-04	3.88e-02	9.61e-01
 6.54181e+22	0.00e+00	3.96e-29	7.58e-24	2.01e-19	1.21e-15	1.78e-12	1.03e-09	3.67e-07	4.23e-04	4.02e-02	9.59e-01
 6.65074e+22	0.00e+00	5.41e-29	9.99e-24	2.56e-19	1.49e-15	2.12e-12	1.19e-09	4.08e-07	4.54e-04	4.16e-02	9.58e-01
 6.74886e+22	0.00e+00	7.18e-29	1.29e-23	3.19e-19	1.80e-15	2.48e-12	1.35e-09	4.49e-07	4.84e-04	4.29e-02	9.57e-01
 6.85772e+22	0.00e+00	1.02e-28	1.76e-23	4.21e-19	2.28e-15	3.03e-12	1.59e-09	5.06e-07	5.24e-04	4.47e-02	9.55e-01
 6.97040e+22	0.00e+00	1.40e-28	2.33e-23	5.38e-19	2.82e-15	3.61e-12	1.83e-09	5.63e-07	5.62e-04	4.62e-02	9.53e-01
 7.06646e+22	0.00e+00	1.86e-28	3.00e-23	6.71e-19	3.41e-15	4.24e-12	2.07e-09	6.19e-07	5.99e-04	4.77e-02	9.52e-01
 7.15620e+22	0.00e+00	2.45e-28	3.82e-23	8.30e-19	4.09e-15	4.94e-12	2.34e-09	6.79e-07	6.37e-04	4.91e-02	9.50e-01
 7.25929e+22	0.00e+00	3.47e-28	5.21e-23	1.09e-18	5.17e-15	6.00e-12	2.74e-09	7.63e-07	6.89e-04	5.10e-02	9.48e-01
 7.36587e+22	0.00e+00	4.66e-28	6.77e-23	1.37e-18	6.29e-15	7.08e-12	3.13e-09	8.43e-07	7.35e-04	5.27e-02	9.47e-01
 7.47701e+22	3.15e-34	6.75e-28	9.41e-23	1.83e-18	8.06e-15	8.70e-12	3.69e-09	9.53e-07	7.98e-04	5.48e-02	9.44e-01
 7.59046e+22	4.64e-34	9.54e-28	1.28e-22	2.39e-18	1.02e-14	1.06e-11	4.30e-09	1.07e-06	8.62e-04	5.69e-02	9.42e-01
 7.68264e+22	6.28e-34	1.25e-27	1.63e-22	2.95e-18	1.22e-14	1.23e-11	4.86e-09	1.17e-06	9.15e-04	5.86e-02	9.41e-01
 7.77817e+22	9.16e-34	1.75e-27	2.20e-22	3.84e-18	1.53e-14	1.48e-11	5.65e-09	1.31e-06	9.86e-04	6.07e-02	9.38e-01
 7.87807e+22	1.30e-33	2.39e-27	2.89e-22	4.88e-18	1.87e-14	1.76e-11	6.47e-09	1.45e-06	1.05e-03	6.27e-02	9.36e-01
 7.96831e+22	1.79e-33	3.19e-27	3.74e-22	6.11e-18	2.27e-14	2.07e-11	7.36e-09	1.59e-06	1.12e-03	6.47e-02	9.34e-01
 8.07030e+22	2.73e-33	4.67e-27	5.23e-22	8.19e-18	2.93e-14	2.55e-11	8.70e-09	1.80e-06	1.22e-03	6.73e-02	9.32e-01
 8.17411e+22	3.85e-33	6.36e-27	6.88e-22	1.04e-17	3.59e-14	3.03e-11	9.97e-09	2.00e-06	1.30e-03	6.95e-02	9.29e-01
 8.26288e+22	5.45e-33	8.66e-27	9.05e-22	1.32e-17	4.41e-14	3.60e-11	1.14e-08	2.20e-06	1.39e-03	7.17e-02	9.27e-01
 8.34625e+22	7.46e-33	1.15e-26	1.16e-21	1.64e-17	5.32e-14	4.21e-11	1.29e-08	2.42e-06	1.48e-03	7.38e-02	9.25e-01
 8.43998e+22	1.10e-32	1.62e-26	1.58e-21	2.15e-17	6.69e-14	5.09e-11	1.50e-08	2.70e-06	1.59e-03	7.65e-02	9.22e-01
 8.53848e+22	1.58e-32	2.25e-26	2.11e-21	2.77e-17	8.32e-14	6.11e-11	1.74e-08	3.00e-06	1.71e-03	7.91e-02	9.19e-01
 8.62630e+22	2.25e-32	3.08e-26	2.78e-21	3.53e-17	1.02e-13	7.26e-11	1.99e-08	3.32e-06	1.83e-03	8.16e-02	9.17e-01
 8.72359e+22	3.45e-32	4.52e-26	3.90e-21	4.74e-17	1.32e-13	8.97e-11	2.35e-08	3.75e-06	1.98e-03	8.48e-02	9.13e-01
 8.82004e+22	4.87e-32	6.16e-26	5.14e-21	6.03e-17	1.62e-13	1.06e-10	2.69e-08	4.15e-06	2.11e-03	8.75e-02	9.10e-01
 8.90160e+22	6.86e-32	8.36e-26	6.73e-21	7.64e-17	1.99e-13	1.26e-10	3.07e-08	4.57e-06	2.25e-03	9.02e-02	9.08e-01
 8.98164e+22	9.43e-32	1.11e-25	8.66e-21	9.52e-17	2.40e-13	1.47e-10	3.48e-08	5.01e-06	2.39e-03	9.28e-02	9.05e-01
 9.07351e+22	1.43e-31	1.61e-25	1.20e-20	1.27e-16	3.06e-13	1.81e-10	4.09e-08	5.63e-06	2.58e-03	9.63e-02	9.01e-01
 9.16807e+22	2.07e-31	2.25e-25	1.62e-20	1.64e-16	3.82e-13	2.17e-10	4.72e-08	6.26e-06	2.77e-03	9.94e-02	8.98e-01
 9.25076e+22	2.94e-31	3.08e-25	2.13e-20	2.09e-16	4.71e-13	2.58e-10	5.41e-08	6.91e-06	2.95e-03	1.03e-01	8.95e-01
 9.32895e+22	4.02e-31	4.07e-25	2.73e-20	2.59e-16	5.66e-13	3.01e-10	6.11e-08	7.55e-06	3.13e-03	1.05e-01	8.92e-01
 9.41664e+22	6.12e-31	5.93e-25	3.81e-20	3.46e-16	7.26e-13	3.71e-10	7.18e-08	8.50e-06	3.38e-03	1.09e-01	8.87e-01
 9.50656e+22	8.85e-31	8.24e-25	5.09e-20	4.47e-16	9.02e-13	4.44e-10	8.28e-08	9.42e-06	3.61e-03	1.13e-01	8.84e-01
 9.58589e+22	1.24e-30	1.11e-24	6.65e-20	5.64e-16	1.10e-12	5.24e-10	9.43e-08	1.04e-05	3.84e-03	1.16e-01	8.80e-01
 9.67556e+22	1.91e-30	1.64e-24	9.37e-20	7.60e-16	1.42e-12	6.49e-10	1.11e-07	1.17e-05	4.16e-03	1.20e-01	8.76e-01
 9.76652e+22	2.77e-30	2.29e-24	1.26e-19	9.83e-16	1.77e-12	7.79e-10	1.29e-07	1.30e-05	4.44e-03	1.24e-01	8.71e-01
 9.84532e+22	3.95e-30	3.15e-24	1.66e-19	1.26e-15	2.19e-12	9.27e-10	1.47e-07	1.43e-05	4.74e-03	1.28e-01	8.68e-01
 9.93390e+22	6.19e-30	4.70e-24	2.37e-19	1.71e-15	2.85e-12	1.15e-09	1.75e-07	1.62e-05	5.13e-03	1.33e-01	8.62e-01
 1.00243e+23	8.89e-30	6.50e-24	3.16e-19	2.19e-15	3.53e-12	1.38e-09	2.01e-07	1.79e-05	5.48e-03	1.37e-01	8.58e-01
 1.01043e+23	1.27e-29	8.97e-24	4.20e-19	2.81e-15	4.37e-12	1.65e-09	2.31e-07	1.98e-05	5.84e-03	1.41e-01	8.54e-01
 1.01953e+23	2.00e-29	1.34e-23	6.01e-19	3.84e-15	5.71e-12	2.06e-09	2.74e-07	2.25e-05	6.33e-03	1.46e-01	8.48e-01
 1.02881e+23	2.99e-29	1.93e-23	8.25e-19	5.07e-15	7.24e-12	2.50e-09	3.20e-07	2.51e-05	6.79e-03	1.51e-01	8.43e-01
 1.03691e+23	4.29e-29	2.66e-23	1.10e-18	6.49e-15	8.95e-12	2.98e-09	3.67e-07	2.77e-05	7.24e-03	1.55e-01	8.38e-01
 1.04601e+23	6.98e-29	4.11e-23	1.61e-18	9.09e-15	1.19e-11	3.79e-09	4.42e-07	3.17e-05	7.88e-03	1.61e-01	8.31e-01
 1.05477e+23	9.83e-29	5.58e-23	2.11e-18	1.15e-14	1.46e-11	4.48e-09	5.03e-07	3.48e-05	8.37e-03	1.65e-01	8.26e-01
 1.06310e+23	1.56e-28	8.44e-23	3.04e-18	1.58e-14	1.92e-11	5.61e-09	5.99e-07	3.94e-05	9.06e-03	1.71e-01	8.20e-01
 1.07146e+23	2.20e-28	1.15e-22	3.99e-18	2.00e-14	2.35e-11	6.64e-09	6.83e-07	4.33e-05	9.61e-03	1.76e-01	8.14e-01
 1.07841e+23	3.08e-28	1.55e-22	5.21e-18	2.53e-14	2.87e-11	7.82e-09	7.76e-07	4.74e-05	1.02e-02	1.80e-01	8.09e-01
 1.08485e+23	4.21e-28	2.05e-22	6.67e-18	3.13e-14	3.44e-11	9.11e-09	8.73e-07	5.16e-05	1.07e-02	1.85e-01	8.04e-01
 1.09078e+23	5.61e-28	2.65e-22	8.37e-18	3.82e-14	4.08e-11	1.05e-08	9.72e-07	5.57e-05	1.13e-02	1.89e-01	8.00e-01
 1.09631e+23	7.41e-28	3.41e-22	1.04e-17	4.62e-14	4.80e-11	1.20e-08	1.08e-06	6.00e-05	1.18e-02	1.93e-01	7.95e-01
 1.10263e+23	1.06e-27	4.70e-22	1.39e-17	5.92e-14	5.94e-11	1.43e-08	1.24e-06	6.61e-05	1.25e-02	1.98e-01	7.90e-01
 1.10873e+23	1.39e-27	5.96e-22	1.71e-17	7.10e-14	6.94e-11	1.63e-08	1.37e-06	7.10e-05	1.31e-02	2.02e-01	7.85e-01
 1.11377e+23	1.80e-27	7.52e-22	2.10e-17	8.49e-14	8.08e-11	1.84e-08	1.51e-06	7.61e-05	1.37e-02	2.05e-01	7.81e-01
 1.11955e+23	2.49e-27	1.01e-21	2.72e-17	1.06e-13	9.80e-11	2.16e-08	1.70e-06	8.30e-05	1.45e-02	2.10e-01	7.75e-01
 1.12546e+23	3.28e-27	1.29e-21	3.37e-17	1.28e-13	1.15e-10	2.47e-08	1.88e-06	8.92e-05	1.51e-02	2.14e-01	7.70e-01
 1.13050e+23	4.28e-27	1.63e-21	4.16e-17	1.54e-13	1.34e-10	2.81e-08	2.08e-06	9.57e-05	1.58e-02	2.18e-01	7.66e-01
 1.13519e+23	5.53e-27	2.06e-21	5.09e-17	1.84e-13	1.56e-10	3.18e-08	2.29e-06	1.02e-04	1.65e-02	2.22e-01	7.61e-01
 1.14049e+23	7.53e-27	2.71e-21	6.49e-17	2.27e-13	1.87e-10	3.69e-08	2.57e-06	1.11e-04	1.73e-02	2.27e-01	7.55e-01
 1.14594e+23	1.00e-26	3.50e-21	8.12e-17	2.75e-13	2.21e-10	4.23e-08	2.85e-06	1.20e-04	1.82e-02	2.32e-01	7.50e-01
 1.15067e+23	1.29e-26	4.39e-21	9.92e-17	3.28e-13	2.56e-10	4.78e-08	3.13e-06	1.28e-04	1.89e-02	2.36e-01	7.45e-01
 1.15504e+23	1.64e-26	5.46e-21	1.20e-16	3.87e-13	2.95e-10	5.37e-08	3.43e-06	1.36e-04	1.97e-02	2.39e-01	7.41e-01
 1.15923e+23	2.09e-26	6.76e-21	1.45e-16	4.56e-13	3.40e-10	6.03e-08	3.74e-06	1.45e-04	2.04e-02	2.43e-01	7.36e-01
 1.16403e+23	2.81e-26	8.83e-21	1.83e-16	5.59e-13	4.04e-10	6.95e-08	4.18e-06	1.56e-04	2.14e-02	2.48e-01	7.30e-01
 1.16893e+23	3.68e-26	1.12e-20	2.27e-16	6.72e-13	4.73e-10	7.92e-08	4.61e-06	1.68e-04	2.24e-02	2.52e-01	7.25e-01
 1.17313e+23	4.68e-26	1.39e-20	2.74e-16	7.91e-13	5.44e-10	8.88e-08	5.04e-06	1.78e-04	2.32e-02	2.56e-01	7.20e-01
 1.17775e+23	6.36e-26	1.83e-20	3.49e-16	9.75e-13	6.50e-10	1.03e-07	5.64e-06	1.93e-04	2.44e-02	2.61e-01	7.14e-01
 1.18252e+23	8.35e-26	2.34e-20	4.32e-16	1.17e-12	7.62e-10	1.17e-07	6.23e-06	2.07e-04	2.54e-02	2.66e-01	7.09e-01
 1.18672e+23	1.08e-25	2.94e-20	5.28e-16	1.40e-12	8.83e-10	1.32e-07	6.83e-06	2.21e-04	2.65e-02	2.70e-01	7.03e-01
 1.19145e+23	1.51e-25	3.96e-20	6.87e-16	1.75e-12	1.07e-09	1.55e-07	7.72e-06	2.40e-04	2.79e-02	2.76e-01	6.96e-01
 1.19624e+23	1.98e-25	5.06e-20	8.52e-16	2.11e-12	1.26e-09	1.77e-07	8.53e-06	2.57e-04	2.91e-02	2.80e-01	6.90e-01
 1.20032e+23	2.53e-25	6.30e-20	1.03e-15	2.50e-12	1.45e-09	1.99e-07	9.32e-06	2.74e-04	3.02e-02	2.84e-01	6.85e-01
 1.20485e+23	3.61e-25	8.68e-20	1.37e-15	3.18e-12	1.78e-09	2.36e-07	1.06e-05	3.00e-04	3.19e-02	2.90e-01	6.77e-01
 1.20930e+23	4.60e-25	1.08e-19	1.65e-15	3.74e-12	2.05e-09	2.64e-07	1.16e-05	3.18e-04	3.30e-02	2.95e-01	6.72e-01
 1.21365e+23	6.50e-25	1.47e-19	2.17e-15	4.74e-12	2.50e-09	3.11e-07	1.31e-05	3.47e-04	3.48e-02	3.01e-01	6.64e-01
 1.21793e+23	8.17e-25	1.80e-19	2.60e-15	5.53e-12	2.85e-09	3.47e-07	1.43e-05	3.68e-04	3.61e-02	3.05e-01	6.59e-01
 1.22212e+23	1.16e-24	2.47e-19	3.43e-15	7.03e-12	3.50e-09	4.11e-07	1.62e-05	4.02e-04	3.80e-02	3.11e-01	6.51e-01
 1.22626e+23	1.47e-24	3.04e-19	4.11e-15	8.22e-12	4.00e-09	4.59e-07	1.76e-05	4.26e-04	3.94e-02	3.15e-01	6.45e-01
 1.23035e+23	2.09e-24	4.17e-19	5.41e-15	1.04e-11	4.90e-09	5.42e-07	2.00e-05	4.65e-04	4.15e-02	3.21e-01	6.37e-01
 1.23447e+23	2.68e-24	5.21e-19	6.58e-15	1.24e-11	5.65e-09	6.10e-07	2.19e-05	4.95e-04	4.31e-02	3.25e-01	6.31e-01
 1.23862e+23	3.83e-24	7.18e-19	8.71e-15	1.57e-11	6.94e-09	7.23e-07	2.49e-05	5.40e-04	4.54e-02	3.32e-01	6.22e-01
 1.24284e+23	4.98e-24	9.10e-19	1.07e-14	1.88e-11	8.09e-09	8.20e-07	2.75e-05	5.78e-04	4.72e-02	3.36e-01	6.16e-01
 1.24714e+23	7.12e-24	1.25e-18	1.42e-14	2.40e-11	9.94e-09	9.73e-07	3.13e-05	6.32e-04	4.98e-02	3.43e-01	6.07e-01
 1.25141e+23	9.35e-24	1.60e-18	1.76e-14	2.88e-11	1.16e-08	1.11e-06	3.46e-05	6.76e-04	5.19e-02	3.48e-01	6.00e-01
 1.25563e+23	1.34e-23	2.20e-18	2.33e-14	3.67e-11	1.43e-08	1.31e-06	3.94e-05	7.39e-04	5.47e-02	3.54e-01	5.91e-01
 1.25991e+23	1.77e-23	2.84e-18	2.90e-14	4.44e-11	1.68e-08	1.50e-06	4.37e-05	7.94e-04	5.70e-02	3.59e-01	5.83e-01
 1.26428e+23	2.57e-23	3.96e-18	3.88e-14	5.70e-11	2.09e-08	1.80e-06	5.01e-05	8.71e-04	6.03e-02	3.66e-01	5.73e-01
 1.26869e+23	3.43e-23	5.13e-18	4.88e-14	6.94e-11	2.47e-08	2.07e-06	5.57e-05	9.38e-04	6.29e-02	3.71e-01	5.65e-01
 1.27316e+23	5.01e-23	7.20e-18	6.57e-14	8.97e-11	3.07e-08	2.48e-06	6.41e-05	1.03e-03	6.65e-02	3.78e-01	5.55e-01
 1.27765e+23	6.69e-23	9.33e-18	8.24e-14	1.09e-10	3.63e-08	2.85e-06	7.14e-05	1.11e-03	6.95e-02	3.83e-01	5.46e-01
 1.28153e+23	8.86e-23	1.20e-17	1.03e-13	1.32e-10	4.28e-08	3.27e-06	7.93e-05	1.19e-03	7.24e-02	3.88e-01	5.38e-01
 1.28591e+23	1.27e-22	1.66e-17	1.36e-13	1.68e-10	5.28e-08	3.89e-06	9.07e-05	1.31e-03	7.64e-02	3.94e-01	5.28e-01
 1.29031e+23	1.67e-22	2.12e-17	1.69e-13	2.03e-10	6.20e-08	4.45e-06	1.01e-04	1.40e-03	7.96e-02	3.99e-01	5.20e-01
 1.29472e+23	2.39e-22	2.93e-17	2.25e-13	2.59e-10	7.64e-08	5.31e-06	1.15e-04	1.54e-03	8.39e-02	4.06e-01	5.09e-01
 1.29916e+23	3.10e-22	3.70e-17	2.76e-13	3.09e-10	8.91e-08	6.04e-06	1.27e-04	1.65e-03	8.73e-02	4.10e-01	5.01e-01
 1.30366e+23	4.41e-22	5.08e-17	3.65e-13	3.93e-10	1.10e-07	7.19e-06	1.46e-04	1.81e-03	9.20e-02	4.16e-01	4.90e-01
 1.30824e+23	5.73e-22	6.44e-17	4.49e-13	4.71e-10	1.28e-07	8.19e-06	1.62e-04	1.94e-03	9.57e-02	4.21e-01	4.81e-01
 1.31293e+23	8.12e-22	8.81e-17	5.92e-13	5.98e-10	1.58e-07	9.75e-06	1.85e-04	2.12e-03	1.01e-01	4.27e-01	4.70e-01
 1.31775e+23	1.06e-21	1.12e-16	7.31e-13	7.18e-10	1.84e-07	1.11e-05	2.05e-04	2.28e-03	1.05e-01	4.31e-01	4.61e-01
 1.32272e+23	1.50e-21	1.53e-16	9.62e-13	9.11e-10	2.27e-07	1.32e-05	2.35e-04	2.50e-03	1.11e-01	4.37e-01	4.50e-01
 1.32778e+23	1.96e-21	1.95e-16	1.19e-12	1.10e-09	2.66e-07	1.52e-05	2.61e-04	2.68e-03	1.15e-01	4.41e-01	4.41e-01
 1.33298e+23	2.75e-21	2.65e-16	1.56e-12	1.39e-09	3.27e-07	1.80e-05	2.99e-04	2.94e-03	1.21e-01	4.46e-01	4.29e-01
 1.33822e+23	3.57e-21	3.35e-16	1.92e-12	1.66e-09	3.82e-07	2.06e-05	3.31e-04	3.16e-03	1.26e-01	4.50e-01	4.20e-01
 1.34351e+23	4.95e-21	4.50e-16	2.50e-12	2.08e-09	4.65e-07	2.43e-05	3.78e-04	3.45e-03	1.32e-01	4.55e-01	4.09e-01
 1.34893e+23	6.41e-21	5.69e-16	3.08e-12	2.50e-09	5.44e-07	2.78e-05	4.19e-04	3.70e-03	1.38e-01	4.59e-01	4.00e-01
 1.35362e+23	8.11e-21	7.04e-16	3.72e-12	2.94e-09	6.28e-07	3.13e-05	4.61e-04	3.95e-03	1.43e-01	4.62e-01	3.91e-01
 1.35882e+23	1.09e-20	9.23e-16	4.73e-12	3.63e-09	7.53e-07	3.66e-05	5.20e-04	4.28e-03	1.49e-01	4.65e-01	3.81e-01
 1.36408e+23	1.38e-20	1.14e-15	5.70e-12	4.27e-09	8.68e-07	4.12e-05	5.71e-04	4.56e-03	1.54e-01	4.68e-01	3.72e-01
 1.36944e+23	1.86e-20	1.49e-15	7.24e-12	5.25e-09	1.04e-06	4.81e-05	6.44e-04	4.95e-03	1.61e-01	4.72e-01	3.62e-01
 1.37488e+23	2.33e-20	1.83e-15	8.69e-12	6.16e-09	1.20e-06	5.40e-05	7.06e-04	5.27e-03	1.67e-01	4.74e-01	3.53e-01
 1.37964e+23	2.90e-20	2.24e-15	1.04e-11	7.19e-09	1.37e-06	6.06e-05	7.73e-04	5.60e-03	1.72e-01	4.76e-01	3.45e-01
 1.38506e+23	3.86e-20	2.90e-15	1.31e-11	8.79e-09	1.63e-06	7.03e-05	8.69e-04	6.06e-03	1.80e-01	4.79e-01	3.35e-01
 1.39046e+23	4.72e-20	3.48e-15	1.54e-11	1.01e-08	1.85e-06	7.81e-05	9.43e-04	6.41e-03	1.85e-01	4.80e-01	3.28e-01
 1.39582e+23	6.19e-20	4.45e-15	1.92e-11	1.23e-08	2.18e-06	9.00e-05	1.05e-03	6.91e-03	1.92e-01	4.82e-01	3.18e-01
 1.40129e+23	7.59e-20	5.36e-15	2.26e-11	1.42e-08	2.48e-06	1.00e-04	1.15e-03	7.30e-03	1.98e-01	4.83e-01	3.10e-01
 1.40690e+23	9.94e-20	6.86e-15	2.82e-11	1.72e-08	2.93e-06	1.15e-04	1.28e-03	7.87e-03	2.06e-01	4.85e-01	3.00e-01
 1.41261e+23	1.22e-19	8.27e-15	3.34e-11	1.99e-08	3.32e-06	1.28e-04	1.39e-03	8.33e-03	2.12e-01	4.85e-01	2.93e-01
 1.41846e+23	1.60e-19	1.06e-14	4.16e-11	2.41e-08	3.93e-06	1.48e-04	1.56e-03	8.98e-03	2.20e-01	4.86e-01	2.83e-01
 1.42442e+23	1.97e-19	1.28e-14	4.92e-11	2.79e-08	4.47e-06	1.65e-04	1.70e-03	9.50e-03	2.27e-01	4.87e-01	2.75e-01
 1.43052e+23	2.58e-19	1.64e-14	6.14e-11	3.38e-08	5.29e-06	1.90e-04	1.90e-03	1.02e-02	2.35e-01	4.87e-01	2.66e-01
 1.43648e+23	3.10e-19	1.94e-14	7.13e-11	3.86e-08	5.92e-06	2.09e-04	2.04e-03	1.08e-02	2.41e-01	4.87e-01	2.59e-01
 1.44226e+23	3.99e-19	2.44e-14	8.77e-11	4.62e-08	6.94e-06	2.39e-04	2.27e-03	1.15e-02	2.50e-01	4.86e-01	2.50e-01
 1.44813e+23	4.80e-19	2.88e-14	1.02e-10	5.27e-08	7.77e-06	2.63e-04	2.44e-03	1.21e-02	2.56e-01	4.86e-01	2.44e-01
 1.45411e+23	6.14e-19	3.61e-14	1.25e-10	6.28e-08	9.06e-06	2.99e-04	2.70e-03	1.30e-02	2.64e-01	4.85e-01	2.35e-01
 1.46027e+23	7.49e-19	4.33e-14	1.47e-10	7.24e-08	1.03e-05	3.32e-04	2.93e-03	1.37e-02	2.71e-01	4.84e-01	2.28e-01
 1.46668e+23	9.60e-19	5.43e-14	1.80e-10	8.64e-08	1.20e-05	3.78e-04	3.24e-03	1.46e-02	2.80e-01	4.82e-01	2.20e-01
 1.47329e+23	1.18e-18	6.58e-14	2.13e-10	1.00e-07	1.36e-05	4.21e-04	3.52e-03	1.54e-02	2.87e-01	4.81e-01	2.13e-01
 1.48016e+23	1.53e-18	8.32e-14	2.63e-10	1.20e-07	1.60e-05	4.81e-04	3.91e-03	1.65e-02	2.97e-01	4.78e-01	2.04e-01
 1.48722e+23	1.90e-18	1.01e-13	3.14e-10	1.40e-07	1.82e-05	5.38e-04	4.26e-03	1.75e-02	3.05e-01	4.76e-01	1.97e-01
 1.49451e+23	2.48e-18	1.29e-13	3.90e-10	1.70e-07	2.15e-05	6.16e-04	4.73e-03	1.87e-02	3.14e-01	4.73e-01	1.88e-01
 1.50204e+23	3.10e-18	1.58e-13	4.68e-10	1.99e-07	2.46e-05	6.91e-04	5.17e-03	1.98e-02	3.23e-01	4.70e-01	1.81e-01
 1.50986e+23	4.08e-18	2.04e-13	5.87e-10	2.42e-07	2.92e-05	7.95e-04	5.76e-03	2.13e-02	3.33e-01	4.66e-01	1.73e-01
 1.51795e+23	5.16e-18	2.52e-13	7.10e-10	2.86e-07	3.37e-05	8.96e-04	6.31e-03	2.26e-02	3.42e-01	4.63e-01	1.66e-01
 1.52526e+23	6.46e-18	3.10e-13	8.54e-10	3.35e-07	3.87e-05	1.00e-03	6.89e-03	2.39e-02	3.50e-01	4.59e-01	1.59e-01
 1.53365e+23	8.60e-18	4.02e-13	1.08e-09	4.10e-07	4.60e-05	1.16e-03	7.69e-03	2.57e-02	3.61e-01	4.53e-01	1.51e-01
 1.54221e+23	1.09e-17	4.98e-13	1.31e-09	4.85e-07	5.31e-05	1.31e-03	8.42e-03	2.72e-02	3.70e-01	4.49e-01	1.44e-01
 1.54985e+23	1.36e-17	6.12e-13	1.57e-09	5.69e-07	6.09e-05	1.46e-03	9.17e-03	2.87e-02	3.78e-01	4.44e-01	1.38e-01
 1.55863e+23	1.83e-17	8.03e-13	2.00e-09	7.03e-07	7.32e-05	1.71e-03	1.03e-02	3.09e-02	3.90e-01	4.37e-01	1.30e-01
 1.56747e+23	2.30e-17	9.86e-13	2.41e-09	8.25e-07	8.38e-05	1.91e-03	1.12e-02	3.26e-02	3.98e-01	4.32e-01	1.24e-01
 1.57640e+23	3.08e-17	1.29e-12	3.07e-09	1.02e-06	1.01e-04	2.22e-03	1.26e-02	3.51e-02	4.10e-01	4.24e-01	1.16e-01
 1.58543e+23	3.87e-17	1.59e-12	3.70e-09	1.20e-06	1.16e-04	2.49e-03	1.37e-02	3.71e-02	4.18e-01	4.17e-01	1.11e-01
 1.59462e+23	5.18e-17	2.08e-12	4.71e-09	1.48e-06	1.39e-04	2.90e-03	1.54e-02	3.99e-02	4.30e-01	4.09e-01	1.03e-01
 1.60340e+23	6.33e-17	2.50e-12	5.56e-09	1.71e-06	1.57e-04	3.21e-03	1.67e-02	4.19e-02	4.37e-01	4.02e-01	9.85e-02
 1.61165e+23	8.16e-17	3.16e-12	6.88e-09	2.06e-06	1.85e-04	3.68e-03	1.85e-02	4.46e-02	4.47e-01	3.94e-01	9.23e-02
 1.61996e+23	9.94e-17	3.80e-12	8.11e-09	2.37e-06	2.09e-04	4.07e-03	1.99e-02	4.68e-02	4.54e-01	3.87e-01	8.78e-02
 1.62835e+23	1.27e-16	4.79e-12	1.00e-08	2.86e-06	2.46e-04	4.67e-03	2.21e-02	4.99e-02	4.64e-01	3.78e-01	8.19e-02
 1.63682e+23	1.55e-16	5.74e-12	1.18e-08	3.30e-06	2.79e-04	5.18e-03	2.39e-02	5.24e-02	4.71e-01	3.70e-01	7.75e-02
 1.64540e+23	1.98e-16	7.22e-12	1.46e-08	3.97e-06	3.28e-04	5.94e-03	2.66e-02	5.59e-02	4.80e-01	3.60e-01	7.19e-02
 1.65409e+23	2.40e-16	8.64e-12	1.72e-08	4.59e-06	3.72e-04	6.60e-03	2.88e-02	5.86e-02	4.86e-01	3.52e-01	6.78e-02
 1.66293e+23	3.04e-16	1.08e-11	2.12e-08	5.52e-06	4.39e-04	7.59e-03	3.20e-02	6.26e-02	4.95e-01	3.40e-01	6.24e-02
 1.67189e+23	3.66e-16	1.29e-11	2.49e-08	6.37e-06	4.98e-04	8.44e-03	3.46e-02	6.57e-02	5.01e-01	3.31e-01	5.85e-02
 1.68101e+23	4.60e-16	1.61e-11	3.06e-08	7.65e-06	5.86e-04	9.69e-03	3.85e-02	7.00e-02	5.08e-01	3.19e-01	5.35e-02
 1.69035e+23	5.51e-16	1.91e-11	3.60e-08	8.85e-06	6.68e-04	1.08e-02	4.19e-02	7.37e-02	5.14e-01	3.09e-01	4.97e-02
 1.69995e+23	6.86e-16	2.37e-11	4.42e-08	1.06e-05	7.89e-04	1.25e-02	4.67e-02	7.87e-02	5.20e-01	2.96e-01	4.51e-02
 1.70969e+23	8.11e-16	2.80e-11	5.18e-08	1.23e-05	8.98e-04	1.40e-02	5.08e-02	8.28e-02	5.25e-01	2.85e-01	4.16e-02
 1.71928e+23	9.80e-16	3.39e-11	6.24e-08	1.45e-05	1.05e-03	1.60e-02	5.62e-02	8.80e-02	5.29e-01	2.72e-01	3.75e-02
 1.72845e+23	1.12e-15	3.88e-11	7.13e-08	1.64e-05	1.17e-03	1.76e-02	6.04e-02	9.19e-02	5.32e-01	2.63e-01	3.48e-02
 1.73737e+23	1.31e-15	4.57e-11	8.40e-08	1.91e-05	1.35e-03	1.99e-02	6.63e-02	9.72e-02	5.34e-01	2.50e-01	3.14e-02
 1.74645e+23	1.47e-15	5.18e-11	9.54e-08	2.15e-05	1.51e-03	2.19e-02	7.13e-02	1.01e-01	5.35e-01	2.40e-01	2.88e-02
 1.75530e+23	1.66e-15	5.94e-11	1.10e-07	2.47e-05	1.72e-03	2.45e-02	7.76e-02	1.07e-01	5.36e-01	2.28e-01	2.60e-02
 1.76434e+23	1.84e-15	6.67e-11	1.24e-07	2.77e-05	1.92e-03	2.70e-02	8.34e-02	1.11e-01	5.35e-01	2.17e-01	2.37e-02
 1.77316e+23	2.02e-15	7.47e-11	1.41e-07	3.13e-05	2.15e-03	2.99e-02	9.00e-02	1.17e-01	5.34e-01	2.06e-01	2.14e-02
 1.78214e+23	2.20e-15	8.29e-11	1.58e-07	3.50e-05	2.40e-03	3.28e-02	9.65e-02	1.22e-01	5.32e-01	1.96e-01	1.94e-02
 1.79107e+23	2.36e-15	9.14e-11	1.77e-07	3.92e-05	2.68e-03	3.61e-02	1.04e-01	1.27e-01	5.29e-01	1.85e-01	1.74e-02
 1.80003e+23	2.52e-15	1.00e-10	1.97e-07	4.37e-05	2.98e-03	3.96e-02	1.11e-01	1.32e-01	5.25e-01	1.75e-01	1.57e-02
 1.80889e+23	2.65e-15	1.09e-10	2.19e-07	4.85e-05	3.30e-03	4.33e-02	1.18e-01	1.37e-01	5.20e-01	1.65e-01	1.41e-02
 1.81774e+23	2.78e-15	1.18e-10	2.41e-07	5.37e-05	3.64e-03	4.72e-02	1.25e-01	1.42e-01	5.14e-01	1.55e-01	1.27e-02
 1.82662e+23	2.89e-15	1.27e-10	2.66e-07	5.94e-05	4.02e-03	5.13e-02	1.33e-01	1.47e-01	5.08e-01	1.46e-01	1.14e-02
 1.83554e+23	2.98e-15	1.36e-10	2.93e-07	6.56e-05	4.44e-03	5.57e-02	1.40e-01	1.51e-01	5.01e-01	1.37e-01	1.02e-02
 1.84452e+23	3.07e-15	1.45e-10	3.22e-07	7.25e-05	4.89e-03	6.04e-02	1.48e-01	1.56e-01	4.93e-01	1.29e-01	9.07e-03
 1.85359e+23	3.14e-15	1.55e-10	3.54e-07	8.02e-05	5.39e-03	6.54e-02	1.56e-01	1.61e-01	4.84e-01	1.20e-01	8.08e-03
 1.86277e+23	3.21e-15	1.66e-10	3.90e-07	8.89e-05	5.94e-03	7.08e-02	1.64e-01	1.65e-01	4.74e-01	1.12e-01	7.17e-03
 1.87200e+23	3.28e-15	1.78e-10	4.29e-07	9.84e-05	6.54e-03	7.64e-02	1.72e-01	1.69e-01	4.64e-01	1.05e-01	6.37e-03
 1.88139e+23	3.35e-15	1.91e-10	4.75e-07	1.10e-04	7.22e-03	8.26e-02	1.80e-01	1.74e-01	4.53e-01	9.70e-02	5.62e-03
 1.89089e+23	3.42e-15	2.04e-10	5.25e-07	1.22e-04	7.96e-03	8.90e-02	1.89e-01	1.77e-01	4.42e-01	9.00e-02	4.97e-03
 1.90059e+23	3.49e-15	2.20e-10	5.85e-07	1.36e-04	8.82e-03	9.61e-02	1.97e-01	1.81e-01	4.30e-01	8.30e-02	4.35e-03
 1.90960e+23	3.58e-15	2.35e-10	6.42e-07	1.50e-04	9.57e-03	1.02e-01	2.03e-01	1.84e-01	4.19e-01	7.77e-02	3.91e-03
 1.91888e+23	3.68e-15	2.56e-10	7.22e-07	1.69e-04	1.06e-02	1.10e-01	2.12e-01	1.87e-01	4.05e-01	7.12e-02	3.40e-03
 1.92835e+23	3.80e-15	2.76e-10	7.99e-07	1.87e-04	1.16e-02	1.17e-01	2.18e-01	1.89e-01	3.94e-01	6.63e-02	3.03e-03
 1.93805e+23	3.93e-15	3.03e-10	9.10e-07	2.13e-04	1.29e-02	1.26e-01	2.27e-01	1.92e-01	3.79e-01	6.03e-02	2.61e-03
 1.94778e+23	4.13e-15	3.31e-10	1.01e-06	2.36e-04	1.41e-02	1.34e-01	2.33e-01	1.93e-01	3.67e-01	5.61e-02	2.33e-03
 1.95753e+23	4.35e-15	3.69e-10	1.16e-06	2.70e-04	1.57e-02	1.44e-01	2.40e-01	1.95e-01	3.52e-01	5.08e-02	2.00e-03
 1.96735e+23	4.59e-15	4.05e-10	1.30e-06	3.01e-04	1.71e-02	1.52e-01	2.46e-01	1.96e-01	3.40e-01	4.71e-02	1.78e-03
 1.97727e+23	4.92e-15	4.58e-10	1.51e-06	3.46e-04	1.91e-02	1.63e-01	2.53e-01	1.97e-01	3.24e-01	4.25e-02	1.52e-03
 1.98727e+23	5.27e-15	5.08e-10	1.70e-06	3.86e-04	2.08e-02	1.72e-01	2.58e-01	1.97e-01	3.11e-01	3.92e-02	1.34e-03
 1.99740e+23	5.76e-15	5.83e-10	2.00e-06	4.46e-04	2.32e-02	1.85e-01	2.64e-01	1.96e-01	2.95e-01	3.52e-02	1.14e-03
 2.00765e+23	6.27e-15	6.55e-10	2.27e-06	5.00e-04	2.52e-02	1.94e-01	2.68e-01	1.95e-01	2.83e-01	3.23e-02	1.00e-03
 2.01807e+23	7.01e-15	7.63e-10	2.68e-06	5.80e-04	2.82e-02	2.08e-01	2.73e-01	1.94e-01	2.67e-01	2.88e-02	8.47e-04
 2.02868e+23	7.78e-15	8.70e-10	3.08e-06	6.54e-04	3.07e-02	2.18e-01	2.77e-01	1.92e-01	2.54e-01	2.62e-02	7.39e-04
 2.03953e+23	8.93e-15	1.03e-09	3.69e-06	7.63e-04	3.43e-02	2.33e-01	2.81e-01	1.90e-01	2.38e-01	2.32e-02	6.18e-04
 2.05062e+23	1.01e-14	1.20e-09	4.27e-06	8.63e-04	3.75e-02	2.44e-01	2.84e-01	1.87e-01	2.25e-01	2.10e-02	5.34e-04
 2.06202e+23	1.20e-14	1.45e-09	5.18e-06	1.01e-03	4.19e-02	2.60e-01	2.86e-01	1.83e-01	2.09e-01	1.84e-02	4.41e-04
 2.07367e+23	1.40e-14	1.71e-09	6.05e-06	1.15e-03	4.58e-02	2.72e-01	2.88e-01	1.79e-01	1.97e-01	1.65e-02	3.78e-04
 2.08348e+23	1.60e-14	1.97e-09	6.95e-06	1.29e-03	4.94e-02	2.84e-01	2.88e-01	1.76e-01	1.86e-01	1.50e-02	3.29e-04
 2.09406e+23	1.93e-14	2.39e-09	8.32e-06	1.49e-03	5.45e-02	2.98e-01	2.89e-01	1.71e-01	1.73e-01	1.32e-02	2.74e-04
 2.10438e+23	2.22e-14	2.76e-09	9.49e-06	1.65e-03	5.84e-02	3.09e-01	2.89e-01	1.67e-01	1.63e-01	1.20e-02	2.40e-04
 2.11437e+23	2.68e-14	3.32e-09	1.13e-05	1.89e-03	6.38e-02	3.22e-01	2.88e-01	1.62e-01	1.51e-01	1.05e-02	2.01e-04
 2.12446e+23	3.14e-14	3.86e-09	1.28e-05	2.10e-03	6.82e-02	3.33e-01	2.87e-01	1.58e-01	1.43e-01	9.57e-03	1.76e-04
 2.13467e+23	3.85e-14	4.69e-09	1.53e-05	2.40e-03	7.44e-02	3.46e-01	2.84e-01	1.52e-01	1.32e-01	8.40e-03	1.47e-04
 2.14503e+23	4.56e-14	5.49e-09	1.75e-05	2.66e-03	7.95e-02	3.56e-01	2.82e-01	1.48e-01	1.24e-01	7.57e-03	1.27e-04
 2.15557e+23	5.69e-14	6.74e-09	2.09e-05	3.04e-03	8.65e-02	3.70e-01	2.79e-01	1.42e-01	1.13e-01	6.59e-03	1.05e-04
 2.16626e+23	6.83e-14	7.92e-09	2.40e-05	3.37e-03	9.23e-02	3.80e-01	2.76e-01	1.37e-01	1.06e-01	5.92e-03	9.08e-05
 2.17716e+23	8.67e-14	9.82e-09	2.88e-05	3.86e-03	1.00e-01	3.93e-01	2.71e-01	1.30e-01	9.64e-02	5.11e-03	7.43e-05
 2.18823e+23	1.05e-13	1.16e-08	3.31e-05	4.27e-03	1.07e-01	4.02e-01	2.67e-01	1.25e-01	8.95e-02	4.56e-03	6.37e-05
 2.19953e+23	1.36e-13	1.45e-08	3.98e-05	4.89e-03	1.16e-01	4.14e-01	2.61e-01	1.19e-01	8.10e-02	3.90e-03	5.16e-05
 2.21108e+23	1.67e-13	1.73e-08	4.59e-05	5.43e-03	1.23e-01	4.23e-01	2.56e-01	1.13e-01	7.47e-02	3.45e-03	4.38e-05
 2.22293e+23	2.19e-13	2.19e-08	5.56e-05	6.23e-03	1.34e-01	4.35e-01	2.49e-01	1.06e-01	6.70e-02	2.92e-03	3.50e-05
 2.23509e+23	2.73e-13	2.64e-08	6.45e-05	6.93e-03	1.42e-01	4.43e-01	2.43e-01	1.01e-01	6.13e-02	2.55e-03	2.93e-05
 2.24765e+23	3.65e-13	3.37e-08	7.84e-05	7.95e-03	1.54e-01	4.53e-01	2.35e-01	9.40e-02	5.44e-02	2.14e-03	2.31e-05
 2.26039e+23	4.59e-13	4.07e-08	9.12e-05	8.83e-03	1.63e-01	4.59e-01	2.28e-01	8.87e-02	4.95e-02	1.86e-03	1.92e-05
 2.27336e+23	6.21e-13	5.23e-08	1.11e-04	1.01e-02	1.76e-01	4.67e-01	2.19e-01	8.20e-02	4.36e-02	1.54e-03	1.50e-05
 2.28649e+23	7.83e-13	6.33e-08	1.29e-04	1.12e-02	1.86e-01	4.73e-01	2.12e-01	7.70e-02	3.95e-02	1.33e-03	1.24e-05
 2.29981e+23	1.07e-12	8.15e-08	1.57e-04	1.28e-02	2.00e-01	4.78e-01	2.02e-01	7.06e-02	3.45e-02	1.09e-03	9.54e-06
 2.31332e+23	1.35e-12	9.89e-08	1.82e-04	1.42e-02	2.11e-01	4.82e-01	1.95e-01	6.60e-02	3.11e-02	9.38e-04	7.81e-06
 2.32518e+23	1.71e-12	1.20e-07	2.11e-04	1.57e-02	2.22e-01	4.85e-01	1.87e-01	6.15e-02	2.80e-02	8.05e-04	6.40e-06
 2.33870e+23	2.33e-12	1.54e-07	2.55e-04	1.78e-02	2.37e-01	4.87e-01	1.77e-01	5.61e-02	2.43e-02	6.56e-04	4.90e-06
 2.35233e+23	2.95e-12	1.86e-07	2.95e-04	1.96e-02	2.49e-01	4.88e-01	1.69e-01	5.21e-02	2.17e-02	5.60e-04	3.99e-06
 2.36354e+23	3.63e-12	2.20e-07	3.35e-04	2.13e-02	2.59e-01	4.88e-01	1.62e-01	4.87e-02	1.97e-02	4.87e-04	3.33e-06
 2.37555e+23	4.71e-12	2.70e-07	3.92e-04	2.36e-02	2.73e-01	4.87e-01	1.54e-01	4.48e-02	1.74e-02	4.08e-04	2.65e-06
 2.38783e+23	5.86e-12	3.22e-07	4.47e-04	2.58e-02	2.84e-01	4.85e-01	1.47e-01	4.16e-02	1.56e-02	3.51e-04	2.17e-06
 2.39876e+23	7.24e-12	3.81e-07	5.07e-04	2.79e-02	2.95e-01	4.83e-01	1.41e-01	3.88e-02	1.41e-02	3.03e-04	1.80e-06
 2.41125e+23	9.41e-12	4.69e-07	5.92e-04	3.09e-02	3.09e-01	4.79e-01	1.33e-01	3.54e-02	1.23e-02	2.51e-04	1.42e-06
 2.42423e+23	1.19e-11	5.67e-07	6.81e-04	3.38e-02	3.21e-01	4.75e-01	1.25e-01	3.25e-02	1.09e-02	2.12e-04	1.14e-06
 2.43582e+23	1.48e-11	6.71e-07	7.73e-04	3.65e-02	3.32e-01	4.71e-01	1.19e-01	3.01e-02	9.79e-03	1.81e-04	9.32e-07
 2.44887e+23	1.93e-11	8.28e-07	9.03e-04	4.03e-02	3.46e-01	4.65e-01	1.11e-01	2.73e-02	8.51e-03	1.49e-04	7.25e-07
 2.46250e+23	2.47e-11	1.01e-06	1.04e-03	4.41e-02	3.59e-01	4.58e-01	1.05e-01	2.49e-02	7.46e-03	1.24e-04	5.73e-07
 2.47479e+23	3.08e-11	1.20e-06	1.18e-03	4.77e-02	3.71e-01	4.52e-01	9.86e-02	2.28e-02	6.61e-03	1.05e-04	4.63e-07
 2.48867e+23	4.07e-11	1.49e-06	1.39e-03	5.26e-02	3.85e-01	4.43e-01	9.14e-02	2.05e-02	5.67e-03	8.50e-05	3.53e-07
 2.50301e+23	5.23e-11	1.81e-06	1.60e-03	5.74e-02	3.98e-01	4.34e-01	8.51e-02	1.85e-02	4.93e-03	6.99e-05	2.75e-07
 2.51579e+23	6.55e-11	2.16e-06	1.82e-03	6.20e-02	4.10e-01	4.26e-01	7.97e-02	1.69e-02	4.34e-03	5.86e-05	2.20e-07
 2.53024e+23	8.69e-11	2.69e-06	2.14e-03	6.82e-02	4.24e-01	4.14e-01	7.32e-02	1.50e-02	3.68e-03	4.68e-05	1.65e-07
 2.54527e+23	1.12e-10	3.28e-06	2.46e-03	7.42e-02	4.36e-01	4.03e-01	6.76e-02	1.35e-02	3.17e-03	3.81e-05	1.27e-07
 2.55879e+23	1.42e-10	3.94e-06	2.81e-03	8.01e-02	4.47e-01	3.93e-01	6.27e-02	1.22e-02	2.75e-03	3.14e-05	0.00e+00
 2.57411e+23	1.92e-10	4.97e-06	3.32e-03	8.82e-02	4.60e-01	3.79e-01	5.68e-02	1.07e-02	2.29e-03	2.45e-05	0.00e+00
 2.58992e+23	2.47e-10	6.05e-06	3.82e-03	9.56e-02	4.71e-01	3.66e-01	5.21e-02	9.55e-03	1.96e-03	1.98e-05	0.00e+00
 2.60416e+23	3.15e-10	7.31e-06	4.37e-03	1.03e-01	4.80e-01	3.54e-01	4.78e-02	8.54e-03	1.68e-03	1.60e-05	0.00e+00
 2.62049e+23	4.31e-10	9.30e-06	5.18e-03	1.14e-01	4.92e-01	3.38e-01	4.27e-02	7.39e-03	1.38e-03	1.22e-05	0.00e+00
 2.63702e+23	5.59e-10	1.13e-05	5.96e-03	1.23e-01	5.01e-01	3.24e-01	3.87e-02	6.54e-03	1.16e-03	9.72e-06	0.00e+00
 2.65164e+23	7.12e-10	1.37e-05	6.79e-03	1.32e-01	5.08e-01	3.11e-01	3.53e-02	5.81e-03	9.89e-04	7.82e-06	0.00e+00
 2.66845e+23	9.78e-10	1.74e-05	8.05e-03	1.44e-01	5.16e-01	2.94e-01	3.12e-02	4.97e-03	7.98e-04	5.86e-06	0.00e+00
 2.68545e+23	1.26e-09	2.12e-05	9.22e-03	1.55e-01	5.22e-01	2.80e-01	2.81e-02	4.38e-03	6.69e-04	4.62e-06	0.00e+00
 2.70272e+23	1.72e-09	2.68e-05	1.09e-02	1.69e-01	5.28e-01	2.63e-01	2.46e-02	3.73e-03	5.38e-04	3.44e-06	0.00e+00
 2.72036e+23	2.24e-09	3.27e-05	1.25e-02	1.82e-01	5.31e-01	2.49e-01	2.20e-02	3.25e-03	4.45e-04	2.68e-06	0.00e+00
 2.73606e+23	2.90e-09	3.97e-05	1.42e-02	1.94e-01	5.34e-01	2.35e-01	1.96e-02	2.84e-03	3.69e-04	2.08e-06	0.00e+00
 2.75408e+23	4.00e-09	5.06e-05	1.68e-02	2.11e-01	5.35e-01	2.18e-01	1.70e-02	2.38e-03	2.91e-04	1.52e-06	0.00e+00
 2.77238e+23	5.19e-09	6.16e-05	1.92e-02	2.25e-01	5.34e-01	2.04e-01	1.50e-02	2.06e-03	2.38e-04	1.16e-06	0.00e+00
 2.79107e+23	7.22e-09	7.89e-05	2.27e-02	2.44e-01	5.32e-01	1.87e-01	1.28e-02	1.71e-03	1.84e-04	8.28e-07	0.00e+00
 2.80932e+23	9.18e-09	9.45e-05	2.56e-02	2.58e-01	5.29e-01	1.75e-01	1.13e-02	1.48e-03	1.52e-04	6.43e-07	0.00e+00
 2.82701e+23	1.25e-08	1.19e-04	2.99e-02	2.76e-01	5.23e-01	1.60e-01	9.66e-03	1.23e-03	1.18e-04	4.61e-07	0.00e+00
 2.84413e+23	1.55e-08	1.39e-04	3.32e-02	2.89e-01	5.17e-01	1.50e-01	8.63e-03	1.08e-03	9.91e-05	3.65e-07	0.00e+00
 2.86050e+23	2.05e-08	1.71e-04	3.81e-02	3.07e-01	5.09e-01	1.37e-01	7.42e-03	9.11e-04	7.84e-05	2.68e-07	0.00e+00
 2.87710e+23	2.55e-08	2.02e-04	4.24e-02	3.21e-01	5.02e-01	1.28e-01	6.56e-03	7.92e-04	6.48e-05	2.09e-07	0.00e+00
 2.89399e+23	3.37e-08	2.47e-04	4.85e-02	3.38e-01	4.91e-01	1.16e-01	5.61e-03	6.61e-04	5.07e-05	1.52e-07	0.00e+00
 2.91106e+23	4.21e-08	2.92e-04	5.39e-02	3.53e-01	4.81e-01	1.07e-01	4.91e-03	5.69e-04	4.15e-05	0.00e+00	0.00e+00
 2.92612e+23	5.23e-08	3.42e-04	5.98e-02	3.66e-01	4.70e-01	9.88e-02	4.31e-03	4.91e-04	3.40e-05	0.00e+00	0.00e+00
 2.94343e+23	6.89e-08	4.18e-04	6.80e-02	3.84e-01	4.55e-01	8.88e-02	3.64e-03	4.05e-04	2.62e-05	0.00e+00	0.00e+00
 2.96095e+23	8.64e-08	4.93e-04	7.55e-02	3.98e-01	4.42e-01	8.10e-02	3.15e-03	3.45e-04	2.11e-05	0.00e+00	0.00e+00
 2.97639e+23	1.07e-07	5.74e-04	8.32e-02	4.11e-01	4.29e-01	7.40e-02	2.75e-03	2.95e-04	1.72e-05	0.00e+00	0.00e+00
 2.99412e+23	1.40e-07	6.99e-04	9.41e-02	4.26e-01	4.11e-01	6.57e-02	2.29e-03	2.41e-04	1.31e-05	0.00e+00	0.00e+00
 3.01057e+23	1.68e-07	7.97e-04	1.02e-01	4.37e-01	3.98e-01	6.04e-02	2.03e-03	2.09e-04	1.08e-05	0.00e+00	0.00e+00
 3.02536e+23	2.09e-07	9.32e-04	1.12e-01	4.48e-01	3.82e-01	5.45e-02	1.74e-03	1.76e-04	8.62e-06	0.00e+00	0.00e+00
 3.04042e+23	2.52e-07	1.06e-03	1.22e-01	4.57e-01	3.68e-01	4.97e-02	1.52e-03	1.52e-04	7.08e-06	0.00e+00	0.00e+00
 3.05368e+23	2.99e-07	1.20e-03	1.31e-01	4.65e-01	3.55e-01	4.56e-02	1.34e-03	1.32e-04	5.88e-06	0.00e+00	0.00e+00
 3.06875e+23	3.73e-07	1.40e-03	1.44e-01	4.75e-01	3.38e-01	4.07e-02	1.14e-03	1.09e-04	4.61e-06	0.00e+00	0.00e+00
 3.08148e+23	4.20e-07	1.53e-03	1.51e-01	4.79e-01	3.29e-01	3.81e-02	1.04e-03	9.88e-05	4.03e-06	0.00e+00	0.00e+00
