#depth	O	O+	O+2	O+3	O+4	O+5	O+6	O+7	O+8	O[1]	O[2]	O[3]
 1.54284e+22	0.00e+00	7.79e-29	4.74e-23	2.37e-18	3.23e-14	1.98e-10	3.56e-06	3.88e-03	9.96e-01	0.00e+00	0.00e+00	0.00e+00
 3.58111e+22	0.00e+00	7.39e-28	3.30e-22	1.21e-17	1.22e-13	5.47e-10	6.92e-06	5.39e-03	9.95e-01	0.00e+00	0.00e+00	0.00e+00
 4.44005e+22	0.00e+00	3.71e-27	1.32e-21	3.91e-17	3.15e-13	1.13e-09	1.12e-05	6.83e-03	9.93e-01	0.00e+00	0.00e+00	0.00e+00
 5.09436e+22	1.53e-33	1.35e-26	4.01e-21	9.94e-17	6.72e-13	2.03e-09	1.64e-05	8.25e-03	9.92e-01	0.00e+00	0.00e+00	0.00e+00
 5.45786e+22	2.23e-33	1.88e-26	5.34e-21	1.26e-16	8.16e-13	2.35e-09	1.81e-05	8.66e-03	9.91e-01	0.00e+00	0.00e+00	0.00e+00
 5.57838e+22	2.84e-33	2.32e-26	6.40e-21	1.47e-16	9.25e-13	2.59e-09	1.93e-05	8.94e-03	9.91e-01	0.00e+00	0.00e+00	0.00e+00
 5.68839e+22	3.85e-33	3.03e-26	8.06e-21	1.79e-16	1.08e-12	2.92e-09	2.10e-05	9.30e-03	9.91e-01	0.00e+00	0.00e+00	0.00e+00
 5.79879e+22	4.92e-33	3.76e-26	9.70e-21	2.09e-16	1.23e-12	3.22e-09	2.24e-05	9.60e-03	9.90e-01	0.00e+00	0.00e+00	0.00e+00
 5.90970e+22	6.75e-33	4.95e-26	1.23e-20	2.55e-16	1.44e-12	3.64e-09	2.43e-05	1.00e-02	9.90e-01	0.00e+00	0.00e+00	0.00e+00
 6.02117e+22	8.81e-33	6.25e-26	1.50e-20	3.01e-16	1.65e-12	4.03e-09	2.60e-05	1.03e-02	9.90e-01	0.00e+00	0.00e+00	0.00e+00
 6.11674e+22	1.11e-32	7.67e-26	1.79e-20	3.50e-16	1.87e-12	4.42e-09	2.77e-05	1.07e-02	9.89e-01	0.00e+00	0.00e+00	0.00e+00
 6.22436e+22	1.49e-32	9.89e-26	2.23e-20	4.20e-16	2.17e-12	4.95e-09	2.99e-05	1.11e-02	9.89e-01	0.00e+00	0.00e+00	0.00e+00
 6.33969e+22	2.00e-32	1.28e-25	2.77e-20	5.05e-16	2.51e-12	5.54e-09	3.22e-05	1.15e-02	9.88e-01	0.00e+00	0.00e+00	0.00e+00
 6.43893e+22	2.53e-32	1.57e-25	3.31e-20	5.86e-16	2.84e-12	6.08e-09	3.43e-05	1.19e-02	9.88e-01	0.00e+00	0.00e+00	0.00e+00
 6.54181e+22	3.36e-32	2.01e-25	4.10e-20	7.01e-16	3.28e-12	6.79e-09	3.69e-05	1.23e-02	9.88e-01	0.00e+00	0.00e+00	0.00e+00
 6.65074e+22	4.42e-32	2.55e-25	5.03e-20	8.32e-16	3.76e-12	7.53e-09	3.96e-05	1.28e-02	9.87e-01	0.00e+00	0.00e+00	0.00e+00
 6.74886e+22	5.67e-32	3.17e-25	6.05e-20	9.72e-16	4.27e-12	8.29e-09	4.23e-05	1.32e-02	9.87e-01	0.00e+00	0.00e+00	0.00e+00
 6.85772e+22	7.75e-32	4.16e-25	7.64e-20	1.18e-15	4.99e-12	9.33e-09	4.59e-05	1.37e-02	9.86e-01	0.00e+00	0.00e+00	0.00e+00
 6.97040e+22	1.02e-31	5.29e-25	9.38e-20	1.40e-15	5.73e-12	1.04e-08	4.92e-05	1.42e-02	9.86e-01	0.00e+00	0.00e+00	0.00e+00
 7.06646e+22	1.31e-31	6.57e-25	1.13e-19	1.64e-15	6.49e-12	1.14e-08	5.25e-05	1.47e-02	9.85e-01	0.00e+00	0.00e+00	0.00e+00
 7.15620e+22	1.66e-31	8.10e-25	1.35e-19	1.90e-15	7.32e-12	1.24e-08	5.59e-05	1.51e-02	9.85e-01	0.00e+00	0.00e+00	0.00e+00
 7.25929e+22	2.26e-31	1.05e-24	1.69e-19	2.30e-15	8.52e-12	1.39e-08	6.04e-05	1.57e-02	9.84e-01	0.00e+00	0.00e+00	0.00e+00
 7.36587e+22	2.92e-31	1.32e-24	2.05e-19	2.69e-15	9.68e-12	1.53e-08	6.46e-05	1.63e-02	9.84e-01	0.00e+00	0.00e+00	0.00e+00
 7.47701e+22	4.04e-31	1.75e-24	2.60e-19	3.29e-15	1.14e-11	1.73e-08	7.01e-05	1.70e-02	9.83e-01	0.00e+00	0.00e+00	0.00e+00
 7.59046e+22	5.45e-31	2.27e-24	3.25e-19	3.96e-15	1.32e-11	1.93e-08	7.57e-05	1.76e-02	9.82e-01	0.00e+00	0.00e+00	0.00e+00
 7.68264e+22	6.90e-31	2.78e-24	3.86e-19	4.58e-15	1.48e-11	2.10e-08	8.04e-05	1.82e-02	9.82e-01	0.00e+00	0.00e+00	0.00e+00
 7.77817e+22	9.27e-31	3.59e-24	4.80e-19	5.48e-15	1.71e-11	2.34e-08	8.66e-05	1.89e-02	9.81e-01	0.00e+00	0.00e+00	0.00e+00
 7.87807e+22	1.21e-30	4.54e-24	5.85e-19	6.46e-15	1.94e-11	2.57e-08	9.26e-05	1.95e-02	9.80e-01	0.00e+00	0.00e+00	0.00e+00
 7.96831e+22	1.56e-30	5.63e-24	7.03e-19	7.53e-15	2.19e-11	2.81e-08	9.87e-05	2.02e-02	9.80e-01	0.00e+00	0.00e+00	0.00e+00
 8.07030e+22	2.17e-30	7.49e-24	8.95e-19	9.19e-15	2.57e-11	3.15e-08	1.07e-04	2.10e-02	9.79e-01	0.00e+00	0.00e+00	0.00e+00
 8.17411e+22	2.83e-30	9.44e-24	1.09e-18	1.08e-14	2.92e-11	3.47e-08	1.15e-04	2.18e-02	9.78e-01	0.00e+00	0.00e+00	0.00e+00
 8.26288e+22	3.70e-30	1.19e-23	1.32e-18	1.27e-14	3.32e-11	3.80e-08	1.22e-04	2.25e-02	9.77e-01	0.00e+00	0.00e+00	0.00e+00
 8.34625e+22	4.72e-30	1.47e-23	1.58e-18	1.47e-14	3.73e-11	4.14e-08	1.30e-04	2.32e-02	9.77e-01	0.00e+00	0.00e+00	0.00e+00
 8.43998e+22	6.36e-30	1.90e-23	1.97e-18	1.77e-14	4.30e-11	4.59e-08	1.40e-04	2.41e-02	9.76e-01	0.00e+00	0.00e+00	0.00e+00
 8.53848e+22	8.45e-30	2.43e-23	2.42e-18	2.10e-14	4.92e-11	5.06e-08	1.50e-04	2.50e-02	9.75e-01	0.00e+00	0.00e+00	0.00e+00
 8.62630e+22	1.11e-29	3.06e-23	2.95e-18	2.47e-14	5.59e-11	5.54e-08	1.60e-04	2.58e-02	9.74e-01	0.00e+00	0.00e+00	0.00e+00
 8.72359e+22	1.54e-29	4.07e-23	3.76e-18	3.01e-14	6.53e-11	6.20e-08	1.74e-04	2.69e-02	9.73e-01	0.00e+00	0.00e+00	0.00e+00
 8.82004e+22	2.01e-29	5.14e-23	4.57e-18	3.54e-14	7.42e-11	6.80e-08	1.86e-04	2.78e-02	9.72e-01	0.00e+00	0.00e+00	0.00e+00
 8.90160e+22	2.62e-29	6.45e-23	5.54e-18	4.14e-14	8.39e-11	7.42e-08	1.98e-04	2.88e-02	9.71e-01	0.00e+00	0.00e+00	0.00e+00
 8.98164e+22	3.36e-29	7.98e-23	6.63e-18	4.81e-14	9.43e-11	8.07e-08	2.10e-04	2.97e-02	9.70e-01	0.00e+00	0.00e+00	0.00e+00
 9.07351e+22	4.63e-29	1.05e-22	8.38e-18	5.83e-14	1.10e-10	8.99e-08	2.27e-04	3.09e-02	9.69e-01	0.00e+00	0.00e+00	0.00e+00
 9.16807e+22	6.18e-29	1.35e-22	1.03e-17	6.94e-14	1.25e-10	9.90e-08	2.43e-04	3.20e-02	9.68e-01	0.00e+00	0.00e+00	0.00e+00
 9.25076e+22	8.12e-29	1.71e-22	1.26e-17	8.17e-14	1.42e-10	1.08e-07	2.59e-04	3.30e-02	9.67e-01	0.00e+00	0.00e+00	0.00e+00
 9.32895e+22	1.03e-28	2.10e-22	1.51e-17	9.45e-14	1.60e-10	1.18e-07	2.75e-04	3.40e-02	9.66e-01	0.00e+00	0.00e+00	0.00e+00
 9.41664e+22	1.43e-28	2.79e-22	1.91e-17	1.15e-13	1.86e-10	1.31e-07	2.97e-04	3.54e-02	9.64e-01	0.00e+00	0.00e+00	0.00e+00
 9.50656e+22	1.91e-28	3.57e-22	2.35e-17	1.37e-13	2.13e-10	1.44e-07	3.18e-04	3.66e-02	9.63e-01	0.00e+00	0.00e+00	0.00e+00
 9.58589e+22	2.49e-28	4.48e-22	2.85e-17	1.60e-13	2.41e-10	1.57e-07	3.39e-04	3.78e-02	9.62e-01	0.00e+00	0.00e+00	0.00e+00
 9.67556e+22	3.49e-28	6.00e-22	3.65e-17	1.96e-13	2.82e-10	1.76e-07	3.67e-04	3.94e-02	9.60e-01	0.00e+00	0.00e+00	0.00e+00
 9.76652e+22	4.67e-28	7.72e-22	4.51e-17	2.34e-13	3.23e-10	1.94e-07	3.93e-04	4.07e-02	9.59e-01	0.00e+00	0.00e+00	0.00e+00
 9.84532e+22	6.17e-28	9.81e-22	5.53e-17	2.76e-13	3.68e-10	2.13e-07	4.20e-04	4.21e-02	9.57e-01	0.00e+00	0.00e+00	0.00e+00
 9.93390e+22	8.77e-28	1.33e-21	7.15e-17	3.41e-13	4.33e-10	2.39e-07	4.55e-04	4.39e-02	9.56e-01	0.00e+00	0.00e+00	0.00e+00
 1.00243e+23	1.17e-27	1.70e-21	8.80e-17	4.05e-13	4.96e-10	2.63e-07	4.87e-04	4.54e-02	9.54e-01	0.00e+00	0.00e+00	0.00e+00
 1.01043e+23	1.55e-27	2.17e-21	1.08e-16	4.81e-13	5.67e-10	2.89e-07	5.20e-04	4.69e-02	9.53e-01	0.00e+00	0.00e+00	0.00e+00
 1.01953e+23	2.22e-27	2.96e-21	1.41e-16	5.98e-13	6.71e-10	3.26e-07	5.66e-04	4.89e-02	9.51e-01	0.00e+00	0.00e+00	0.00e+00
 1.02881e+23	3.05e-27	3.90e-21	1.78e-16	7.24e-13	7.79e-10	3.62e-07	6.09e-04	5.07e-02	9.49e-01	0.00e+00	0.00e+00	0.00e+00
 1.03691e+23	4.06e-27	4.99e-21	2.19e-16	8.61e-13	8.91e-10	3.98e-07	6.51e-04	5.24e-02	9.47e-01	0.00e+00	0.00e+00	0.00e+00
 1.04601e+23	5.99e-27	6.99e-21	2.91e-16	1.09e-12	1.07e-09	4.53e-07	7.11e-04	5.47e-02	9.45e-01	0.00e+00	0.00e+00	0.00e+00
 1.05477e+23	7.88e-27	8.85e-21	3.56e-16	1.29e-12	1.22e-09	4.97e-07	7.57e-04	5.65e-02	9.43e-01	0.00e+00	0.00e+00	0.00e+00
 1.06310e+23	1.14e-26	1.22e-20	4.68e-16	1.61e-12	1.45e-09	5.61e-07	8.23e-04	5.88e-02	9.40e-01	0.00e+00	0.00e+00	0.00e+00
 1.07146e+23	1.51e-26	1.55e-20	5.72e-16	1.90e-12	1.65e-09	6.16e-07	8.77e-04	6.07e-02	9.38e-01	0.00e+00	0.00e+00	0.00e+00
 1.07841e+23	1.98e-26	1.96e-20	7.00e-16	2.25e-12	1.88e-09	6.74e-07	9.32e-04	6.25e-02	9.37e-01	0.00e+00	0.00e+00	0.00e+00
 1.08485e+23	2.55e-26	2.45e-20	8.43e-16	2.62e-12	2.11e-09	7.32e-07	9.87e-04	6.43e-02	9.35e-01	0.00e+00	0.00e+00	0.00e+00
 1.09078e+23	3.22e-26	2.99e-20	1.00e-15	3.02e-12	2.36e-09	7.91e-07	1.04e-03	6.59e-02	9.33e-01	0.00e+00	0.00e+00	0.00e+00
 1.09631e+23	4.04e-26	3.64e-20	1.18e-15	3.46e-12	2.62e-09	8.53e-07	1.09e-03	6.76e-02	9.31e-01	0.00e+00	0.00e+00	0.00e+00
 1.10263e+23	5.44e-26	4.70e-20	1.47e-15	4.14e-12	3.01e-09	9.40e-07	1.17e-03	6.97e-02	9.29e-01	0.00e+00	0.00e+00	0.00e+00
 1.10873e+23	6.76e-26	5.68e-20	1.72e-15	4.73e-12	3.34e-09	1.01e-06	1.22e-03	7.14e-02	9.27e-01	0.00e+00	0.00e+00	0.00e+00
 1.11377e+23	8.36e-26	6.83e-20	2.01e-15	5.38e-12	3.69e-09	1.08e-06	1.28e-03	7.30e-02	9.26e-01	0.00e+00	0.00e+00	0.00e+00
 1.11955e+23	1.10e-25	8.63e-20	2.46e-15	6.34e-12	4.19e-09	1.19e-06	1.36e-03	7.51e-02	9.24e-01	0.00e+00	0.00e+00	0.00e+00
 1.12546e+23	1.37e-25	1.05e-19	2.90e-15	7.27e-12	4.66e-09	1.28e-06	1.43e-03	7.69e-02	9.22e-01	0.00e+00	0.00e+00	0.00e+00
 1.13050e+23	1.71e-25	1.27e-19	3.42e-15	8.32e-12	5.17e-09	1.37e-06	1.50e-03	7.87e-02	9.20e-01	0.00e+00	0.00e+00	0.00e+00
 1.13519e+23	2.12e-25	1.53e-19	4.00e-15	9.48e-12	5.72e-09	1.47e-06	1.57e-03	8.04e-02	9.18e-01	0.00e+00	0.00e+00	0.00e+00
 1.14049e+23	2.75e-25	1.91e-19	4.83e-15	1.11e-11	6.46e-09	1.60e-06	1.66e-03	8.26e-02	9.16e-01	0.00e+00	0.00e+00	0.00e+00
 1.14594e+23	3.49e-25	2.35e-19	5.76e-15	1.28e-11	7.22e-09	1.73e-06	1.74e-03	8.46e-02	9.14e-01	0.00e+00	0.00e+00	0.00e+00
 1.15067e+23	4.32e-25	2.83e-19	6.75e-15	1.46e-11	7.98e-09	1.86e-06	1.83e-03	8.65e-02	9.12e-01	0.00e+00	0.00e+00	0.00e+00
 1.15504e+23	5.30e-25	3.38e-19	7.85e-15	1.65e-11	8.78e-09	1.99e-06	1.91e-03	8.83e-02	9.10e-01	0.00e+00	0.00e+00	0.00e+00
 1.15923e+23	6.50e-25	4.04e-19	9.11e-15	1.87e-11	9.66e-09	2.12e-06	1.99e-03	9.01e-02	9.08e-01	0.00e+00	0.00e+00	0.00e+00
 1.16403e+23	8.36e-25	5.02e-19	1.10e-14	2.18e-11	1.09e-08	2.30e-06	2.10e-03	9.23e-02	9.06e-01	0.00e+00	0.00e+00	0.00e+00
 1.16893e+23	1.05e-24	6.14e-19	1.30e-14	2.51e-11	1.21e-08	2.48e-06	2.20e-03	9.45e-02	9.03e-01	0.00e+00	0.00e+00	0.00e+00
 1.17313e+23	1.29e-24	7.33e-19	1.51e-14	2.84e-11	1.33e-08	2.65e-06	2.29e-03	9.64e-02	9.01e-01	0.00e+00	0.00e+00	0.00e+00
 1.17775e+23	1.68e-24	9.21e-19	1.84e-14	3.34e-11	1.51e-08	2.89e-06	2.42e-03	9.88e-02	8.99e-01	0.00e+00	0.00e+00	0.00e+00
 1.18252e+23	2.13e-24	1.13e-18	2.19e-14	3.85e-11	1.68e-08	3.12e-06	2.54e-03	1.01e-01	8.96e-01	0.00e+00	0.00e+00	0.00e+00
 1.18672e+23	2.66e-24	1.37e-18	2.57e-14	4.40e-11	1.86e-08	3.34e-06	2.66e-03	1.03e-01	8.94e-01	0.00e+00	0.00e+00	0.00e+00
 1.19145e+23	3.56e-24	1.76e-18	3.19e-14	5.25e-11	2.13e-08	3.67e-06	2.82e-03	1.06e-01	8.91e-01	0.00e+00	0.00e+00	0.00e+00
 1.19624e+23	4.52e-24	2.17e-18	3.81e-14	6.07e-11	2.38e-08	3.96e-06	2.96e-03	1.09e-01	8.89e-01	0.00e+00	0.00e+00	0.00e+00
 1.20032e+23	5.60e-24	2.61e-18	4.46e-14	6.92e-11	2.63e-08	4.25e-06	3.09e-03	1.11e-01	8.86e-01	0.00e+00	0.00e+00	0.00e+00
 1.20485e+23	7.69e-24	3.44e-18	5.63e-14	8.38e-11	3.05e-08	4.69e-06	3.28e-03	1.14e-01	8.83e-01	0.00e+00	0.00e+00	0.00e+00
 1.20930e+23	9.51e-24	4.14e-18	6.59e-14	9.53e-11	3.36e-08	5.02e-06	3.43e-03	1.16e-01	8.80e-01	0.00e+00	0.00e+00	0.00e+00
 1.21365e+23	1.30e-23	5.42e-18	8.28e-14	1.15e-10	3.87e-08	5.53e-06	3.64e-03	1.20e-01	8.77e-01	0.00e+00	0.00e+00	0.00e+00
 1.21793e+23	1.59e-23	6.46e-18	9.62e-14	1.30e-10	4.26e-08	5.90e-06	3.79e-03	1.22e-01	8.74e-01	0.00e+00	0.00e+00	0.00e+00
 1.22212e+23	2.19e-23	8.54e-18	1.22e-13	1.58e-10	4.93e-08	6.52e-06	4.03e-03	1.25e-01	8.71e-01	0.00e+00	0.00e+00	0.00e+00
 1.22626e+23	2.69e-23	1.02e-17	1.42e-13	1.79e-10	5.43e-08	6.96e-06	4.20e-03	1.28e-01	8.68e-01	0.00e+00	0.00e+00	0.00e+00
 1.23035e+23	3.71e-23	1.35e-17	1.80e-13	2.17e-10	6.29e-08	7.69e-06	4.47e-03	1.31e-01	8.64e-01	0.00e+00	0.00e+00	0.00e+00
 1.23447e+23	4.66e-23	1.64e-17	2.12e-13	2.49e-10	6.98e-08	8.26e-06	4.67e-03	1.34e-01	8.61e-01	0.00e+00	0.00e+00	0.00e+00
 1.23862e+23	6.47e-23	2.19e-17	2.71e-13	3.04e-10	8.11e-08	9.15e-06	4.97e-03	1.38e-01	8.57e-01	0.00e+00	0.00e+00	0.00e+00
 1.24284e+23	8.25e-23	2.70e-17	3.24e-13	3.52e-10	9.06e-08	9.87e-06	5.21e-03	1.41e-01	8.54e-01	0.00e+00	0.00e+00	0.00e+00
 1.24714e+23	1.15e-22	3.60e-17	4.13e-13	4.29e-10	1.05e-07	1.09e-05	5.55e-03	1.45e-01	8.50e-01	0.00e+00	0.00e+00	0.00e+00
 1.25141e+23	1.48e-22	4.48e-17	4.97e-13	5.00e-10	1.18e-07	1.18e-05	5.83e-03	1.48e-01	8.46e-01	0.00e+00	0.00e+00	0.00e+00
 1.25563e+23	2.06e-22	5.98e-17	6.36e-13	6.12e-10	1.38e-07	1.31e-05	6.21e-03	1.52e-01	8.41e-01	0.00e+00	0.00e+00	0.00e+00
 1.25991e+23	2.69e-22	7.53e-17	7.73e-13	7.18e-10	1.56e-07	1.43e-05	6.53e-03	1.56e-01	8.38e-01	0.00e+00	0.00e+00	0.00e+00
 1.26428e+23	3.82e-22	1.02e-16	9.99e-13	8.87e-10	1.83e-07	1.59e-05	6.98e-03	1.61e-01	8.32e-01	0.00e+00	0.00e+00	0.00e+00
 1.26869e+23	5.02e-22	1.29e-16	1.22e-12	1.05e-09	2.07e-07	1.73e-05	7.36e-03	1.64e-01	8.28e-01	0.00e+00	0.00e+00	0.00e+00
 1.27316e+23	7.20e-22	1.77e-16	1.59e-12	1.30e-09	2.44e-07	1.94e-05	7.89e-03	1.70e-01	8.23e-01	0.00e+00	0.00e+00	0.00e+00
 1.27765e+23	9.49e-22	2.25e-16	1.95e-12	1.54e-09	2.77e-07	2.11e-05	8.32e-03	1.74e-01	8.18e-01	0.00e+00	0.00e+00	0.00e+00
 1.28153e+23	1.24e-21	2.84e-16	2.38e-12	1.81e-09	3.14e-07	2.30e-05	8.76e-03	1.78e-01	8.14e-01	0.00e+00	0.00e+00	0.00e+00
 1.28591e+23	1.76e-21	3.83e-16	3.07e-12	2.22e-09	3.68e-07	2.56e-05	9.36e-03	1.83e-01	8.08e-01	0.00e+00	0.00e+00	0.00e+00
 1.29031e+23	2.29e-21	4.82e-16	3.73e-12	2.61e-09	4.16e-07	2.78e-05	9.86e-03	1.87e-01	8.03e-01	0.00e+00	0.00e+00	0.00e+00
 1.29472e+23	3.25e-21	6.52e-16	4.82e-12	3.22e-09	4.88e-07	3.11e-05	1.05e-02	1.93e-01	7.97e-01	0.00e+00	0.00e+00	0.00e+00
 1.29916e+23	4.18e-21	8.13e-16	5.82e-12	3.76e-09	5.49e-07	3.37e-05	1.11e-02	1.97e-01	7.92e-01	0.00e+00	0.00e+00	0.00e+00
 1.30366e+23	5.90e-21	1.10e-15	7.49e-12	4.63e-09	6.44e-07	3.76e-05	1.19e-02	2.03e-01	7.86e-01	0.00e+00	0.00e+00	0.00e+00
 1.30824e+23	7.63e-21	1.37e-15	9.05e-12	5.41e-09	7.25e-07	4.08e-05	1.25e-02	2.07e-01	7.80e-01	0.00e+00	0.00e+00	0.00e+00
 1.31293e+23	1.08e-20	1.84e-15	1.17e-11	6.66e-09	8.51e-07	4.56e-05	1.34e-02	2.13e-01	7.73e-01	0.00e+00	0.00e+00	0.00e+00
 1.31775e+23	1.40e-20	2.31e-15	1.41e-11	7.80e-09	9.62e-07	4.96e-05	1.41e-02	2.18e-01	7.68e-01	0.00e+00	0.00e+00	0.00e+00
 1.32272e+23	1.96e-20	3.10e-15	1.82e-11	9.60e-09	1.13e-06	5.54e-05	1.51e-02	2.24e-01	7.61e-01	0.00e+00	0.00e+00	0.00e+00
 1.32778e+23	2.56e-20	3.90e-15	2.21e-11	1.13e-08	1.28e-06	6.04e-05	1.59e-02	2.29e-01	7.55e-01	0.00e+00	0.00e+00	0.00e+00
 1.33298e+23	3.59e-20	5.24e-15	2.83e-11	1.39e-08	1.50e-06	6.75e-05	1.70e-02	2.36e-01	7.47e-01	0.00e+00	0.00e+00	0.00e+00
 1.33822e+23	4.64e-20	6.54e-15	3.43e-11	1.62e-08	1.70e-06	7.35e-05	1.79e-02	2.41e-01	7.41e-01	0.00e+00	0.00e+00	0.00e+00
 1.34351e+23	6.42e-20	8.68e-15	4.36e-11	1.98e-08	1.98e-06	8.19e-05	1.92e-02	2.48e-01	7.33e-01	0.00e+00	0.00e+00	0.00e+00
 1.34893e+23	8.31e-20	1.09e-14	5.28e-11	2.32e-08	2.24e-06	8.93e-05	2.02e-02	2.53e-01	7.26e-01	0.00e+00	0.00e+00	0.00e+00
 1.35362e+23	1.05e-19	1.33e-14	6.28e-11	2.68e-08	2.51e-06	9.66e-05	2.12e-02	2.58e-01	7.20e-01	0.00e+00	0.00e+00	0.00e+00
 1.35882e+23	1.42e-19	1.72e-14	7.83e-11	3.22e-08	2.90e-06	1.07e-04	2.26e-02	2.65e-01	7.12e-01	0.00e+00	0.00e+00	0.00e+00
 1.36408e+23	1.79e-19	2.11e-14	9.30e-11	3.72e-08	3.24e-06	1.16e-04	2.37e-02	2.70e-01	7.06e-01	0.00e+00	0.00e+00	0.00e+00
 1.36944e+23	2.41e-19	2.73e-14	1.16e-10	4.47e-08	3.75e-06	1.28e-04	2.52e-02	2.77e-01	6.98e-01	0.00e+00	0.00e+00	0.00e+00
 1.37488e+23	3.02e-19	3.32e-14	1.37e-10	5.14e-08	4.18e-06	1.38e-04	2.64e-02	2.82e-01	6.91e-01	0.00e+00	0.00e+00	0.00e+00
 1.37964e+23	3.77e-19	4.03e-14	1.62e-10	5.90e-08	4.66e-06	1.49e-04	2.77e-02	2.87e-01	6.85e-01	0.00e+00	0.00e+00	0.00e+00
 1.38506e+23	5.03e-19	5.18e-14	2.00e-10	7.06e-08	5.37e-06	1.65e-04	2.94e-02	2.94e-01	6.76e-01	0.00e+00	0.00e+00	0.00e+00
 1.39046e+23	6.15e-19	6.17e-14	2.33e-10	8.00e-08	5.93e-06	1.77e-04	3.07e-02	2.99e-01	6.70e-01	0.00e+00	0.00e+00	0.00e+00
 1.39582e+23	8.10e-19	7.83e-14	2.86e-10	9.50e-08	6.79e-06	1.94e-04	3.25e-02	3.06e-01	6.61e-01	0.00e+00	0.00e+00	0.00e+00
 1.40129e+23	9.93e-19	9.35e-14	3.33e-10	1.08e-07	7.51e-06	2.09e-04	3.40e-02	3.11e-01	6.55e-01	0.00e+00	0.00e+00	0.00e+00
 1.40690e+23	1.31e-18	1.19e-13	4.08e-10	1.28e-07	8.60e-06	2.30e-04	3.60e-02	3.18e-01	6.46e-01	0.00e+00	0.00e+00	0.00e+00
 1.41261e+23	1.61e-18	1.42e-13	4.76e-10	1.46e-07	9.53e-06	2.47e-04	3.76e-02	3.23e-01	6.39e-01	0.00e+00	0.00e+00	0.00e+00
 1.41846e+23	2.12e-18	1.81e-13	5.85e-10	1.73e-07	1.09e-05	2.72e-04	3.99e-02	3.30e-01	6.30e-01	0.00e+00	0.00e+00	0.00e+00
 1.42442e+23	2.61e-18	2.16e-13	6.83e-10	1.97e-07	1.21e-05	2.93e-04	4.17e-02	3.36e-01	6.22e-01	0.00e+00	0.00e+00	0.00e+00
 1.43052e+23	3.44e-18	2.75e-13	8.39e-10	2.34e-07	1.39e-05	3.23e-04	4.42e-02	3.43e-01	6.13e-01	0.00e+00	0.00e+00	0.00e+00
 1.43648e+23	4.12e-18	3.23e-13	9.62e-10	2.63e-07	1.52e-05	3.44e-04	4.59e-02	3.48e-01	6.06e-01	0.00e+00	0.00e+00	0.00e+00
 1.44226e+23	5.35e-18	4.05e-13	1.17e-09	3.09e-07	1.74e-05	3.78e-04	4.86e-02	3.54e-01	5.97e-01	0.00e+00	0.00e+00	0.00e+00
 1.44813e+23	6.43e-18	4.74e-13	1.34e-09	3.47e-07	1.90e-05	4.03e-04	5.05e-02	3.59e-01	5.90e-01	0.00e+00	0.00e+00	0.00e+00
 1.45411e+23	8.26e-18	5.90e-13	1.62e-09	4.06e-07	2.16e-05	4.41e-04	5.32e-02	3.66e-01	5.80e-01	0.00e+00	0.00e+00	0.00e+00
 1.46027e+23	1.01e-17	7.04e-13	1.88e-09	4.61e-07	2.39e-05	4.74e-04	5.56e-02	3.71e-01	5.73e-01	0.00e+00	0.00e+00	0.00e+00
 1.46668e+23	1.30e-17	8.76e-13	2.27e-09	5.40e-07	2.71e-05	5.18e-04	5.86e-02	3.78e-01	5.63e-01	0.00e+00	0.00e+00	0.00e+00
 1.47329e+23	1.61e-17	1.05e-12	2.66e-09	6.17e-07	3.01e-05	5.58e-04	6.13e-02	3.83e-01	5.55e-01	0.00e+00	0.00e+00	0.00e+00
 1.48016e+23	2.08e-17	1.32e-12	3.23e-09	7.27e-07	3.43e-05	6.12e-04	6.47e-02	3.90e-01	5.44e-01	0.00e+00	0.00e+00	0.00e+00
 1.48722e+23	2.59e-17	1.60e-12	3.80e-09	8.33e-07	3.83e-05	6.62e-04	6.77e-02	3.96e-01	5.36e-01	2.59e-17	6.16e-28	6.55e-28
 1.49451e+23	3.37e-17	2.01e-12	4.63e-09	9.84e-07	4.37e-05	7.27e-04	7.16e-02	4.03e-01	5.25e-01	3.37e-17	5.97e-26	7.52e-26
 1.50204e+23	4.22e-17	2.45e-12	5.48e-09	1.13e-06	4.90e-05	7.88e-04	7.50e-02	4.09e-01	5.15e-01	4.22e-17	7.47e-26	9.41e-26
 1.50986e+23	5.57e-17	3.11e-12	6.74e-09	1.35e-06	5.62e-05	8.69e-04	7.94e-02	4.16e-01	5.04e-01	5.57e-17	9.85e-26	1.24e-25
 1.51795e+23	7.05e-17	3.82e-12	8.04e-09	1.56e-06	6.33e-05	9.44e-04	8.34e-02	4.22e-01	4.94e-01	7.05e-17	1.25e-25	1.57e-25
 1.52526e+23	8.84e-17	4.65e-12	9.53e-09	1.80e-06	7.09e-05	1.02e-03	8.73e-02	4.27e-01	4.84e-01	8.84e-17	1.56e-25	1.97e-25
 1.53365e+23	1.18e-16	5.97e-12	1.18e-08	2.16e-06	8.18e-05	1.13e-03	9.25e-02	4.34e-01	4.72e-01	1.18e-16	2.08e-25	2.62e-25
 1.54221e+23	1.49e-16	7.34e-12	1.41e-08	2.50e-06	9.21e-05	1.23e-03	9.71e-02	4.40e-01	4.62e-01	1.49e-16	2.64e-25	3.32e-25
 1.54985e+23	1.87e-16	8.93e-12	1.67e-08	2.88e-06	1.03e-04	1.33e-03	1.02e-01	4.45e-01	4.52e-01	1.87e-16	3.30e-25	4.15e-25
 1.55863e+23	2.53e-16	1.17e-11	2.10e-08	3.50e-06	1.20e-04	1.48e-03	1.08e-01	4.52e-01	4.39e-01	2.53e-16	4.48e-25	5.64e-25
 1.56747e+23	3.17e-16	1.42e-11	2.48e-08	4.02e-06	1.34e-04	1.60e-03	1.13e-01	4.57e-01	4.29e-01	3.17e-16	5.61e-25	7.06e-25
 1.57640e+23	4.31e-16	1.85e-11	3.12e-08	4.88e-06	1.57e-04	1.79e-03	1.20e-01	4.63e-01	4.15e-01	4.31e-16	7.62e-25	9.59e-25
 1.58543e+23	5.44e-16	2.27e-11	3.72e-08	5.66e-06	1.77e-04	1.94e-03	1.26e-01	4.68e-01	4.05e-01	5.44e-16	9.62e-25	1.21e-24
 1.59462e+23	7.41e-16	2.97e-11	4.69e-08	6.87e-06	2.06e-04	2.17e-03	1.33e-01	4.73e-01	3.91e-01	7.41e-16	1.31e-24	1.65e-24
 1.60340e+23	9.14e-16	3.57e-11	5.49e-08	7.85e-06	2.29e-04	2.33e-03	1.39e-01	4.77e-01	3.81e-01	9.14e-16	1.62e-24	2.03e-24
 1.61165e+23	1.21e-15	4.54e-11	6.76e-08	9.35e-06	2.64e-04	2.58e-03	1.47e-01	4.82e-01	3.69e-01	1.21e-15	2.13e-24	2.68e-24
 1.61996e+23	1.49e-15	5.45e-11	7.91e-08	1.07e-05	2.94e-04	2.77e-03	1.53e-01	4.85e-01	3.59e-01	1.49e-15	2.63e-24	3.31e-24
 1.62835e+23	1.97e-15	6.95e-11	9.77e-08	1.28e-05	3.39e-04	3.07e-03	1.61e-01	4.89e-01	3.46e-01	1.97e-15	3.48e-24	4.37e-24
 1.63682e+23	2.44e-15	8.39e-11	1.15e-07	1.46e-05	3.79e-04	3.31e-03	1.68e-01	4.92e-01	3.36e-01	2.44e-15	4.31e-24	5.42e-24
 1.64540e+23	3.24e-15	1.07e-10	1.42e-07	1.76e-05	4.39e-04	3.67e-03	1.77e-01	4.96e-01	3.23e-01	3.24e-15	5.72e-24	7.20e-24
 1.65409e+23	4.03e-15	1.30e-10	1.68e-07	2.02e-05	4.92e-04	3.97e-03	1.85e-01	4.98e-01	3.13e-01	4.03e-15	7.12e-24	8.95e-24
 1.66293e+23	5.37e-15	1.67e-10	2.09e-07	2.44e-05	5.74e-04	4.42e-03	1.96e-01	5.00e-01	2.99e-01	5.37e-15	9.50e-24	1.19e-23
 1.67189e+23	6.70e-15	2.03e-10	2.47e-07	2.81e-05	6.44e-04	4.80e-03	2.04e-01	5.02e-01	2.89e-01	6.70e-15	1.19e-23	1.49e-23
 1.68101e+23	8.95e-15	2.61e-10	3.08e-07	3.40e-05	7.53e-04	5.35e-03	2.15e-01	5.03e-01	2.75e-01	8.95e-15	1.58e-23	1.99e-23
 1.69035e+23	1.13e-14	3.19e-10	3.67e-07	3.96e-05	8.53e-04	5.84e-03	2.25e-01	5.04e-01	2.64e-01	1.13e-14	2.00e-23	2.51e-23
 1.69995e+23	1.52e-14	4.14e-10	4.61e-07	4.82e-05	1.00e-03	6.54e-03	2.38e-01	5.04e-01	2.50e-01	1.52e-14	2.68e-23	3.37e-23
 1.70969e+23	1.91e-14	5.06e-10	5.51e-07	5.62e-05	1.14e-03	7.16e-03	2.49e-01	5.04e-01	2.39e-01	1.91e-14	3.38e-23	4.25e-23
 1.71928e+23	2.52e-14	6.45e-10	6.83e-07	6.79e-05	1.34e-03	7.99e-03	2.63e-01	5.03e-01	2.25e-01	2.52e-14	4.46e-23	5.60e-23
 1.72845e+23	3.07e-14	7.68e-10	7.98e-07	7.78e-05	1.50e-03	8.66e-03	2.73e-01	5.01e-01	2.16e-01	3.07e-14	5.43e-23	6.83e-23
 1.73737e+23	3.95e-14	9.58e-10	9.73e-07	9.27e-05	1.74e-03	9.62e-03	2.87e-01	4.98e-01	2.03e-01	3.95e-14	6.99e-23	8.78e-23
 1.74645e+23	4.80e-14	1.14e-09	1.14e-06	1.07e-04	1.95e-03	1.04e-02	2.98e-01	4.96e-01	1.94e-01	4.80e-14	8.51e-23	1.07e-22
 1.75530e+23	6.02e-14	1.39e-09	1.36e-06	1.25e-04	2.25e-03	1.15e-02	3.12e-01	4.92e-01	1.82e-01	6.02e-14	1.07e-22	1.34e-22
 1.76434e+23	7.30e-14	1.65e-09	1.59e-06	1.44e-04	2.53e-03	1.26e-02	3.24e-01	4.88e-01	1.73e-01	7.30e-14	1.29e-22	1.62e-22
 1.77316e+23	8.91e-14	1.97e-09	1.88e-06	1.68e-04	2.88e-03	1.38e-02	3.37e-01	4.83e-01	1.63e-01	8.91e-14	1.58e-22	1.98e-22
 1.78214e+23	1.07e-13	2.33e-09	2.19e-06	1.93e-04	3.25e-03	1.50e-02	3.50e-01	4.78e-01	1.53e-01	1.07e-13	1.90e-22	2.39e-22
 1.79107e+23	1.29e-13	2.74e-09	2.55e-06	2.22e-04	3.68e-03	1.64e-02	3.64e-01	4.72e-01	1.44e-01	1.29e-13	2.28e-22	2.86e-22
 1.80003e+23	1.53e-13	3.19e-09	2.95e-06	2.54e-04	4.14e-03	1.79e-02	3.77e-01	4.65e-01	1.35e-01	1.53e-13	2.71e-22	3.40e-22
 1.80889e+23	1.79e-13	3.70e-09	3.39e-06	2.90e-04	4.65e-03	1.95e-02	3.90e-01	4.58e-01	1.27e-01	1.79e-13	3.19e-22	4.00e-22
 1.81774e+23	2.09e-13	4.26e-09	3.89e-06	3.30e-04	5.21e-03	2.12e-02	4.03e-01	4.51e-01	1.19e-01	2.09e-13	3.72e-22	4.66e-22
 1.82662e+23	2.42e-13	4.87e-09	4.44e-06	3.74e-04	5.82e-03	2.30e-02	4.16e-01	4.43e-01	1.12e-01	2.42e-13	4.31e-22	5.40e-22
 1.83554e+23	2.79e-13	5.55e-09	5.04e-06	4.24e-04	6.49e-03	2.49e-02	4.29e-01	4.35e-01	1.04e-01	2.79e-13	4.96e-22	6.21e-22
 1.84452e+23	3.18e-13	6.29e-09	5.71e-06	4.78e-04	7.23e-03	2.69e-02	4.42e-01	4.26e-01	9.74e-02	3.18e-13	5.67e-22	7.10e-22
 1.85359e+23	3.62e-13	7.09e-09	6.46e-06	5.39e-04	8.03e-03	2.91e-02	4.54e-01	4.17e-01	9.07e-02	3.62e-13	6.44e-22	8.08e-22
 1.86277e+23	4.09e-13	7.97e-09	7.28e-06	6.07e-04	8.91e-03	3.15e-02	4.67e-01	4.08e-01	8.44e-02	4.09e-13	7.29e-22	9.13e-22
 1.87200e+23	4.59e-13	8.91e-09	8.17e-06	6.80e-04	9.86e-03	3.40e-02	4.79e-01	3.98e-01	7.85e-02	4.59e-13	8.19e-22	1.03e-21
 1.88139e+23	5.15e-13	9.95e-09	9.17e-06	7.64e-04	1.09e-02	3.67e-02	4.91e-01	3.88e-01	7.27e-02	5.15e-13	9.18e-22	1.15e-21
 1.89089e+23	5.73e-13	1.11e-08	1.02e-05	8.54e-04	1.20e-02	3.95e-02	5.03e-01	3.78e-01	6.74e-02	5.73e-13	1.02e-21	1.28e-21
 1.90059e+23	6.35e-13	1.23e-08	1.15e-05	9.58e-04	1.33e-02	4.27e-02	5.14e-01	3.67e-01	6.21e-02	6.35e-13	1.14e-21	1.42e-21
 1.90960e+23	6.92e-13	1.34e-08	1.26e-05	1.05e-03	1.44e-02	4.53e-02	5.23e-01	3.58e-01	5.82e-02	6.92e-13	1.24e-21	1.55e-21
 1.91888e+23	7.65e-13	1.48e-08	1.41e-05	1.18e-03	1.59e-02	4.89e-02	5.35e-01	3.46e-01	5.33e-02	7.65e-13	1.37e-21	1.71e-21
 1.92835e+23	8.30e-13	1.61e-08	1.54e-05	1.29e-03	1.72e-02	5.19e-02	5.43e-01	3.37e-01	4.98e-02	8.30e-13	1.49e-21	1.86e-21
 1.93805e+23	9.10e-13	1.78e-08	1.72e-05	1.45e-03	1.90e-02	5.60e-02	5.54e-01	3.25e-01	4.53e-02	9.10e-13	1.63e-21	2.04e-21
 1.94778e+23	9.87e-13	1.93e-08	1.89e-05	1.59e-03	2.04e-02	5.92e-02	5.61e-01	3.15e-01	4.23e-02	9.87e-13	1.77e-21	2.21e-21
 1.95753e+23	1.08e-12	2.13e-08	2.10e-05	1.78e-03	2.24e-02	6.36e-02	5.70e-01	3.03e-01	3.85e-02	1.08e-12	1.94e-21	2.42e-21
 1.96735e+23	1.16e-12	2.30e-08	2.30e-05	1.95e-03	2.40e-02	6.72e-02	5.77e-01	2.94e-01	3.58e-02	1.16e-12	2.09e-21	2.61e-21
 1.97727e+23	1.27e-12	2.53e-08	2.56e-05	2.18e-03	2.63e-02	7.20e-02	5.85e-01	2.82e-01	3.25e-02	1.27e-12	2.28e-21	2.85e-21
 1.98727e+23	1.37e-12	2.74e-08	2.80e-05	2.38e-03	2.81e-02	7.59e-02	5.90e-01	2.73e-01	3.02e-02	1.37e-12	2.46e-21	3.07e-21
 1.99740e+23	1.49e-12	3.02e-08	3.12e-05	2.66e-03	3.07e-02	8.12e-02	5.97e-01	2.61e-01	2.73e-02	1.49e-12	2.69e-21	3.35e-21
 2.00765e+23	1.60e-12	3.28e-08	3.41e-05	2.90e-03	3.28e-02	8.54e-02	6.01e-01	2.52e-01	2.53e-02	1.60e-12	2.90e-21	3.61e-21
 2.01807e+23	1.75e-12	3.62e-08	3.82e-05	3.24e-03	3.57e-02	9.12e-02	6.07e-01	2.40e-01	2.28e-02	1.75e-12	3.16e-21	3.95e-21
 2.02868e+23	1.89e-12	3.94e-08	4.18e-05	3.55e-03	3.82e-02	9.59e-02	6.10e-01	2.31e-01	2.10e-02	1.89e-12	3.42e-21	4.27e-21
 2.03953e+23	2.07e-12	4.37e-08	4.70e-05	3.98e-03	4.15e-02	1.02e-01	6.14e-01	2.20e-01	1.88e-02	2.07e-12	3.75e-21	4.68e-21
 2.05062e+23	2.25e-12	4.79e-08	5.18e-05	4.36e-03	4.43e-02	1.07e-01	6.16e-01	2.11e-01	1.73e-02	2.25e-12	4.08e-21	5.09e-21
 2.06202e+23	2.47e-12	5.35e-08	5.85e-05	4.91e-03	4.82e-02	1.14e-01	6.18e-01	1.99e-01	1.54e-02	2.47e-12	4.51e-21	5.62e-21
 2.07367e+23	2.71e-12	5.91e-08	6.49e-05	5.40e-03	5.15e-02	1.20e-01	6.19e-01	1.90e-01	1.40e-02	2.71e-12	4.94e-21	6.16e-21
 2.08348e+23	2.93e-12	6.44e-08	7.10e-05	5.87e-03	5.45e-02	1.25e-01	6.19e-01	1.82e-01	1.29e-02	2.93e-12	5.35e-21	6.66e-21
 2.09406e+23	3.22e-12	7.18e-08	7.97e-05	6.53e-03	5.86e-02	1.32e-01	6.18e-01	1.73e-01	1.16e-02	3.22e-12	5.90e-21	7.35e-21
 2.10438e+23	3.48e-12	7.82e-08	8.69e-05	7.05e-03	6.17e-02	1.37e-01	6.17e-01	1.66e-01	1.07e-02	3.48e-12	6.39e-21	7.95e-21
 2.11437e+23	3.80e-12	8.67e-08	9.69e-05	7.78e-03	6.58e-02	1.44e-01	6.16e-01	1.57e-01	9.65e-03	3.80e-12	6.99e-21	8.70e-21
 2.12446e+23	4.16e-12	9.52e-08	1.06e-04	8.42e-03	6.93e-02	1.49e-01	6.14e-01	1.51e-01	8.91e-03	4.16e-12	7.66e-21	9.53e-21
 2.13467e+23	4.59e-12	1.06e-07	1.19e-04	9.30e-03	7.39e-02	1.56e-01	6.10e-01	1.42e-01	8.00e-03	4.59e-12	8.47e-21	1.05e-20
 2.14503e+23	5.04e-12	1.17e-07	1.31e-04	1.01e-02	7.77e-02	1.62e-01	6.07e-01	1.36e-01	7.35e-03	5.04e-12	9.32e-21	1.16e-20
 2.15557e+23	5.61e-12	1.32e-07	1.47e-04	1.11e-02	8.28e-02	1.69e-01	6.02e-01	1.28e-01	6.57e-03	5.61e-12	1.04e-20	1.29e-20
 2.16626e+23	6.22e-12	1.47e-07	1.62e-04	1.21e-02	8.71e-02	1.74e-01	5.98e-01	1.22e-01	6.02e-03	6.22e-12	1.15e-20	1.44e-20
 2.17716e+23	6.97e-12	1.67e-07	1.84e-04	1.34e-02	9.27e-02	1.82e-01	5.92e-01	1.15e-01	5.35e-03	6.97e-12	1.30e-20	1.61e-20
 2.18823e+23	7.81e-12	1.87e-07	2.04e-04	1.45e-02	9.75e-02	1.88e-01	5.86e-01	1.09e-01	4.89e-03	7.81e-12	1.46e-20	1.81e-20
 2.19953e+23	8.85e-12	2.14e-07	2.32e-04	1.61e-02	1.04e-01	1.96e-01	5.78e-01	1.02e-01	4.32e-03	8.85e-12	1.66e-20	2.06e-20
 2.21108e+23	1.00e-11	2.42e-07	2.58e-04	1.76e-02	1.09e-01	2.02e-01	5.71e-01	9.62e-02	3.92e-03	1.00e-11	1.88e-20	2.33e-20
 2.22293e+23	1.15e-11	2.81e-07	2.96e-04	1.96e-02	1.16e-01	2.10e-01	5.61e-01	8.93e-02	3.43e-03	1.15e-11	2.17e-20	2.69e-20
 2.23509e+23	1.31e-11	3.21e-07	3.33e-04	2.14e-02	1.22e-01	2.16e-01	5.53e-01	8.40e-02	3.09e-03	1.31e-11	2.48e-20	3.08e-20
 2.24765e+23	1.54e-11	3.79e-07	3.85e-04	2.39e-02	1.30e-01	2.24e-01	5.41e-01	7.75e-02	2.68e-03	1.54e-11	2.93e-20	3.64e-20
 2.26039e+23	1.78e-11	4.35e-07	4.34e-04	2.61e-02	1.37e-01	2.31e-01	5.31e-01	7.26e-02	2.40e-03	1.78e-11	3.39e-20	4.20e-20
 2.27336e+23	2.12e-11	5.19e-07	5.06e-04	2.92e-02	1.46e-01	2.39e-01	5.17e-01	6.65e-02	2.07e-03	2.12e-11	4.07e-20	5.03e-20
 2.28649e+23	2.47e-11	6.01e-07	5.72e-04	3.19e-02	1.53e-01	2.44e-01	5.06e-01	6.21e-02	1.85e-03	2.47e-11	4.76e-20	5.89e-20
 2.29981e+23	2.98e-11	7.22e-07	6.68e-04	3.58e-02	1.63e-01	2.52e-01	4.91e-01	5.66e-02	1.58e-03	2.98e-11	5.77e-20	7.13e-20
 2.31332e+23	3.51e-11	8.42e-07	7.58e-04	3.91e-02	1.71e-01	2.57e-01	4.78e-01	5.26e-02	1.40e-03	3.51e-11	6.83e-20	8.44e-20
 2.32518e+23	4.11e-11	9.77e-07	8.57e-04	4.26e-02	1.79e-01	2.62e-01	4.66e-01	4.88e-02	1.24e-03	4.11e-11	8.04e-20	9.93e-20
 2.33870e+23	5.03e-11	1.18e-06	1.00e-03	4.76e-02	1.89e-01	2.69e-01	4.49e-01	4.41e-02	1.05e-03	5.03e-11	9.89e-20	1.22e-19
 2.35233e+23	5.96e-11	1.38e-06	1.14e-03	5.18e-02	1.97e-01	2.73e-01	4.35e-01	4.08e-02	9.29e-04	5.96e-11	1.18e-19	1.45e-19
 2.36354e+23	6.90e-11	1.58e-06	1.27e-03	5.57e-02	2.05e-01	2.77e-01	4.23e-01	3.80e-02	8.30e-04	6.90e-11	1.37e-19	1.69e-19
 2.37555e+23	8.34e-11	1.88e-06	1.45e-03	6.11e-02	2.14e-01	2.80e-01	4.08e-01	3.47e-02	7.20e-04	8.34e-11	1.67e-19	2.06e-19
 2.38783e+23	9.79e-11	2.17e-06	1.62e-03	6.59e-02	2.22e-01	2.83e-01	3.95e-01	3.21e-02	6.36e-04	9.79e-11	1.97e-19	2.42e-19
 2.39876e+23	1.15e-10	2.50e-06	1.81e-03	7.08e-02	2.30e-01	2.86e-01	3.82e-01	2.98e-02	5.65e-04	1.15e-10	2.32e-19	2.85e-19
 2.41125e+23	1.40e-10	2.98e-06	2.08e-03	7.75e-02	2.39e-01	2.88e-01	3.65e-01	2.70e-02	4.85e-04	1.40e-10	2.85e-19	3.51e-19
 2.42423e+23	1.68e-10	3.49e-06	2.35e-03	8.38e-02	2.48e-01	2.90e-01	3.51e-01	2.46e-02	4.22e-04	1.68e-10	3.43e-19	4.22e-19
 2.43582e+23	1.99e-10	4.04e-06	2.63e-03	9.00e-02	2.56e-01	2.91e-01	3.37e-01	2.27e-02	3.71e-04	1.99e-10	4.09e-19	5.03e-19
 2.44887e+23	2.47e-10	4.86e-06	3.02e-03	9.83e-02	2.66e-01	2.92e-01	3.21e-01	2.03e-02	3.15e-04	2.47e-10	5.13e-19	6.30e-19
 2.46250e+23	2.99e-10	5.74e-06	3.42e-03	1.06e-01	2.74e-01	2.92e-01	3.05e-01	1.84e-02	2.70e-04	2.99e-10	6.27e-19	7.69e-19
 2.47479e+23	3.59e-10	6.69e-06	3.84e-03	1.14e-01	2.82e-01	2.91e-01	2.91e-01	1.67e-02	2.35e-04	3.59e-10	7.59e-19	9.30e-19
 2.48867e+23	4.54e-10	8.12e-06	4.43e-03	1.25e-01	2.92e-01	2.90e-01	2.74e-01	1.48e-02	1.96e-04	4.54e-10	9.69e-19	1.19e-18
 2.50301e+23	5.58e-10	9.63e-06	5.02e-03	1.34e-01	3.00e-01	2.88e-01	2.59e-01	1.33e-02	1.66e-04	5.58e-10	1.20e-18	1.47e-18
 2.51579e+23	6.78e-10	1.13e-05	5.63e-03	1.44e-01	3.08e-01	2.85e-01	2.45e-01	1.19e-02	1.43e-04	6.78e-10	1.47e-18	1.80e-18
 2.53024e+23	8.67e-10	1.37e-05	6.50e-03	1.57e-01	3.17e-01	2.82e-01	2.28e-01	1.05e-02	1.17e-04	8.67e-10	1.90e-18	2.33e-18
 2.54527e+23	1.08e-09	1.64e-05	7.38e-03	1.69e-01	3.24e-01	2.77e-01	2.13e-01	9.24e-03	9.80e-05	1.08e-09	2.39e-18	2.92e-18
 2.55879e+23	1.33e-09	1.93e-05	8.30e-03	1.80e-01	3.30e-01	2.73e-01	2.00e-01	8.21e-03	8.28e-05	1.33e-09	2.98e-18	3.63e-18
 2.57411e+23	1.73e-09	2.38e-05	9.61e-03	1.96e-01	3.38e-01	2.66e-01	1.84e-01	7.04e-03	6.64e-05	1.73e-09	3.94e-18	4.80e-18
 2.58992e+23	2.18e-09	2.83e-05	1.09e-02	2.09e-01	3.43e-01	2.60e-01	1.70e-01	6.16e-03	5.48e-05	2.18e-09	5.00e-18	6.09e-18
 2.60416e+23	2.71e-09	3.36e-05	1.22e-02	2.23e-01	3.48e-01	2.54e-01	1.58e-01	5.40e-03	4.54e-05	2.71e-09	6.31e-18	7.68e-18
 2.62049e+23	3.61e-09	4.17e-05	1.42e-02	2.41e-01	3.53e-01	2.45e-01	1.42e-01	4.53e-03	3.55e-05	3.61e-09	8.53e-18	1.04e-17
 2.63702e+23	4.56e-09	4.97e-05	1.60e-02	2.57e-01	3.56e-01	2.37e-01	1.30e-01	3.91e-03	2.89e-05	4.56e-09	1.09e-17	1.33e-17
 2.65164e+23	5.71e-09	5.88e-05	1.80e-02	2.72e-01	3.58e-01	2.28e-01	1.20e-01	3.39e-03	2.36e-05	5.71e-09	1.39e-17	1.68e-17
 2.66845e+23	7.66e-09	7.31e-05	2.08e-02	2.92e-01	3.60e-01	2.17e-01	1.07e-01	2.79e-03	1.81e-05	7.66e-09	1.90e-17	2.30e-17
 2.68545e+23	9.70e-09	8.70e-05	2.33e-02	3.09e-01	3.60e-01	2.08e-01	9.67e-02	2.38e-03	1.45e-05	9.70e-09	2.44e-17	2.95e-17
 2.70272e+23	1.30e-08	1.08e-04	2.68e-02	3.30e-01	3.59e-01	1.97e-01	8.54e-02	1.95e-03	1.10e-05	1.30e-08	3.34e-17	4.04e-17
 2.72036e+23	1.66e-08	1.28e-04	3.01e-02	3.47e-01	3.57e-01	1.87e-01	7.67e-02	1.64e-03	8.71e-06	1.66e-08	4.34e-17	5.25e-17
 2.73606e+23	2.12e-08	1.53e-04	3.36e-02	3.64e-01	3.55e-01	1.77e-01	6.88e-02	1.38e-03	6.88e-06	2.12e-08	5.62e-17	6.79e-17
 2.75408e+23	2.87e-08	1.89e-04	3.86e-02	3.86e-01	3.50e-01	1.64e-01	5.96e-02	1.10e-03	5.08e-06	2.87e-08	7.81e-17	9.42e-17
 2.77238e+23	3.67e-08	2.25e-04	4.31e-02	4.04e-01	3.45e-01	1.54e-01	5.29e-02	9.16e-04	3.95e-06	3.67e-08	1.02e-16	1.23e-16
 2.79107e+23	5.03e-08	2.81e-04	4.94e-02	4.25e-01	3.37e-01	1.42e-01	4.52e-02	7.18e-04	2.85e-06	5.03e-08	1.43e-16	1.73e-16
 2.80932e+23	6.32e-08	3.29e-04	5.45e-02	4.41e-01	3.31e-01	1.33e-01	4.02e-02	5.99e-04	2.23e-06	6.32e-08	1.84e-16	2.21e-16
 2.82701e+23	8.48e-08	4.03e-04	6.16e-02	4.60e-01	3.22e-01	1.21e-01	3.44e-02	4.71e-04	1.62e-06	8.48e-08	2.53e-16	3.05e-16
 2.84413e+23	1.04e-07	4.64e-04	6.71e-02	4.73e-01	3.15e-01	1.14e-01	3.07e-02	3.97e-04	1.29e-06	1.04e-07	3.17e-16	3.81e-16
 2.86050e+23	1.36e-07	5.57e-04	7.47e-02	4.89e-01	3.05e-01	1.04e-01	2.64e-02	3.17e-04	9.56e-07	1.36e-07	4.25e-16	5.10e-16
 2.87710e+23	1.68e-07	6.43e-04	8.13e-02	5.01e-01	2.96e-01	9.67e-02	2.34e-02	2.64e-04	7.50e-07	1.68e-07	5.37e-16	6.43e-16
 2.89399e+23	2.19e-07	7.70e-04	9.02e-02	5.16e-01	2.85e-01	8.79e-02	2.00e-02	2.08e-04	5.49e-07	2.19e-07	7.21e-16	8.64e-16
 2.91106e+23	2.72e-07	8.90e-04	9.80e-02	5.26e-01	2.76e-01	8.10e-02	1.75e-02	1.71e-04	4.24e-07	2.72e-07	9.15e-16	1.10e-15
 2.92612e+23	3.35e-07	1.02e-03	1.06e-01	5.36e-01	2.66e-01	7.47e-02	1.54e-02	1.41e-04	3.29e-07	3.35e-07	1.16e-15	1.38e-15
 2.94343e+23	4.38e-07	1.22e-03	1.17e-01	5.47e-01	2.54e-01	6.71e-02	1.30e-02	1.10e-04	2.37e-07	4.38e-07	1.56e-15	1.86e-15
 2.96095e+23	5.44e-07	1.41e-03	1.27e-01	5.55e-01	2.44e-01	6.13e-02	1.13e-02	8.92e-05	1.80e-07	5.44e-07	1.98e-15	2.37e-15
 2.97639e+23	6.68e-07	1.62e-03	1.37e-01	5.62e-01	2.34e-01	5.60e-02	9.82e-03	7.29e-05	1.38e-07	6.68e-07	2.51e-15	2.99e-15
 2.99412e+23	8.72e-07	1.93e-03	1.50e-01	5.69e-01	2.21e-01	4.98e-02	8.20e-03	5.59e-05	0.00e+00	8.72e-07	3.38e-15	4.03e-15
 3.01057e+23	1.04e-06	2.17e-03	1.60e-01	5.73e-01	2.12e-01	4.59e-02	7.25e-03	4.67e-05	0.00e+00	1.04e-06	4.13e-15	4.92e-15
 3.02536e+23	1.29e-06	2.50e-03	1.72e-01	5.76e-01	2.02e-01	4.14e-02	6.22e-03	3.74e-05	0.00e+00	1.29e-06	5.29e-15	6.29e-15
 3.04042e+23	1.55e-06	2.82e-03	1.83e-01	5.78e-01	1.93e-01	3.79e-02	5.46e-03	3.09e-05	0.00e+00	1.55e-06	6.50e-15	7.73e-15
 3.05368e+23	1.84e-06	3.15e-03	1.93e-01	5.79e-01	1.85e-01	3.48e-02	4.82e-03	2.58e-05	0.00e+00	1.84e-06	7.90e-15	9.40e-15
 3.06875e+23	2.29e-06	3.64e-03	2.07e-01	5.80e-01	1.74e-01	3.12e-02	4.09e-03	2.04e-05	0.00e+00	2.29e-06	1.01e-14	1.21e-14
 3.08148e+23	2.58e-06	3.94e-03	2.15e-01	5.79e-01	1.69e-01	2.93e-02	3.75e-03	1.79e-05	0.00e+00	2.58e-06	1.16e-14	1.38e-14
