#depth	Cl	Cl+	Cl+2	Cl+3	Cl+4	Cl+5	Cl+6	Cl+7	Cl+8	Cl+9	Cl+10	Cl+11	Cl+12	Cl+13	Cl+14	Cl+15	Cl+16	Cl+17
 1.54284e+22	0.00e+00	0.00e+00	0.00e+00	0.00e+00	0.00e+00	0.00e+00	1.74e-23	6.04e-20	6.05e-17	2.66e-14	5.59e-12	7.18e-10	5.35e-08	2.55e-06	1.33e-04	1.28e-02	1.80e-01	8.07e-01
 3.58111e+22	0.00e+00	0.00e+00	0.00e+00	0.00e+00	0.00e+00	3.73e-25	6.55e-22	1.61e-18	1.14e-15	3.55e-13	5.29e-11	4.82e-09	2.56e-07	8.79e-06	3.31e-04	2.30e-02	2.31e-01	7.46e-01
 4.44005e+22	0.00e+00	0.00e+00	0.00e+00	0.00e+00	2.49e-27	6.21e-24	8.74e-21	1.68e-17	9.25e-15	2.25e-12	2.61e-10	1.86e-08	7.77e-07	2.11e-05	6.28e-04	3.44e-02	2.73e-01	6.92e-01
 5.09436e+22	0.00e+00	0.00e+00	0.00e+00	4.13e-30	1.36e-26	2.86e-23	3.37e-20	1.08e-16	4.89e-14	9.73e-12	9.30e-10	5.44e-08	1.87e-06	4.20e-05	1.03e-03	4.70e-02	3.07e-01	6.45e-01
 5.45786e+22	0.00e+00	0.00e+00	0.00e+00	7.98e-30	2.52e-26	5.08e-23	5.72e-20	1.75e-16	7.48e-14	1.42e-11	1.29e-09	7.16e-08	2.34e-06	5.00e-05	1.17e-03	5.08e-02	3.16e-01	6.32e-01
 5.57838e+22	0.00e+00	0.00e+00	0.00e+00	1.22e-29	3.73e-26	7.32e-23	8.01e-20	2.37e-16	9.83e-14	1.80e-11	1.58e-09	8.53e-08	2.70e-06	5.60e-05	1.27e-03	5.34e-02	3.22e-01	6.23e-01
 5.68839e+22	0.00e+00	0.00e+00	0.00e+00	2.08e-29	6.17e-26	1.17e-22	1.23e-19	3.50e-16	1.39e-13	2.44e-11	2.06e-09	1.06e-07	3.24e-06	6.45e-05	1.41e-03	5.68e-02	3.29e-01	6.12e-01
 5.79879e+22	0.00e+00	0.00e+00	0.00e+00	3.18e-29	9.19e-26	1.69e-22	1.73e-19	4.77e-16	1.83e-13	3.12e-11	2.55e-09	1.27e-07	3.75e-06	7.22e-05	1.53e-03	5.97e-02	3.35e-01	6.03e-01
 5.90970e+22	0.00e+00	0.00e+00	0.00e+00	5.48e-29	1.53e-25	2.71e-22	2.67e-19	7.05e-16	2.60e-13	4.24e-11	3.33e-09	1.60e-07	4.51e-06	8.34e-05	1.70e-03	6.36e-02	3.43e-01	5.92e-01
 6.02117e+22	0.00e+00	0.00e+00	0.00e+00	8.64e-29	2.33e-25	4.02e-22	3.84e-19	9.79e-16	3.49e-13	5.50e-11	4.17e-09	1.93e-07	5.27e-06	9.42e-05	1.85e-03	6.70e-02	3.49e-01	5.82e-01
 6.11674e+22	0.00e+00	0.00e+00	0.00e+00	1.30e-28	3.42e-25	5.74e-22	5.32e-19	1.32e-15	4.55e-13	6.94e-11	5.09e-09	2.29e-07	6.05e-06	1.05e-04	2.00e-03	7.02e-02	3.54e-01	5.73e-01
 6.22436e+22	0.00e+00	0.00e+00	0.00e+00	1.24e-28	3.17e-25	5.14e-22	7.95e-19	1.89e-15	6.29e-13	9.24e-11	6.52e-09	2.82e-07	7.17e-06	1.20e-04	2.20e-03	7.43e-02	3.61e-01	5.62e-01
 6.33969e+22	0.00e+00	0.00e+00	0.00e+00	2.05e-28	5.06e-25	7.92e-22	1.18e-18	2.71e-15	8.68e-13	1.23e-10	8.34e-09	3.47e-07	8.51e-06	1.37e-04	2.41e-03	7.86e-02	3.68e-01	5.51e-01
 6.43893e+22	0.00e+00	0.00e+00	0.00e+00	3.09e-28	7.41e-25	1.13e-21	1.64e-18	3.65e-15	1.13e-12	1.55e-10	1.02e-08	4.11e-07	9.76e-06	1.52e-04	2.60e-03	8.23e-02	3.73e-01	5.42e-01
 6.54181e+22	0.00e+00	0.00e+00	0.00e+00	5.03e-28	1.17e-24	1.73e-21	2.41e-18	5.18e-15	1.55e-12	2.04e-10	1.30e-08	5.03e-07	1.15e-05	1.73e-04	2.85e-03	8.69e-02	3.79e-01	5.31e-01
 6.65074e+22	0.00e+00	0.00e+00	0.00e+00	8.01e-28	1.80e-24	2.58e-21	3.49e-18	7.24e-15	2.09e-12	2.66e-10	1.63e-08	6.10e-07	1.35e-05	1.95e-04	3.11e-03	9.14e-02	3.85e-01	5.20e-01
 6.74886e+22	0.00e+00	0.00e+00	0.00e+00	1.22e-27	2.68e-24	3.73e-21	4.88e-18	9.82e-15	2.74e-12	3.39e-10	2.01e-08	7.28e-07	1.56e-05	2.18e-04	3.36e-03	9.58e-02	3.90e-01	5.10e-01
 6.85772e+22	0.00e+00	0.00e+00	2.88e-31	2.08e-27	4.40e-24	5.89e-21	7.42e-18	1.44e-14	3.86e-12	4.57e-10	2.60e-08	9.06e-07	1.86e-05	2.50e-04	3.71e-03	1.01e-01	3.97e-01	4.98e-01
 6.97040e+22	0.00e+00	0.00e+00	4.72e-31	3.31e-27	6.78e-24	8.80e-21	1.07e-17	2.01e-14	5.20e-12	5.95e-10	3.27e-08	1.10e-06	2.18e-05	2.83e-04	4.04e-03	1.07e-01	4.02e-01	4.87e-01
 7.06646e+22	0.00e+00	0.00e+00	7.36e-31	5.03e-27	1.00e-23	1.26e-20	1.49e-17	2.71e-14	6.79e-12	7.54e-10	4.01e-08	1.31e-06	2.51e-05	3.15e-04	4.36e-03	1.11e-01	4.07e-01	4.77e-01
 7.15620e+22	0.00e+00	0.00e+00	1.13e-30	7.52e-27	1.46e-23	1.79e-20	2.04e-17	3.61e-14	8.80e-12	9.47e-10	4.89e-08	1.55e-06	2.88e-05	3.50e-04	4.69e-03	1.16e-01	4.12e-01	4.67e-01
 7.25929e+22	0.00e+00	0.00e+00	1.94e-30	1.25e-26	2.34e-23	2.77e-20	3.04e-17	5.19e-14	1.22e-11	1.26e-09	6.28e-08	1.91e-06	3.41e-05	3.99e-04	5.14e-03	1.23e-01	4.17e-01	4.55e-01
 7.36587e+22	0.00e+00	0.00e+00	3.06e-30	1.92e-26	3.50e-23	4.01e-20	4.27e-17	7.07e-14	1.61e-11	1.61e-09	7.75e-08	2.28e-06	3.95e-05	4.46e-04	5.56e-03	1.28e-01	4.21e-01	4.44e-01
 7.47701e+22	0.00e+00	0.00e+00	5.40e-30	3.28e-26	5.74e-23	6.35e-20	6.48e-17	1.03e-13	2.26e-11	2.18e-09	1.01e-07	2.85e-06	4.73e-05	5.12e-04	6.12e-03	1.35e-01	4.27e-01	4.31e-01
 7.59046e+22	0.00e+00	0.00e+00	9.13e-30	5.37e-26	9.08e-23	9.68e-20	9.50e-17	1.47e-13	3.10e-11	2.88e-09	1.28e-07	3.49e-06	5.59e-05	5.82e-04	6.68e-03	1.42e-01	4.31e-01	4.19e-01
 7.68264e+22	0.00e+00	0.00e+00	1.38e-29	7.92e-26	1.30e-22	1.35e-19	1.29e-16	1.94e-13	3.97e-11	3.59e-09	1.55e-07	4.11e-06	6.37e-05	6.43e-04	7.16e-03	1.48e-01	4.35e-01	4.10e-01
 7.77817e+22	0.00e+00	0.00e+00	2.30e-29	1.28e-25	2.04e-22	2.04e-19	1.87e-16	2.72e-13	5.39e-11	4.70e-09	1.96e-07	5.01e-06	7.49e-05	7.27e-04	7.80e-03	1.55e-01	4.39e-01	3.98e-01
 7.87807e+22	0.00e+00	0.00e+00	3.65e-29	1.97e-25	3.04e-22	2.95e-19	2.61e-16	3.69e-13	7.10e-11	6.00e-09	2.43e-07	6.00e-06	8.68e-05	8.13e-04	8.42e-03	1.62e-01	4.42e-01	3.87e-01
 7.96831e+22	0.00e+00	0.00e+00	5.62e-29	2.96e-25	4.43e-22	4.16e-19	3.57e-16	4.92e-13	9.19e-11	7.55e-09	2.96e-07	7.09e-06	9.94e-05	9.02e-04	9.04e-03	1.68e-01	4.45e-01	3.77e-01
 8.07030e+22	0.00e+00	0.00e+00	9.81e-29	4.99e-25	7.18e-22	6.49e-19	5.32e-16	7.11e-13	1.28e-10	1.01e-08	3.82e-07	8.82e-06	1.19e-04	1.03e-03	9.90e-03	1.77e-01	4.48e-01	3.64e-01
 8.17411e+22	0.00e+00	0.00e+00	1.55e-28	7.67e-25	1.07e-21	9.37e-19	7.43e-16	9.65e-13	1.68e-10	1.29e-08	4.72e-07	1.05e-05	1.37e-04	1.15e-03	1.07e-02	1.84e-01	4.50e-01	3.54e-01
 8.26288e+22	0.00e+00	0.00e+00	2.43e-28	1.16e-24	1.57e-21	1.33e-18	1.02e-15	1.29e-12	2.19e-10	1.63e-08	5.79e-07	1.25e-05	1.58e-04	1.28e-03	1.15e-02	1.91e-01	4.52e-01	3.44e-01
 8.34625e+22	0.00e+00	0.00e+00	3.66e-28	1.71e-24	2.25e-21	1.85e-18	1.37e-15	1.69e-12	2.80e-10	2.03e-08	6.98e-07	1.47e-05	1.80e-04	1.41e-03	1.23e-02	1.98e-01	4.54e-01	3.34e-01
 8.43998e+22	0.00e+00	0.00e+00	6.03e-28	2.73e-24	3.46e-21	2.75e-18	1.96e-15	2.35e-12	3.76e-10	2.64e-08	8.78e-07	1.79e-05	2.11e-04	1.59e-03	1.33e-02	2.07e-01	4.56e-01	3.23e-01
 8.53848e+22	0.00e+00	0.00e+00	9.65e-28	4.24e-24	5.19e-21	3.97e-18	2.73e-15	3.19e-12	4.96e-10	3.37e-08	1.09e-06	2.14e-05	2.44e-04	1.77e-03	1.43e-02	2.15e-01	4.57e-01	3.12e-01
 8.62630e+22	0.00e+00	0.00e+00	1.50e-27	6.41e-24	7.59e-21	5.62e-18	3.72e-15	4.25e-12	6.43e-10	4.25e-08	1.33e-06	2.54e-05	2.81e-04	1.97e-03	1.53e-02	2.23e-01	4.58e-01	3.02e-01
 8.72359e+22	0.00e+00	1.88e-31	2.58e-27	1.06e-23	1.21e-20	8.60e-18	5.45e-15	6.05e-12	8.84e-10	5.64e-08	1.70e-06	3.14e-05	3.33e-04	2.23e-03	1.67e-02	2.32e-01	4.58e-01	2.90e-01
 8.82004e+22	0.00e+00	3.01e-31	4.01e-27	1.60e-23	1.77e-20	1.21e-17	7.43e-15	8.05e-12	1.15e-09	7.10e-08	2.08e-06	3.72e-05	3.82e-04	2.48e-03	1.79e-02	2.41e-01	4.58e-01	2.80e-01
 8.90160e+22	0.00e+00	4.74e-31	6.12e-27	2.38e-23	2.54e-20	1.69e-17	9.97e-15	1.06e-11	1.47e-09	8.86e-08	2.52e-06	4.38e-05	4.36e-04	2.73e-03	1.91e-02	2.49e-01	4.58e-01	2.71e-01
 8.98164e+22	0.00e+00	7.27e-31	9.13e-27	3.46e-23	3.58e-20	2.31e-17	1.32e-14	1.37e-11	1.85e-09	1.09e-07	3.02e-06	5.11e-05	4.94e-04	3.00e-03	2.03e-02	2.56e-01	4.57e-01	2.63e-01
 9.07351e+22	0.00e+00	1.26e-30	1.53e-26	5.58e-23	5.55e-20	3.44e-17	1.88e-14	1.91e-11	2.50e-09	1.43e-07	3.81e-06	6.22e-05	5.80e-04	3.37e-03	2.19e-02	2.66e-01	4.56e-01	2.52e-01
 9.16807e+22	0.00e+00	2.06e-30	2.41e-26	8.54e-23	8.21e-20	4.90e-17	2.58e-14	2.56e-11	3.27e-09	1.81e-07	4.69e-06	7.42e-05	6.68e-04	3.75e-03	2.34e-02	2.75e-01	4.55e-01	2.42e-01
 9.25076e+22	0.00e+00	3.26e-30	3.70e-26	1.27e-22	1.18e-19	6.82e-17	3.47e-14	3.36e-11	4.19e-09	2.26e-07	5.69e-06	8.75e-05	7.64e-04	4.13e-03	2.50e-02	2.84e-01	4.53e-01	2.33e-01
 9.32895e+22	0.00e+00	4.92e-30	5.44e-26	1.82e-22	1.65e-19	9.23e-17	4.54e-14	4.31e-11	5.25e-09	2.76e-07	6.77e-06	1.01e-04	8.60e-04	4.51e-03	2.64e-02	2.91e-01	4.52e-01	2.25e-01
 9.41664e+22	0.00e+00	8.47e-30	9.03e-26	2.92e-22	2.53e-19	1.36e-16	6.40e-14	5.94e-11	7.03e-09	3.58e-07	8.51e-06	1.23e-04	1.01e-03	5.06e-03	2.84e-02	3.01e-01	4.49e-01	2.15e-01
 9.50656e+22	0.00e+00	1.36e-29	1.40e-25	4.39e-22	3.67e-19	1.90e-16	8.63e-14	7.85e-11	9.06e-09	4.50e-07	1.04e-05	1.46e-04	1.15e-03	5.59e-03	3.03e-02	3.10e-01	4.46e-01	2.06e-01
 9.58589e+22	0.00e+00	2.10e-29	2.11e-25	6.42e-22	5.20e-19	2.61e-16	1.14e-13	1.02e-10	1.15e-08	5.56e-07	1.25e-05	1.70e-04	1.31e-03	6.12e-03	3.21e-02	3.19e-01	4.43e-01	1.99e-01
 9.67556e+22	0.00e+00	3.66e-29	3.54e-25	1.04e-21	8.06e-19	3.87e-16	1.62e-13	1.41e-10	1.55e-08	7.26e-07	1.57e-05	2.08e-04	1.53e-03	6.87e-03	3.45e-02	3.29e-01	4.39e-01	1.89e-01
 9.76652e+22	0.00e+00	5.89e-29	5.50e-25	1.56e-21	1.17e-18	5.42e-16	2.18e-13	1.87e-10	2.00e-08	9.11e-07	1.92e-05	2.46e-04	1.75e-03	7.58e-03	3.67e-02	3.38e-01	4.35e-01	1.81e-01
 9.84532e+22	0.00e+00	9.22e-29	8.35e-25	2.30e-21	1.67e-18	7.45e-16	2.88e-13	2.43e-10	2.54e-08	1.13e-06	2.31e-05	2.88e-04	1.99e-03	8.31e-03	3.89e-02	3.47e-01	4.31e-01	1.73e-01
 9.93390e+22	0.00e+00	1.62e-28	1.41e-24	3.74e-21	2.59e-18	1.11e-15	4.09e-13	3.37e-10	3.43e-08	1.48e-06	2.92e-05	3.51e-04	2.33e-03	9.32e-03	4.18e-02	3.57e-01	4.26e-01	1.64e-01
 1.00243e+23	0.00e+00	2.56e-28	2.16e-24	5.56e-21	3.72e-18	1.53e-15	5.45e-13	4.41e-10	4.38e-08	1.84e-06	3.53e-05	4.12e-04	2.65e-03	1.02e-02	4.42e-02	3.65e-01	4.21e-01	1.56e-01
 1.01043e+23	0.00e+00	4.02e-28	3.29e-24	8.21e-21	5.30e-18	2.11e-15	7.22e-13	5.74e-10	5.57e-08	2.28e-06	4.26e-05	4.83e-04	3.01e-03	1.12e-02	4.67e-02	3.74e-01	4.16e-01	1.49e-01
 1.01953e+23	0.00e+00	7.09e-28	5.57e-24	1.34e-20	8.27e-18	3.14e-15	1.02e-12	7.99e-10	7.53e-08	2.99e-06	5.39e-05	5.89e-04	3.53e-03	1.25e-02	5.00e-02	3.84e-01	4.09e-01	1.41e-01
 1.02881e+23	0.00e+00	1.17e-27	8.84e-24	2.05e-20	1.22e-17	4.44e-15	1.39e-12	1.06e-09	9.80e-08	3.79e-06	6.61e-05	7.01e-04	4.05e-03	1.38e-02	5.31e-02	3.93e-01	4.02e-01	1.33e-01
 1.03691e+23	0.00e+00	1.82e-27	1.34e-23	3.01e-20	1.73e-17	6.08e-15	1.83e-12	1.38e-09	1.24e-07	4.68e-06	7.95e-05	8.19e-04	4.58e-03	1.51e-02	5.59e-02	4.00e-01	3.96e-01	1.27e-01
 1.04601e+23	0.00e+00	3.30e-27	2.33e-23	5.01e-20	2.74e-17	9.16e-15	2.62e-12	1.94e-09	1.70e-07	6.20e-06	1.02e-04	1.01e-03	5.39e-03	1.69e-02	5.99e-02	4.10e-01	3.88e-01	1.19e-01
 1.05477e+23	0.00e+00	5.04e-27	3.45e-23	7.21e-20	3.80e-17	1.23e-14	3.38e-12	2.47e-09	2.12e-07	7.58e-06	1.21e-04	1.16e-03	6.05e-03	1.83e-02	6.28e-02	4.17e-01	3.82e-01	1.13e-01
 1.06310e+23	0.00e+00	8.79e-27	5.78e-23	1.16e-19	5.84e-17	1.80e-14	4.71e-12	3.39e-09	2.84e-07	9.84e-06	1.52e-04	1.41e-03	7.04e-03	2.04e-02	6.68e-02	4.26e-01	3.73e-01	1.06e-01
 1.07146e+23	0.00e+00	1.34e-26	8.53e-23	1.66e-19	8.09e-17	2.41e-14	6.07e-12	4.31e-09	3.55e-07	1.20e-05	1.80e-04	1.63e-03	7.89e-03	2.21e-02	6.99e-02	4.32e-01	3.66e-01	1.01e-01
 1.07841e+23	0.00e+00	2.00e-26	1.24e-22	2.34e-19	1.10e-16	3.15e-14	7.66e-12	5.40e-09	4.37e-07	1.45e-05	2.12e-04	1.87e-03	8.79e-03	2.38e-02	7.29e-02	4.37e-01	3.59e-01	9.57e-02
 1.08485e+23	0.00e+00	2.91e-26	1.75e-22	3.22e-19	1.47e-16	4.07e-14	9.55e-12	6.66e-09	5.31e-07	1.73e-05	2.46e-04	2.13e-03	9.72e-03	2.55e-02	7.58e-02	4.42e-01	3.53e-01	9.13e-02
 1.09078e+23	0.00e+00	4.10e-26	2.40e-22	4.30e-19	1.90e-16	5.12e-14	1.16e-11	8.06e-09	6.33e-07	2.02e-05	2.83e-04	2.39e-03	1.06e-02	2.72e-02	7.85e-02	4.47e-01	3.47e-01	8.74e-02
 1.09631e+23	0.00e+00	5.71e-26	3.27e-22	5.70e-19	2.45e-16	6.40e-14	1.41e-11	9.70e-09	7.52e-07	2.36e-05	3.23e-04	2.67e-03	1.16e-02	2.89e-02	8.12e-02	4.51e-01	3.41e-01	8.37e-02
 1.10263e+23	0.00e+00	8.74e-26	4.84e-22	8.18e-19	3.38e-16	8.49e-14	1.80e-11	1.23e-08	9.36e-07	2.88e-05	3.84e-04	3.08e-03	1.30e-02	3.12e-02	8.46e-02	4.55e-01	3.33e-01	7.91e-02
 1.10873e+23	0.00e+00	1.20e-25	6.48e-22	1.07e-18	4.30e-16	1.05e-13	2.16e-11	1.46e-08	1.10e-06	3.33e-05	4.35e-04	3.43e-03	1.41e-02	3.30e-02	8.72e-02	4.59e-01	3.27e-01	7.58e-02
 1.11377e+23	0.00e+00	1.63e-25	8.60e-22	1.38e-18	5.42e-16	1.29e-13	2.57e-11	1.73e-08	1.29e-06	3.84e-05	4.92e-04	3.80e-03	1.53e-02	3.48e-02	8.98e-02	4.62e-01	3.22e-01	7.27e-02
 1.11955e+23	0.00e+00	2.39e-25	1.23e-21	1.92e-18	7.24e-16	1.66e-13	3.20e-11	2.14e-08	1.57e-06	4.59e-05	5.74e-04	4.32e-03	1.69e-02	3.72e-02	9.31e-02	4.65e-01	3.14e-01	6.89e-02
 1.12546e+23	0.00e+00	3.29e-25	1.65e-21	2.51e-18	9.23e-16	2.05e-13	3.84e-11	2.56e-08	1.85e-06	5.32e-05	6.51e-04	4.80e-03	1.83e-02	3.94e-02	9.58e-02	4.67e-01	3.08e-01	6.59e-02
 1.13050e+23	0.00e+00	4.48e-25	2.19e-21	3.25e-18	1.16e-15	2.50e-13	4.54e-11	3.02e-08	2.16e-06	6.12e-05	7.36e-04	5.31e-03	1.98e-02	4.15e-02	9.84e-02	4.69e-01	3.02e-01	6.30e-02
 1.13519e+23	5.86e-32	6.03e-25	2.88e-21	4.17e-18	1.45e-15	3.03e-13	5.34e-11	3.54e-08	2.51e-06	7.01e-05	8.27e-04	5.86e-03	2.14e-02	4.37e-02	1.01e-01	4.71e-01	2.96e-01	6.03e-02
 1.14049e+23	8.55e-32	8.63e-25	4.00e-21	5.63e-18	1.89e-15	3.83e-13	6.51e-11	4.30e-08	3.01e-06	8.26e-05	9.52e-04	6.59e-03	2.34e-02	4.64e-02	1.04e-01	4.73e-01	2.88e-01	5.72e-02
 1.14594e+23	1.20e-31	1.20e-24	5.40e-21	7.39e-18	2.40e-15	4.71e-13	7.76e-11	5.12e-08	3.54e-06	9.57e-05	1.08e-03	7.32e-03	2.54e-02	4.89e-02	1.07e-01	4.74e-01	2.82e-01	5.45e-02
 1.15067e+23	1.64e-31	1.60e-24	7.07e-21	9.43e-18	2.98e-15	5.67e-13	9.07e-11	5.98e-08	4.10e-06	1.09e-04	1.21e-03	8.05e-03	2.73e-02	5.13e-02	1.09e-01	4.75e-01	2.76e-01	5.21e-02
 1.15504e+23	2.19e-31	2.11e-24	9.11e-21	1.19e-17	3.65e-15	6.76e-13	1.05e-10	6.92e-08	4.71e-06	1.24e-04	1.35e-03	8.80e-03	2.92e-02	5.37e-02	1.12e-01	4.75e-01	2.70e-01	4.99e-02
 1.15923e+23	2.92e-31	2.77e-24	1.17e-20	1.49e-17	4.46e-15	8.03e-13	1.21e-10	7.99e-08	5.39e-06	1.40e-04	1.50e-03	9.61e-03	3.13e-02	5.61e-02	1.14e-01	4.76e-01	2.64e-01	4.77e-02
 1.16403e+23	4.17e-31	3.89e-24	1.60e-20	1.97e-17	5.71e-15	9.93e-13	1.45e-10	9.56e-08	6.38e-06	1.63e-04	1.71e-03	1.07e-02	3.39e-02	5.92e-02	1.17e-01	4.75e-01	2.57e-01	4.52e-02
 1.16893e+23	5.73e-31	5.28e-24	2.11e-20	2.54e-17	7.12e-15	1.20e-12	1.70e-10	1.12e-07	7.42e-06	1.87e-04	1.92e-03	1.18e-02	3.65e-02	6.20e-02	1.19e-01	4.75e-01	2.50e-01	4.30e-02
 1.17313e+23	7.61e-31	6.92e-24	2.71e-20	3.17e-17	8.65e-15	1.42e-12	1.95e-10	1.29e-07	8.47e-06	2.11e-04	2.13e-03	1.28e-02	3.89e-02	6.46e-02	1.22e-01	4.74e-01	2.44e-01	4.11e-02
 1.17775e+23	1.09e-30	9.77e-24	3.71e-20	4.21e-17	1.11e-14	1.75e-12	2.32e-10	1.54e-07	1.00e-05	2.46e-04	2.43e-03	1.43e-02	4.22e-02	6.81e-02	1.24e-01	4.73e-01	2.37e-01	3.87e-02
 1.18252e+23	1.50e-30	1.33e-23	4.90e-20	5.41e-17	1.38e-14	2.10e-12	2.70e-10	1.80e-07	1.16e-05	2.81e-04	2.73e-03	1.57e-02	4.54e-02	7.12e-02	1.27e-01	4.71e-01	2.30e-01	3.67e-02
 1.18672e+23	2.03e-30	1.76e-23	6.35e-20	6.82e-17	1.69e-14	2.49e-12	3.11e-10	2.08e-07	1.33e-05	3.19e-04	3.03e-03	1.72e-02	4.84e-02	7.42e-02	1.29e-01	4.69e-01	2.24e-01	3.49e-02
 1.19145e+23	2.99e-30	2.56e-23	8.92e-20	9.24e-17	2.19e-14	3.11e-12	3.72e-10	2.51e-07	1.60e-05	3.75e-04	3.49e-03	1.92e-02	5.27e-02	7.83e-02	1.31e-01	4.66e-01	2.16e-01	3.27e-02
 1.19624e+23	4.10e-30	3.46e-23	1.18e-19	1.18e-16	2.71e-14	3.72e-12	4.30e-10	2.92e-07	1.85e-05	4.28e-04	3.90e-03	2.11e-02	5.65e-02	8.16e-02	1.34e-01	4.63e-01	2.09e-01	3.09e-02
 1.20032e+23	5.46e-30	4.55e-23	1.51e-19	1.48e-16	3.29e-14	4.37e-12	4.91e-10	3.34e-07	2.10e-05	4.82e-04	4.32e-03	2.29e-02	6.00e-02	8.47e-02	1.35e-01	4.60e-01	2.03e-01	2.93e-02
 1.20485e+23	8.19e-30	6.72e-23	2.15e-19	2.02e-16	4.30e-14	5.45e-12	5.86e-10	4.04e-07	2.53e-05	5.70e-04	4.98e-03	2.57e-02	6.54e-02	8.92e-02	1.38e-01	4.55e-01	1.94e-01	2.72e-02
 1.20930e+23	1.08e-29	8.78e-23	2.74e-19	2.50e-16	5.18e-14	6.37e-12	6.64e-10	4.61e-07	2.87e-05	6.39e-04	5.49e-03	2.77e-02	6.92e-02	9.24e-02	1.39e-01	4.51e-01	1.89e-01	2.58e-02
 1.21365e+23	1.60e-29	1.28e-22	3.85e-19	3.38e-16	6.69e-14	7.86e-12	7.85e-10	5.52e-07	3.42e-05	7.50e-04	6.28e-03	3.10e-02	7.50e-02	9.68e-02	1.41e-01	4.45e-01	1.80e-01	2.39e-02
 1.21793e+23	2.09e-29	1.65e-22	4.85e-19	4.15e-16	7.99e-14	9.10e-12	8.84e-10	6.26e-07	3.85e-05	8.35e-04	6.88e-03	3.33e-02	7.91e-02	9.99e-02	1.42e-01	4.40e-01	1.75e-01	2.27e-02
 1.22212e+23	3.10e-29	2.42e-22	6.85e-19	5.61e-16	1.03e-13	1.12e-11	1.04e-09	7.48e-07	4.58e-05	9.80e-04	7.88e-03	3.71e-02	8.55e-02	1.04e-01	1.44e-01	4.33e-01	1.66e-01	2.10e-02
 1.22626e+23	4.04e-29	3.12e-22	8.62e-19	6.88e-16	1.23e-13	1.29e-11	1.17e-09	8.46e-07	5.16e-05	1.09e-03	8.61e-03	3.98e-02	8.99e-02	1.08e-01	1.45e-01	4.27e-01	1.61e-01	1.98e-02
 1.23035e+23	5.99e-29	4.57e-22	1.21e-18	9.27e-16	1.58e-13	1.58e-11	1.36e-09	1.01e-06	6.12e-05	1.27e-03	9.82e-03	4.42e-02	9.69e-02	1.12e-01	1.46e-01	4.19e-01	1.53e-01	1.82e-02
 1.23447e+23	7.94e-29	5.99e-22	1.55e-18	1.15e-15	1.89e-13	1.83e-11	1.53e-09	1.14e-06	6.92e-05	1.42e-03	1.08e-02	4.75e-02	1.02e-01	1.15e-01	1.47e-01	4.12e-01	1.47e-01	1.71e-02
 1.23862e+23	1.18e-28	8.81e-22	2.19e-18	1.55e-15	2.43e-13	2.24e-11	1.78e-09	1.36e-06	8.20e-05	1.66e-03	1.23e-02	5.27e-02	1.10e-01	1.20e-01	1.47e-01	4.02e-01	1.39e-01	1.57e-02
 1.24284e+23	1.59e-28	1.18e-21	2.84e-18	1.94e-15	2.94e-13	2.61e-11	2.01e-09	1.55e-06	9.32e-05	1.87e-03	1.35e-02	5.67e-02	1.16e-01	1.23e-01	1.47e-01	3.94e-01	1.32e-01	1.46e-02
 1.24714e+23	2.36e-28	1.73e-21	4.01e-18	2.63e-15	3.78e-13	3.19e-11	2.34e-09	1.85e-06	1.10e-04	2.18e-03	1.54e-02	6.26e-02	1.24e-01	1.28e-01	1.47e-01	3.83e-01	1.25e-01	1.33e-02
 1.25141e+23	3.20e-28	2.32e-21	5.22e-18	3.30e-15	4.58e-13	3.71e-11	2.63e-09	2.10e-06	1.25e-04	2.45e-03	1.69e-02	6.74e-02	1.30e-01	1.31e-01	1.47e-01	3.74e-01	1.19e-01	1.24e-02
 1.25563e+23	4.75e-28	3.42e-21	7.38e-18	4.45e-15	5.87e-13	4.51e-11	3.05e-09	2.49e-06	1.48e-04	2.84e-03	1.91e-02	7.40e-02	1.39e-01	1.35e-01	1.46e-01	3.62e-01	1.11e-01	1.12e-02
 1.25991e+23	5.35e-32	4.64e-21	9.70e-18	5.63e-15	7.14e-13	5.26e-11	3.43e-09	2.84e-06	1.68e-04	3.19e-03	2.11e-02	7.96e-02	1.46e-01	1.38e-01	1.46e-01	3.52e-01	1.05e-01	1.03e-02
 1.26428e+23	8.17e-32	6.93e-21	1.39e-17	7.66e-15	9.20e-13	6.42e-11	3.99e-09	3.36e-06	1.98e-04	3.71e-03	2.38e-02	8.73e-02	1.55e-01	1.41e-01	1.44e-01	3.38e-01	9.73e-02	9.22e-03
 1.26869e+23	1.14e-31	9.48e-21	1.84e-17	9.74e-15	1.12e-12	7.50e-11	4.48e-09	3.83e-06	2.25e-04	4.17e-03	2.62e-02	9.37e-02	1.62e-01	1.44e-01	1.43e-01	3.27e-01	9.15e-02	8.44e-03
 1.27316e+23	1.75e-31	1.43e-20	2.65e-17	1.33e-14	1.45e-12	9.16e-11	5.20e-09	4.54e-06	2.65e-04	4.84e-03	2.96e-02	1.02e-01	1.71e-01	1.47e-01	1.40e-01	3.12e-01	8.41e-02	7.48e-03
 1.27765e+23	2.45e-31	1.96e-20	3.50e-17	1.69e-14	1.77e-12	1.07e-10	5.84e-09	5.15e-06	3.00e-04	5.41e-03	3.24e-02	1.09e-01	1.79e-01	1.49e-01	1.38e-01	3.01e-01	7.87e-02	6.81e-03
 1.28153e+23	3.38e-31	2.66e-20	4.60e-17	2.14e-14	2.15e-12	1.24e-10	6.52e-09	5.82e-06	3.38e-04	6.02e-03	3.53e-02	1.16e-01	1.86e-01	1.51e-01	1.36e-01	2.89e-01	7.36e-02	6.20e-03
 1.28591e+23	5.12e-31	3.93e-20	6.51e-17	2.87e-14	2.74e-12	1.50e-10	7.50e-09	6.79e-06	3.93e-04	6.89e-03	3.93e-02	1.26e-01	1.94e-01	1.53e-01	1.33e-01	2.74e-01	6.74e-02	5.48e-03
 1.29031e+23	7.05e-31	5.32e-20	8.52e-17	3.61e-14	3.31e-12	1.73e-10	8.36e-09	7.63e-06	4.40e-04	7.63e-03	4.27e-02	1.33e-01	2.01e-01	1.54e-01	1.30e-01	2.63e-01	6.28e-02	4.96e-03
 1.29472e+23	1.07e-30	7.89e-20	1.21e-16	4.86e-14	4.22e-12	2.09e-10	9.61e-09	8.84e-06	5.07e-04	8.68e-03	4.73e-02	1.43e-01	2.09e-01	1.55e-01	1.27e-01	2.48e-01	5.71e-02	4.36e-03
 1.29916e+23	1.46e-30	1.05e-19	1.56e-16	6.07e-14	5.07e-12	2.41e-10	1.07e-08	9.86e-06	5.63e-04	9.53e-03	5.09e-02	1.50e-01	2.15e-01	1.55e-01	1.24e-01	2.37e-01	5.31e-02	3.94e-03
 1.30366e+23	2.20e-30	1.56e-19	2.21e-16	8.14e-14	6.45e-12	2.91e-10	1.23e-08	1.14e-05	6.45e-04	1.08e-02	5.61e-02	1.60e-01	2.23e-01	1.55e-01	1.20e-01	2.23e-01	4.81e-02	3.44e-03
 1.30824e+23	3.01e-30	2.09e-19	2.88e-16	1.02e-13	7.77e-12	3.36e-10	1.37e-08	1.27e-05	7.15e-04	1.18e-02	6.03e-02	1.68e-01	2.28e-01	1.55e-01	1.17e-01	2.12e-01	4.45e-02	3.10e-03
 1.31293e+23	4.57e-30	3.09e-19	4.07e-16	1.37e-13	9.91e-12	4.06e-10	1.58e-08	1.45e-05	8.15e-04	1.33e-02	6.60e-02	1.79e-01	2.35e-01	1.54e-01	1.12e-01	1.98e-01	4.00e-02	2.68e-03
 1.31775e+23	6.30e-30	4.17e-19	5.32e-16	1.72e-13	1.20e-11	4.71e-10	1.76e-08	1.62e-05	9.01e-04	1.45e-02	7.07e-02	1.86e-01	2.39e-01	1.53e-01	1.09e-01	1.87e-01	3.67e-02	2.40e-03
 1.32272e+23	9.58e-30	6.17e-19	7.53e-16	2.31e-13	1.53e-11	5.71e-10	2.04e-08	1.85e-05	1.02e-03	1.62e-02	7.71e-02	1.97e-01	2.45e-01	1.52e-01	1.04e-01	1.74e-01	3.28e-02	2.06e-03
 1.32778e+23	1.33e-29	8.37e-19	9.89e-16	2.92e-13	1.86e-11	6.65e-10	2.29e-08	2.05e-05	1.13e-03	1.77e-02	8.23e-02	2.05e-01	2.49e-01	1.50e-01	1.00e-01	1.63e-01	3.00e-02	1.83e-03
 1.33298e+23	2.02e-29	1.24e-18	1.40e-15	3.93e-13	2.38e-11	8.07e-10	2.65e-08	2.34e-05	1.27e-03	1.97e-02	8.93e-02	2.15e-01	2.53e-01	1.48e-01	9.52e-02	1.51e-01	2.66e-02	1.56e-03
 1.33822e+23	2.78e-29	1.67e-18	1.83e-15	4.93e-13	2.87e-11	9.38e-10	2.97e-08	2.59e-05	1.40e-03	2.13e-02	9.49e-02	2.23e-01	2.56e-01	1.46e-01	9.15e-02	1.41e-01	2.43e-02	1.38e-03
 1.34351e+23	4.17e-29	2.43e-18	2.56e-15	6.58e-13	3.66e-11	1.13e-09	3.44e-08	2.93e-05	1.56e-03	2.36e-02	1.02e-01	2.32e-01	2.59e-01	1.42e-01	8.68e-02	1.30e-01	2.15e-02	1.18e-03
 1.34893e+23	5.77e-29	3.28e-18	3.34e-15	8.28e-13	4.43e-11	1.32e-09	3.86e-08	3.23e-05	1.71e-03	2.55e-02	1.08e-01	2.39e-01	2.60e-01	1.40e-01	8.30e-02	1.22e-01	1.95e-02	1.04e-03
 1.35362e+23	7.75e-29	4.31e-18	4.27e-15	1.02e-12	5.28e-11	1.52e-09	4.30e-08	3.54e-05	1.85e-03	2.73e-02	1.14e-01	2.46e-01	2.62e-01	1.37e-01	7.96e-02	1.14e-01	1.78e-02	9.23e-04
 1.35882e+23	1.13e-28	6.10e-18	5.82e-15	1.33e-12	6.61e-11	1.82e-09	4.94e-08	3.96e-05	2.05e-03	2.98e-02	1.21e-01	2.54e-01	2.63e-01	1.34e-01	7.53e-02	1.05e-01	1.58e-02	7.91e-04
 1.36408e+23	1.52e-28	8.00e-18	7.43e-15	1.64e-12	7.87e-11	2.09e-09	5.50e-08	4.32e-05	2.21e-03	3.18e-02	1.27e-01	2.60e-01	2.63e-01	1.31e-01	7.20e-02	9.82e-02	1.44e-02	7.00e-04
 1.36944e+23	2.22e-28	1.13e-17	1.01e-14	2.14e-12	9.85e-11	2.50e-09	6.32e-08	4.83e-05	2.44e-03	3.46e-02	1.35e-01	2.67e-01	2.63e-01	1.27e-01	6.78e-02	9.00e-02	1.27e-02	5.97e-04
 1.37488e+23	2.96e-28	1.48e-17	1.28e-14	2.63e-12	1.17e-10	2.88e-09	7.05e-08	5.26e-05	2.63e-03	3.68e-02	1.41e-01	2.73e-01	2.62e-01	1.23e-01	6.47e-02	8.40e-02	1.15e-02	5.27e-04
 1.37964e+23	3.93e-28	1.91e-17	1.62e-14	3.21e-12	1.39e-10	3.29e-09	7.84e-08	5.71e-05	2.83e-03	3.91e-02	1.47e-01	2.78e-01	2.61e-01	1.20e-01	6.17e-02	7.85e-02	1.05e-02	4.66e-04
 1.38506e+23	5.69e-28	2.68e-17	2.19e-14	4.16e-12	1.72e-10	3.93e-09	8.98e-08	6.35e-05	3.10e-03	4.22e-02	1.55e-01	2.84e-01	2.60e-01	1.16e-01	5.80e-02	7.16e-02	9.21e-03	3.96e-04
 1.39046e+23	7.39e-28	3.39e-17	2.71e-14	5.01e-12	2.02e-10	4.46e-09	9.93e-08	6.86e-05	3.31e-03	4.46e-02	1.61e-01	2.88e-01	2.58e-01	1.13e-01	5.53e-02	6.71e-02	8.41e-03	3.53e-04
 1.39582e+23	1.05e-27	4.67e-17	3.61e-14	6.41e-12	2.49e-10	5.28e-09	1.13e-07	7.59e-05	3.60e-03	4.78e-02	1.69e-01	2.94e-01	2.56e-01	1.09e-01	5.19e-02	6.13e-02	7.42e-03	3.01e-04
 1.40129e+23	1.37e-27	5.94e-17	4.49e-14	7.73e-12	2.92e-10	6.02e-09	1.26e-07	8.21e-05	3.85e-03	5.05e-02	1.75e-01	2.97e-01	2.54e-01	1.05e-01	4.94e-02	5.71e-02	6.74e-03	2.66e-04
 1.40690e+23	1.96e-27	8.19e-17	5.99e-14	9.92e-12	3.60e-10	7.14e-09	1.44e-07	9.09e-05	4.19e-03	5.41e-02	1.84e-01	3.02e-01	2.51e-01	1.01e-01	4.62e-02	5.20e-02	5.92e-03	2.26e-04
 1.41261e+23	2.57e-27	1.05e-16	7.45e-14	1.20e-11	4.24e-10	8.16e-09	1.60e-07	9.84e-05	4.48e-03	5.70e-02	1.90e-01	3.05e-01	2.48e-01	9.77e-02	4.38e-02	4.83e-02	5.35e-03	1.99e-04
 1.41846e+23	3.69e-27	1.44e-16	9.96e-14	1.54e-11	5.25e-10	9.71e-09	1.83e-07	1.09e-04	4.87e-03	6.10e-02	1.99e-01	3.09e-01	2.44e-01	9.33e-02	4.08e-02	4.38e-02	4.68e-03	1.68e-04
 1.42442e+23	4.85e-27	1.84e-16	1.24e-13	1.87e-11	6.18e-10	1.11e-08	2.04e-07	1.18e-04	5.20e-03	6.42e-02	2.05e-01	3.11e-01	2.41e-01	9.00e-02	3.86e-02	4.05e-02	4.22e-03	1.47e-04
 1.43052e+23	1.44e-27	2.55e-16	1.66e-13	2.40e-11	7.67e-10	1.33e-08	2.34e-07	1.31e-04	5.66e-03	6.86e-02	2.14e-01	3.14e-01	2.36e-01	8.56e-02	3.58e-02	3.65e-02	3.67e-03	1.23e-04
 1.43648e+23	1.85e-27	3.16e-16	2.02e-13	2.86e-11	8.89e-10	1.50e-08	2.58e-07	1.41e-04	6.00e-03	7.17e-02	2.20e-01	3.16e-01	2.32e-01	8.26e-02	3.39e-02	3.41e-02	3.33e-03	1.09e-04
 1.44226e+23	2.61e-27	4.29e-16	2.66e-13	3.62e-11	1.09e-09	1.77e-08	2.94e-07	1.55e-04	6.48e-03	7.62e-02	2.28e-01	3.18e-01	2.27e-01	7.86e-02	3.15e-02	3.08e-02	2.91e-03	9.23e-05
 1.44813e+23	3.35e-27	5.33e-16	3.24e-13	4.30e-11	1.26e-09	2.00e-08	3.25e-07	1.67e-04	6.88e-03	7.96e-02	2.34e-01	3.19e-01	2.24e-01	7.57e-02	2.98e-02	2.86e-02	2.64e-03	8.17e-05
 1.45411e+23	4.69e-27	7.15e-16	4.23e-13	5.42e-11	1.54e-09	2.36e-08	3.70e-07	1.84e-04	7.42e-03	8.43e-02	2.42e-01	3.20e-01	2.18e-01	7.18e-02	2.77e-02	2.59e-02	2.31e-03	6.90e-05
 1.46027e+23	6.16e-27	9.07e-16	5.24e-13	6.54e-11	1.81e-09	2.69e-08	4.12e-07	2.00e-04	7.90e-03	8.83e-02	2.49e-01	3.20e-01	2.14e-01	6.88e-02	2.60e-02	2.38e-02	2.06e-03	6.01e-05
 1.46668e+23	8.65e-27	1.22e-15	6.85e-13	8.27e-11	2.22e-09	3.18e-08	4.71e-07	2.20e-04	8.53e-03	9.35e-02	2.57e-01	3.20e-01	2.08e-01	6.51e-02	2.41e-02	2.15e-02	1.80e-03	5.05e-05
 1.47329e+23	1.16e-26	1.57e-15	8.60e-13	1.01e-10	2.63e-09	3.67e-08	5.28e-07	2.40e-04	9.10e-03	9.80e-02	2.64e-01	3.20e-01	2.03e-01	6.20e-02	2.25e-02	1.96e-02	1.59e-03	4.36e-05
 1.48016e+23	1.65e-26	2.13e-15	1.14e-12	1.29e-10	3.24e-09	4.37e-08	6.08e-07	2.66e-04	9.86e-03	1.04e-01	2.72e-01	3.19e-01	1.97e-01	5.83e-02	2.06e-02	1.75e-02	1.38e-03	3.62e-05
 1.48722e+23	2.22e-26	2.75e-15	1.43e-12	1.58e-10	3.87e-09	5.06e-08	6.83e-07	2.90e-04	1.05e-02	1.09e-01	2.79e-01	3.18e-01	1.91e-01	5.53e-02	1.92e-02	1.59e-02	1.21e-03	3.10e-05
 1.49451e+23	3.19e-26	3.76e-15	1.91e-12	2.03e-10	4.80e-09	6.06e-08	7.91e-07	3.24e-04	1.14e-02	1.15e-01	2.87e-01	3.17e-01	1.84e-01	5.17e-02	1.75e-02	1.42e-02	1.04e-03	2.56e-05
 1.50204e+23	4.36e-26	4.91e-15	2.43e-12	2.51e-10	5.77e-09	7.06e-08	8.94e-07	3.54e-04	1.22e-02	1.21e-01	2.94e-01	3.15e-01	1.79e-01	4.88e-02	1.62e-02	1.28e-02	9.07e-04	2.17e-05
 1.50986e+23	6.38e-26	6.81e-15	3.27e-12	3.26e-10	7.24e-09	8.53e-08	1.04e-06	3.97e-04	1.33e-02	1.28e-01	3.03e-01	3.12e-01	1.71e-01	4.53e-02	1.47e-02	1.13e-02	7.68e-04	1.76e-05
 1.51795e+23	8.84e-26	8.99e-15	4.21e-12	4.07e-10	8.78e-09	1.00e-07	1.19e-06	4.37e-04	1.43e-02	1.34e-01	3.10e-01	3.09e-01	1.65e-01	4.25e-02	1.35e-02	1.01e-02	6.65e-04	1.48e-05
 1.52526e+23	1.21e-25	1.17e-14	5.37e-12	5.04e-10	1.06e-08	1.17e-07	1.34e-06	4.79e-04	1.53e-02	1.41e-01	3.16e-01	3.06e-01	1.59e-01	3.99e-02	1.24e-02	9.05e-03	5.78e-04	1.24e-05
 1.53365e+23	1.80e-25	1.65e-14	7.30e-12	6.61e-10	1.34e-08	1.42e-07	1.58e-06	5.39e-04	1.67e-02	1.49e-01	3.24e-01	3.02e-01	1.52e-01	3.67e-02	1.11e-02	7.88e-03	4.83e-04	9.96e-06
 1.54221e+23	2.50e-25	2.18e-14	9.43e-12	8.29e-10	1.62e-08	1.68e-07	1.80e-06	5.94e-04	1.79e-02	1.56e-01	3.31e-01	2.98e-01	1.45e-01	3.42e-02	1.02e-02	7.02e-03	4.15e-04	8.27e-06
 1.54985e+23	3.42e-25	2.84e-14	1.20e-11	1.03e-09	1.96e-08	1.96e-07	2.04e-06	6.52e-04	1.92e-02	1.63e-01	3.36e-01	2.93e-01	1.40e-01	3.20e-02	9.30e-03	6.27e-03	3.59e-04	6.93e-06
 1.55863e+23	5.22e-25	4.08e-14	1.67e-11	1.37e-09	2.51e-08	2.41e-07	2.41e-06	7.37e-04	2.09e-02	1.73e-01	3.44e-01	2.87e-01	1.32e-01	2.91e-02	8.25e-03	5.38e-03	2.94e-04	5.42e-06
 1.56747e+23	7.15e-25	5.32e-14	2.13e-11	1.70e-09	3.02e-08	2.82e-07	2.74e-06	8.09e-04	2.24e-02	1.80e-01	3.49e-01	2.82e-01	1.26e-01	2.71e-02	7.52e-03	4.79e-03	2.53e-04	4.52e-06
 1.57640e+23	1.09e-24	7.64e-14	2.95e-11	2.26e-09	3.88e-08	3.47e-07	3.24e-06	9.13e-04	2.44e-02	1.90e-01	3.56e-01	2.75e-01	1.18e-01	2.45e-02	6.64e-03	4.08e-03	2.06e-04	3.52e-06
 1.58543e+23	1.52e-24	1.01e-13	3.80e-11	2.82e-09	4.70e-08	4.08e-07	3.69e-06	1.00e-03	2.61e-02	1.98e-01	3.60e-01	2.70e-01	1.13e-01	2.27e-02	6.02e-03	3.61e-03	1.76e-04	2.90e-06
 1.59462e+23	2.33e-24	1.45e-13	5.29e-11	3.77e-09	6.04e-08	5.03e-07	4.37e-06	1.14e-03	2.85e-02	2.09e-01	3.66e-01	2.62e-01	1.05e-01	2.04e-02	5.28e-03	3.05e-03	1.42e-04	2.23e-06
 1.60340e+23	3.12e-24	1.86e-13	6.63e-11	4.60e-09	7.18e-08	5.81e-07	4.92e-06	1.24e-03	3.02e-02	2.16e-01	3.69e-01	2.56e-01	1.00e-01	1.90e-02	4.82e-03	2.72e-03	1.23e-04	1.87e-06
 1.61165e+23	4.58e-24	2.58e-13	8.92e-11	5.97e-09	9.00e-08	7.03e-07	5.73e-06	1.38e-03	3.26e-02	2.26e-01	3.74e-01	2.48e-01	9.40e-02	1.72e-02	4.26e-03	2.33e-03	1.01e-04	1.47e-06
 1.61996e+23	6.14e-24	3.30e-13	1.12e-10	7.27e-09	1.07e-07	8.12e-07	6.44e-06	1.50e-03	3.45e-02	2.34e-01	3.76e-01	2.42e-01	8.94e-02	1.59e-02	3.88e-03	2.07e-03	8.65e-05	1.22e-06
 1.62835e+23	9.07e-24	4.60e-13	1.51e-10	9.46e-09	1.34e-07	9.84e-07	7.53e-06	1.68e-03	3.72e-02	2.44e-01	3.80e-01	2.34e-01	8.33e-02	1.43e-02	3.42e-03	1.76e-03	7.03e-05	9.49e-07
 1.63682e+23	1.23e-23	5.93e-13	1.90e-10	1.16e-08	1.61e-07	1.14e-06	8.50e-06	1.83e-03	3.95e-02	2.53e-01	3.82e-01	2.27e-01	7.88e-02	1.32e-02	3.09e-03	1.55e-03	5.99e-05	7.81e-07
 1.64540e+23	1.82e-23	8.30e-13	2.58e-10	1.51e-08	2.03e-07	1.39e-06	9.97e-06	2.04e-03	4.26e-02	2.64e-01	3.84e-01	2.19e-01	7.30e-02	1.18e-02	2.70e-03	1.31e-03	4.82e-05	6.00e-07
 1.65409e+23	2.48e-23	1.08e-12	3.27e-10	1.86e-08	2.43e-07	1.62e-06	1.13e-05	2.23e-03	4.52e-02	2.72e-01	3.85e-01	2.12e-01	6.87e-02	1.08e-02	2.43e-03	1.15e-03	4.07e-05	4.88e-07
 1.66293e+23	3.72e-23	1.52e-12	4.46e-10	2.45e-08	3.09e-07	1.98e-06	1.33e-05	2.51e-03	4.89e-02	2.84e-01	3.87e-01	2.02e-01	6.32e-02	9.57e-03	2.10e-03	9.55e-04	3.22e-05	3.68e-07
 1.67189e+23	5.08e-23	1.98e-12	5.68e-10	3.03e-08	3.72e-07	2.32e-06	1.52e-05	2.75e-03	5.19e-02	2.93e-01	3.87e-01	1.95e-01	5.91e-02	8.70e-03	1.88e-03	8.28e-04	2.69e-05	2.96e-07
 1.68101e+23	7.66e-23	2.80e-12	7.77e-10	3.99e-08	4.76e-07	2.86e-06	1.80e-05	3.10e-03	5.61e-02	3.05e-01	3.87e-01	1.85e-01	5.40e-02	7.64e-03	1.61e-03	6.83e-04	2.11e-05	2.21e-07
 1.69035e+23	1.07e-22	3.70e-12	1.00e-09	4.99e-08	5.80e-07	3.38e-06	2.07e-05	3.41e-03	5.98e-02	3.15e-01	3.86e-01	1.77e-01	5.00e-02	6.86e-03	1.42e-03	5.83e-04	1.73e-05	1.73e-07
 1.69995e+23	1.63e-22	5.28e-12	1.38e-09	6.65e-08	7.50e-07	4.21e-06	2.49e-05	3.87e-03	6.48e-02	3.28e-01	3.84e-01	1.66e-01	4.51e-02	5.94e-03	1.20e-03	4.72e-04	1.32e-05	1.26e-07
 1.70969e+23	2.27e-22	6.99e-12	1.79e-09	8.35e-08	9.18e-07	5.02e-06	2.87e-05	4.28e-03	6.91e-02	3.39e-01	3.82e-01	1.58e-01	4.15e-02	5.28e-03	1.05e-03	3.99e-04	1.07e-05	0.00e+00
 1.71928e+23	3.39e-22	9.78e-12	2.43e-09	1.10e-07	1.18e-06	6.21e-06	3.44e-05	4.85e-03	7.48e-02	3.51e-01	3.78e-01	1.48e-01	3.73e-02	4.56e-03	8.89e-04	3.22e-04	8.18e-06	0.00e+00
 1.72845e+23	4.54e-22	1.25e-11	3.03e-09	1.34e-07	1.41e-06	7.25e-06	3.92e-05	5.30e-03	7.91e-02	3.60e-01	3.75e-01	1.41e-01	3.44e-02	4.08e-03	7.84e-04	2.75e-04	6.72e-06	0.00e+00
 1.73737e+23	6.58e-22	1.70e-11	4.03e-09	1.73e-07	1.78e-06	8.89e-06	4.66e-05	5.97e-03	8.52e-02	3.72e-01	3.70e-01	1.31e-01	3.09e-02	3.52e-03	6.64e-04	2.23e-04	5.16e-06	0.00e+00
 1.74645e+23	8.83e-22	2.16e-11	5.03e-09	2.12e-07	2.14e-06	1.05e-05	5.36e-05	6.57e-03	9.03e-02	3.82e-01	3.65e-01	1.24e-01	2.82e-02	3.12e-03	5.79e-04	1.88e-04	4.16e-06	0.00e+00
 1.75530e+23	1.24e-21	2.86e-11	6.52e-09	2.69e-07	2.67e-06	1.27e-05	6.32e-05	7.36e-03	9.68e-02	3.93e-01	3.59e-01	1.15e-01	2.53e-02	2.70e-03	4.92e-04	1.53e-04	3.22e-06	0.00e+00
 1.76434e+23	1.66e-21	3.63e-11	8.15e-09	3.30e-07	3.23e-06	1.50e-05	7.32e-05	8.13e-03	1.03e-01	4.02e-01	3.52e-01	1.08e-01	2.29e-02	2.36e-03	4.24e-04	1.27e-04	2.55e-06	0.00e+00
 1.77316e+23	2.26e-21	4.65e-11	1.03e-08	4.11e-07	3.97e-06	1.80e-05	8.58e-05	9.05e-03	1.10e-01	4.12e-01	3.45e-01	1.01e-01	2.05e-02	2.04e-03	3.61e-04	1.04e-04	1.99e-06	0.00e+00
 1.78214e+23	3.02e-21	5.87e-11	1.28e-08	5.05e-07	4.82e-06	2.14e-05	9.99e-05	1.00e-02	1.17e-01	4.21e-01	3.38e-01	9.35e-02	1.85e-02	1.77e-03	3.09e-04	8.53e-05	1.56e-06	0.00e+00
 1.79107e+23	4.03e-21	7.38e-11	1.60e-08	6.21e-07	5.87e-06	2.55e-05	1.17e-04	1.11e-02	1.24e-01	4.30e-01	3.29e-01	8.66e-02	1.65e-02	1.53e-03	2.62e-04	6.95e-05	1.21e-06	0.00e+00
 1.80003e+23	5.31e-21	9.15e-11	1.97e-08	7.58e-07	7.10e-06	3.03e-05	1.36e-04	1.24e-02	1.32e-01	4.39e-01	3.21e-01	8.01e-02	1.47e-02	1.32e-03	2.23e-04	5.68e-05	9.40e-07	0.00e+00
 1.80889e+23	6.93e-21	1.12e-10	2.41e-08	9.20e-07	8.56e-06	3.59e-05	1.58e-04	1.37e-02	1.40e-01	4.46e-01	3.11e-01	7.40e-02	1.31e-02	1.14e-03	1.89e-04	4.64e-05	7.31e-07	0.00e+00
 1.81774e+23	8.98e-21	1.37e-10	2.93e-08	1.11e-06	1.03e-05	4.24e-05	1.84e-04	1.51e-02	1.48e-01	4.54e-01	3.02e-01	6.82e-02	1.17e-02	9.80e-04	1.61e-04	3.78e-05	5.68e-07	0.00e+00
 1.82662e+23	1.16e-20	1.65e-10	3.54e-08	1.34e-06	1.23e-05	5.00e-05	2.14e-04	1.67e-02	1.57e-01	4.60e-01	2.92e-01	6.27e-02	1.04e-02	8.43e-04	1.36e-04	3.08e-05	4.41e-07	0.00e+00
 1.83554e+23	1.48e-20	1.98e-10	4.26e-08	1.61e-06	1.48e-05	5.89e-05	2.48e-04	1.85e-02	1.65e-01	4.66e-01	2.82e-01	5.76e-02	9.24e-03	7.23e-04	1.15e-04	2.50e-05	3.41e-07	0.00e+00
 1.84452e+23	1.88e-20	2.36e-10	5.10e-08	1.93e-06	1.76e-05	6.93e-05	2.89e-04	2.04e-02	1.75e-01	4.71e-01	2.72e-01	5.27e-02	8.18e-03	6.19e-04	9.73e-05	2.03e-05	2.64e-07	0.00e+00
 1.85359e+23	2.39e-20	2.79e-10	6.09e-08	2.30e-06	2.10e-05	8.14e-05	3.35e-04	2.25e-02	1.84e-01	4.75e-01	2.62e-01	4.82e-02	7.24e-03	5.29e-04	8.19e-05	1.64e-05	2.03e-07	0.00e+00
 1.86277e+23	3.03e-20	3.29e-10	7.25e-08	2.74e-06	2.50e-05	9.56e-05	3.89e-04	2.49e-02	1.94e-01	4.79e-01	2.51e-01	4.39e-02	6.38e-03	4.51e-04	6.88e-05	1.32e-05	1.56e-07	0.00e+00
 1.87200e+23	3.81e-20	3.85e-10	8.59e-08	3.25e-06	2.97e-05	1.12e-04	4.51e-04	2.74e-02	2.04e-01	4.81e-01	2.40e-01	4.00e-02	5.63e-03	3.85e-04	5.78e-05	1.07e-05	1.20e-07	0.00e+00
 1.88139e+23	4.82e-20	4.49e-10	1.02e-07	3.87e-06	3.53e-05	1.31e-04	5.24e-04	3.03e-02	2.15e-01	4.83e-01	2.29e-01	3.63e-02	4.94e-03	3.27e-04	4.83e-05	8.56e-06	0.00e+00	0.00e+00
 1.89089e+23	6.05e-20	5.21e-10	1.20e-07	4.58e-06	4.17e-05	1.53e-04	6.07e-04	3.33e-02	2.26e-01	4.84e-01	2.19e-01	3.29e-02	4.34e-03	2.78e-04	4.05e-05	6.88e-06	0.00e+00	0.00e+00
 1.90059e+23	7.66e-20	6.03e-10	1.43e-07	5.44e-06	4.97e-05	1.80e-04	7.08e-04	3.68e-02	2.37e-01	4.84e-01	2.08e-01	2.96e-02	3.78e-03	2.34e-04	3.35e-05	5.47e-06	0.00e+00	0.00e+00
 1.90960e+23	9.30e-20	6.81e-10	1.64e-07	6.26e-06	5.70e-05	2.05e-04	7.98e-04	3.97e-02	2.46e-01	4.83e-01	1.99e-01	2.72e-02	3.39e-03	2.04e-04	2.89e-05	4.55e-06	0.00e+00	0.00e+00
 1.91888e+23	1.19e-19	7.88e-10	1.94e-07	7.46e-06	6.81e-05	2.41e-04	9.33e-04	4.39e-02	2.58e-01	4.81e-01	1.88e-01	2.43e-02	2.93e-03	1.70e-04	2.37e-05	3.58e-06	0.00e+00	0.00e+00
 1.92835e+23	1.45e-19	8.87e-10	2.24e-07	8.58e-06	7.83e-05	2.74e-04	1.05e-03	4.75e-02	2.68e-01	4.79e-01	1.79e-01	2.23e-02	2.61e-03	1.48e-04	2.03e-05	2.96e-06	0.00e+00	0.00e+00
 1.93805e+23	1.86e-19	1.02e-09	2.66e-07	1.02e-05	9.35e-05	3.23e-04	1.24e-03	5.26e-02	2.81e-01	4.75e-01	1.68e-01	1.97e-02	2.24e-03	1.22e-04	1.65e-05	2.30e-06	0.00e+00	0.00e+00
 1.94778e+23	2.34e-19	1.15e-09	3.06e-07	1.18e-05	1.07e-04	3.66e-04	1.39e-03	5.66e-02	2.90e-01	4.71e-01	1.60e-01	1.81e-02	2.00e-03	1.06e-04	1.41e-05	1.91e-06	0.00e+00	0.00e+00
 1.95753e+23	1.36e-17	1.33e-09	3.64e-07	1.40e-05	1.27e-04	4.29e-04	1.62e-03	6.23e-02	3.03e-01	4.66e-01	1.49e-01	1.60e-02	1.72e-03	8.82e-05	1.15e-05	1.49e-06	0.00e+00	0.00e+00
 1.96735e+23	8.99e-17	1.49e-09	4.18e-07	1.60e-05	1.45e-04	4.84e-04	1.82e-03	6.70e-02	3.12e-01	4.61e-01	1.42e-01	1.46e-02	1.53e-03	7.64e-05	9.85e-06	1.23e-06	0.00e+00	0.00e+00
 1.97727e+23	2.61e-16	1.72e-09	4.97e-07	1.91e-05	1.72e-04	5.66e-04	2.11e-03	7.35e-02	3.24e-01	4.53e-01	1.32e-01	1.29e-02	1.32e-03	6.33e-05	8.02e-06	9.62e-07	0.00e+00	0.00e+00
 1.98727e+23	3.92e-16	1.93e-09	5.73e-07	2.19e-05	1.97e-04	6.37e-04	2.36e-03	7.88e-02	3.34e-01	4.47e-01	1.25e-01	1.17e-02	1.17e-03	5.47e-05	6.84e-06	7.94e-07	0.00e+00	0.00e+00
 1.99740e+23	5.97e-16	2.23e-09	6.84e-07	2.60e-05	2.33e-04	7.42e-04	2.74e-03	8.62e-02	3.45e-01	4.38e-01	1.15e-01	1.03e-02	9.99e-04	4.52e-05	5.55e-06	6.17e-07	0.00e+00	0.00e+00
 2.00765e+23	8.23e-16	2.52e-09	7.90e-07	2.99e-05	2.66e-04	8.36e-04	3.06e-03	9.23e-02	3.54e-01	4.30e-01	1.09e-01	9.34e-03	8.84e-04	3.89e-05	4.71e-06	5.07e-07	0.00e+00	0.00e+00
 2.01807e+23	1.18e-15	2.93e-09	9.49e-07	3.56e-05	3.15e-04	9.73e-04	3.54e-03	1.01e-01	3.66e-01	4.20e-01	1.00e-01	8.18e-03	7.53e-04	3.20e-05	3.81e-06	3.92e-07	0.00e+00	0.00e+00
 2.02868e+23	1.58e-15	3.34e-09	1.10e-06	4.11e-05	3.60e-04	1.10e-03	3.96e-03	1.08e-01	3.74e-01	4.11e-01	9.37e-02	7.37e-03	6.63e-04	2.74e-05	3.21e-06	3.20e-07	0.00e+00	0.00e+00
 2.03953e+23	2.22e-15	3.91e-09	1.34e-06	4.92e-05	4.27e-04	1.28e-03	4.57e-03	1.17e-01	3.85e-01	3.99e-01	8.58e-02	6.41e-03	5.61e-04	2.24e-05	2.58e-06	2.45e-07	0.00e+00	0.00e+00
 2.05062e+23	2.94e-15	4.49e-09	1.57e-06	5.71e-05	4.90e-04	1.44e-03	5.11e-03	1.25e-01	3.93e-01	3.89e-01	7.99e-02	5.74e-03	4.91e-04	1.90e-05	2.16e-06	1.98e-07	0.00e+00	0.00e+00
 2.06202e+23	4.09e-15	5.34e-09	1.92e-06	6.90e-05	5.84e-04	1.68e-03	5.91e-03	1.36e-01	4.02e-01	3.75e-01	7.26e-02	4.95e-03	4.12e-04	1.54e-05	1.71e-06	1.50e-07	0.00e+00	0.00e+00
 2.07367e+23	5.40e-15	6.22e-09	2.27e-06	8.06e-05	6.72e-04	1.90e-03	6.61e-03	1.46e-01	4.09e-01	3.64e-01	6.72e-02	4.41e-03	3.59e-04	1.30e-05	1.42e-06	0.00e+00	0.00e+00	0.00e+00
 2.08348e+23	6.82e-15	7.09e-09	2.64e-06	9.24e-05	7.60e-04	2.11e-03	7.29e-03	1.54e-01	4.15e-01	3.54e-01	6.26e-02	3.97e-03	3.17e-04	1.12e-05	1.21e-06	0.00e+00	0.00e+00	0.00e+00
 2.09406e+23	9.13e-15	8.40e-09	3.19e-06	1.10e-04	8.89e-04	2.41e-03	8.26e-03	1.65e-01	4.22e-01	3.41e-01	5.71e-02	3.46e-03	2.69e-04	9.20e-06	9.77e-07	0.00e+00	0.00e+00	0.00e+00
 2.10438e+23	1.14e-14	9.57e-09	3.68e-06	1.25e-04	9.97e-04	2.66e-03	9.02e-03	1.73e-01	4.26e-01	3.31e-01	5.33e-02	3.13e-03	2.39e-04	7.98e-06	8.37e-07	0.00e+00	0.00e+00	0.00e+00
 2.11437e+23	1.48e-14	1.12e-08	4.41e-06	1.47e-04	1.15e-03	3.02e-03	1.01e-02	1.85e-01	4.31e-01	3.18e-01	4.86e-02	2.74e-03	2.05e-04	6.62e-06	6.83e-07	0.00e+00	0.00e+00	0.00e+00
 2.12446e+23	1.86e-14	1.30e-08	5.11e-06	1.68e-04	1.29e-03	3.32e-03	1.10e-02	1.94e-01	4.34e-01	3.08e-01	4.54e-02	2.48e-03	1.82e-04	5.74e-06	5.85e-07	0.00e+00	0.00e+00	0.00e+00
 2.13467e+23	2.44e-14	1.54e-08	6.15e-06	1.99e-04	1.50e-03	3.76e-03	1.23e-02	2.06e-01	4.38e-01	2.95e-01	4.12e-02	2.16e-03	1.55e-04	4.75e-06	4.76e-07	0.00e+00	0.00e+00	0.00e+00
 2.14503e+23	3.06e-14	1.79e-08	7.17e-06	2.27e-04	1.68e-03	4.13e-03	1.34e-02	2.15e-01	4.40e-01	2.85e-01	3.83e-02	1.95e-03	1.37e-04	4.10e-06	4.05e-07	0.00e+00	0.00e+00	0.00e+00
 2.15557e+23	4.05e-14	2.15e-08	8.69e-06	2.70e-04	1.95e-03	4.68e-03	1.50e-02	2.28e-01	4.42e-01	2.72e-01	3.46e-02	1.69e-03	1.16e-04	3.37e-06	3.28e-07	0.00e+00	0.00e+00	0.00e+00
 2.16626e+23	5.12e-14	2.52e-08	1.02e-05	3.10e-04	2.19e-03	5.15e-03	1.62e-02	2.38e-01	4.43e-01	2.62e-01	3.20e-02	1.52e-03	1.03e-04	2.89e-06	2.78e-07	0.00e+00	0.00e+00	0.00e+00
 2.17716e+23	6.84e-14	3.06e-08	1.24e-05	3.70e-04	2.55e-03	5.83e-03	1.81e-02	2.51e-01	4.43e-01	2.48e-01	2.87e-02	1.31e-03	8.64e-05	2.36e-06	2.23e-07	0.00e+00	0.00e+00	0.00e+00
 2.18823e+23	8.72e-14	3.63e-08	1.47e-05	4.28e-04	2.87e-03	6.43e-03	1.96e-02	2.62e-01	4.43e-01	2.38e-01	2.65e-02	1.17e-03	7.58e-05	2.02e-06	1.88e-07	0.00e+00	0.00e+00	0.00e+00
 2.19953e+23	1.18e-13	4.47e-08	1.81e-05	5.13e-04	3.34e-03	7.28e-03	2.19e-02	2.76e-01	4.41e-01	2.25e-01	2.36e-02	1.00e-03	6.34e-05	1.63e-06	1.49e-07	0.00e+00	0.00e+00	0.00e+00
 2.21108e+23	1.52e-13	5.36e-08	2.15e-05	5.96e-04	3.78e-03	8.03e-03	2.37e-02	2.87e-01	4.40e-01	2.15e-01	2.16e-02	8.90e-04	5.52e-05	1.38e-06	1.25e-07	0.00e+00	0.00e+00	0.00e+00
 2.22293e+23	2.08e-13	6.71e-08	2.68e-05	7.21e-04	4.42e-03	9.12e-03	2.64e-02	3.02e-01	4.36e-01	2.01e-01	1.91e-02	7.56e-04	4.57e-05	1.11e-06	0.00e+00	0.00e+00	0.00e+00	0.00e+00
 2.23509e+23	2.71e-13	8.15e-08	3.21e-05	8.44e-04	5.02e-03	1.01e-02	2.87e-02	3.14e-01	4.33e-01	1.91e-01	1.73e-02	6.64e-04	3.93e-05	9.27e-07	0.00e+00	0.00e+00	0.00e+00	0.00e+00
 2.24765e+23	3.81e-13	1.04e-07	4.05e-05	1.03e-03	5.90e-03	1.15e-02	3.19e-02	3.29e-01	4.27e-01	1.77e-01	1.52e-02	5.59e-04	3.22e-05	7.33e-07	0.00e+00	0.00e+00	0.00e+00	0.00e+00
 2.26039e+23	5.01e-13	1.28e-07	4.88e-05	1.21e-03	6.71e-03	1.27e-02	3.45e-02	3.41e-01	4.22e-01	1.68e-01	1.37e-02	4.89e-04	2.76e-05	6.10e-07	0.00e+00	0.00e+00	0.00e+00	0.00e+00
 2.27336e+23	7.11e-13	1.65e-07	6.20e-05	1.48e-03	7.90e-03	1.44e-02	3.82e-02	3.56e-01	4.15e-01	1.55e-01	1.19e-02	4.09e-04	2.24e-05	4.79e-07	0.00e+00	0.00e+00	0.00e+00	0.00e+00
 2.28649e+23	3.26e-13	2.05e-07	7.50e-05	1.75e-03	8.98e-03	1.59e-02	4.13e-02	3.67e-01	4.08e-01	1.46e-01	1.07e-02	3.56e-04	1.91e-05	3.97e-07	0.00e+00	0.00e+00	0.00e+00	0.00e+00
 2.29981e+23	4.94e-13	2.67e-07	9.56e-05	2.15e-03	1.06e-02	1.81e-02	4.56e-02	3.82e-01	3.98e-01	1.34e-01	9.22e-03	2.95e-04	1.54e-05	3.08e-07	0.00e+00	0.00e+00	0.00e+00	0.00e+00
 2.31332e+23	6.92e-13	3.34e-07	1.16e-04	2.53e-03	1.20e-02	1.99e-02	4.91e-02	3.93e-01	3.90e-01	1.25e-01	8.23e-03	2.56e-04	1.31e-05	2.54e-07	0.00e+00	0.00e+00	0.00e+00	0.00e+00
