#depth	Ne	Ne+	Ne+2	Ne+3	Ne+4	Ne+5	Ne+6	Ne+7	Ne+8	Ne+9	Ne+10
 4.62852e+21	1.49e-19	9.91e-15	3.93e-11	2.29e-08	3.76e-06	1.43e-04	1.51e-03	8.80e-03	2.18e-01	4.86e-01	2.85e-01
 1.02487e+22	3.23e-18	1.65e-13	4.86e-10	2.05e-07	2.53e-05	7.08e-04	5.26e-03	2.01e-02	3.24e-01	4.70e-01	1.80e-01
 1.17361e+22	1.22e-17	5.54e-13	1.44e-09	5.28e-07	5.71e-05	1.39e-03	8.82e-03	2.80e-02	3.75e-01	4.46e-01	1.41e-01
 1.24798e+22	2.31e-17	9.92e-13	2.43e-09	8.30e-07	8.44e-05	1.92e-03	1.13e-02	3.27e-02	3.99e-01	4.31e-01	1.24e-01
 1.28066e+22	2.82e-17	1.19e-12	2.86e-09	9.56e-07	9.53e-05	2.12e-03	1.22e-02	3.43e-02	4.06e-01	4.26e-01	1.19e-01
 1.29879e+22	3.65e-17	1.51e-12	3.53e-09	1.15e-06	1.12e-04	2.42e-03	1.34e-02	3.66e-02	4.16e-01	4.19e-01	1.12e-01
 1.31847e+22	4.59e-17	1.86e-12	4.27e-09	1.36e-06	1.29e-04	2.73e-03	1.47e-02	3.87e-02	4.25e-01	4.12e-01	1.06e-01
 1.33638e+22	5.64e-17	2.25e-12	5.07e-09	1.58e-06	1.47e-04	3.03e-03	1.59e-02	4.07e-02	4.33e-01	4.06e-01	1.01e-01
 1.35589e+22	7.35e-17	2.87e-12	6.32e-09	1.91e-06	1.73e-04	3.48e-03	1.77e-02	4.35e-02	4.43e-01	3.97e-01	9.48e-02
 1.37523e+22	8.95e-17	3.45e-12	7.45e-09	2.20e-06	1.96e-04	3.86e-03	1.92e-02	4.56e-02	4.50e-01	3.91e-01	9.02e-02
 1.39437e+22	1.15e-16	4.35e-12	9.20e-09	2.65e-06	2.31e-04	4.42e-03	2.12e-02	4.87e-02	4.60e-01	3.81e-01	8.42e-02
 1.41371e+22	1.40e-16	5.21e-12	1.08e-08	3.06e-06	2.61e-04	4.90e-03	2.29e-02	5.10e-02	4.67e-01	3.74e-01	7.98e-02
 1.43334e+22	1.79e-16	6.56e-12	1.34e-08	3.68e-06	3.07e-04	5.62e-03	2.55e-02	5.44e-02	4.76e-01	3.64e-01	7.41e-02
 1.45318e+22	2.16e-16	7.85e-12	1.58e-08	4.25e-06	3.48e-04	6.24e-03	2.76e-02	5.71e-02	4.83e-01	3.56e-01	7.00e-02
 1.47331e+22	2.75e-16	9.84e-12	1.94e-08	5.12e-06	4.11e-04	7.17e-03	3.06e-02	6.10e-02	4.92e-01	3.45e-01	6.45e-02
 1.49370e+22	3.32e-16	1.18e-11	2.29e-08	5.91e-06	4.66e-04	7.97e-03	3.32e-02	6.40e-02	4.98e-01	3.36e-01	6.06e-02
 1.51444e+22	4.18e-16	1.47e-11	2.81e-08	7.10e-06	5.48e-04	9.16e-03	3.69e-02	6.82e-02	5.05e-01	3.24e-01	5.56e-02
 1.53562e+22	5.01e-16	1.75e-11	3.31e-08	8.21e-06	6.24e-04	1.02e-02	4.01e-02	7.18e-02	5.11e-01	3.15e-01	5.17e-02
 1.55738e+22	6.26e-16	2.17e-11	4.07e-08	9.87e-06	7.37e-04	1.18e-02	4.46e-02	7.66e-02	5.18e-01	3.02e-01	4.70e-02
 1.57959e+22	7.43e-16	2.57e-11	4.78e-08	1.14e-05	8.40e-04	1.32e-02	4.86e-02	8.06e-02	5.22e-01	2.91e-01	4.34e-02
 1.60184e+22	9.06e-16	3.13e-11	5.79e-08	1.36e-05	9.85e-04	1.51e-02	5.39e-02	8.59e-02	5.27e-01	2.78e-01	3.91e-02
 1.62304e+22	1.04e-15	3.60e-11	6.63e-08	1.54e-05	1.10e-03	1.66e-02	5.80e-02	8.97e-02	5.30e-01	2.68e-01	3.63e-02
 1.64343e+22	1.22e-15	4.25e-11	7.83e-08	1.79e-05	1.27e-03	1.88e-02	6.37e-02	9.49e-02	5.33e-01	2.55e-01	3.28e-02
 1.66413e+22	1.38e-15	4.83e-11	8.90e-08	2.02e-05	1.42e-03	2.08e-02	6.85e-02	9.91e-02	5.35e-01	2.45e-01	3.02e-02
 1.68447e+22	1.57e-15	5.58e-11	1.03e-07	2.32e-05	1.62e-03	2.33e-02	7.47e-02	1.04e-01	5.36e-01	2.33e-01	2.72e-02
 1.70523e+22	1.75e-15	6.28e-11	1.17e-07	2.61e-05	1.81e-03	2.56e-02	8.03e-02	1.09e-01	5.36e-01	2.23e-01	2.49e-02
 1.72544e+22	1.93e-15	7.07e-11	1.33e-07	2.96e-05	2.04e-03	2.85e-02	8.69e-02	1.14e-01	5.35e-01	2.11e-01	2.24e-02
 1.74610e+22	2.11e-15	7.87e-11	1.50e-07	3.32e-05	2.28e-03	3.14e-02	9.33e-02	1.19e-01	5.33e-01	2.01e-01	2.03e-02
 1.76651e+22	2.28e-15	8.72e-11	1.68e-07	3.72e-05	2.55e-03	3.45e-02	1.00e-01	1.24e-01	5.30e-01	1.90e-01	1.83e-02
 1.78705e+22	2.44e-15	9.57e-11	1.87e-07	4.15e-05	2.83e-03	3.79e-02	1.07e-01	1.29e-01	5.27e-01	1.80e-01	1.65e-02
 1.80734e+22	2.58e-15	1.04e-10	2.08e-07	4.61e-05	3.14e-03	4.15e-02	1.14e-01	1.34e-01	5.22e-01	1.70e-01	1.49e-02
 1.82759e+22	2.71e-15	1.13e-10	2.30e-07	5.11e-05	3.47e-03	4.52e-02	1.22e-01	1.39e-01	5.17e-01	1.60e-01	1.34e-02
 1.84788e+22	2.83e-15	1.22e-10	2.54e-07	5.66e-05	3.84e-03	4.93e-02	1.29e-01	1.44e-01	5.11e-01	1.51e-01	1.20e-02
 1.86823e+22	2.93e-15	1.31e-10	2.79e-07	6.25e-05	4.23e-03	5.35e-02	1.37e-01	1.49e-01	5.04e-01	1.42e-01	1.07e-02
 1.88869e+22	3.02e-15	1.40e-10	3.07e-07	6.91e-05	4.67e-03	5.81e-02	1.44e-01	1.54e-01	4.97e-01	1.33e-01	9.58e-03
 1.90933e+22	3.10e-15	1.50e-10	3.38e-07	7.64e-05	5.14e-03	6.30e-02	1.52e-01	1.59e-01	4.88e-01	1.24e-01	8.55e-03
 1.93020e+22	3.17e-15	1.61e-10	3.72e-07	8.46e-05	5.67e-03	6.82e-02	1.60e-01	1.63e-01	4.79e-01	1.16e-01	7.60e-03
 1.95118e+22	3.24e-15	1.72e-10	4.09e-07	9.36e-05	6.24e-03	7.36e-02	1.68e-01	1.67e-01	4.69e-01	1.08e-01	6.75e-03
 1.97249e+22	3.31e-15	1.84e-10	4.52e-07	1.04e-04	6.89e-03	7.96e-02	1.77e-01	1.72e-01	4.59e-01	1.01e-01	5.97e-03
 1.99404e+22	3.38e-15	1.97e-10	5.00e-07	1.16e-04	7.59e-03	8.58e-02	1.85e-01	1.76e-01	4.48e-01	9.34e-02	5.28e-03
 2.01600e+22	3.45e-15	2.12e-10	5.56e-07	1.29e-04	8.40e-03	9.26e-02	1.93e-01	1.79e-01	4.36e-01	8.63e-02	4.64e-03
 2.03836e+22	3.54e-15	2.29e-10	6.19e-07	1.44e-04	9.27e-03	9.97e-02	2.01e-01	1.83e-01	4.23e-01	7.97e-02	4.08e-03
 2.05886e+22	3.63e-15	2.45e-10	6.80e-07	1.59e-04	1.01e-02	1.06e-01	2.08e-01	1.86e-01	4.12e-01	7.45e-02	3.65e-03
 2.08028e+22	3.73e-15	2.67e-10	7.68e-07	1.80e-04	1.12e-02	1.14e-01	2.16e-01	1.89e-01	3.98e-01	6.82e-02	3.17e-03
 2.10200e+22	3.87e-15	2.89e-10	8.50e-07	1.99e-04	1.22e-02	1.21e-01	2.22e-01	1.91e-01	3.87e-01	6.34e-02	2.83e-03
 2.12433e+22	4.06e-15	3.20e-10	9.74e-07	2.28e-04	1.37e-02	1.31e-01	2.31e-01	1.93e-01	3.72e-01	5.76e-02	2.43e-03
 2.14670e+22	4.23e-15	3.49e-10	1.08e-06	2.53e-04	1.49e-02	1.39e-01	2.37e-01	1.94e-01	3.60e-01	5.35e-02	2.16e-03
 2.16912e+22	4.47e-15	3.90e-10	1.25e-06	2.89e-04	1.66e-02	1.49e-01	2.44e-01	1.96e-01	3.44e-01	4.84e-02	1.85e-03
 2.19163e+22	4.75e-15	4.30e-10	1.40e-06	3.22e-04	1.81e-02	1.58e-01	2.49e-01	1.96e-01	3.32e-01	4.48e-02	1.64e-03
 2.21427e+22	5.11e-15	4.87e-10	1.63e-06	3.71e-04	2.01e-02	1.69e-01	2.56e-01	1.97e-01	3.16e-01	4.04e-02	1.40e-03
 2.23715e+22	5.50e-15	5.42e-10	1.84e-06	4.14e-04	2.19e-02	1.78e-01	2.61e-01	1.96e-01	3.04e-01	3.72e-02	1.24e-03
 2.26036e+22	6.04e-15	6.24e-10	2.16e-06	4.79e-04	2.45e-02	1.91e-01	2.67e-01	1.96e-01	2.87e-01	3.33e-02	1.05e-03
 2.28388e+22	6.61e-15	7.04e-10	2.46e-06	5.38e-04	2.66e-02	2.01e-01	2.71e-01	1.95e-01	2.75e-01	3.05e-02	9.24e-04
 2.30782e+22	7.44e-15	8.25e-10	2.92e-06	6.25e-04	2.97e-02	2.14e-01	2.76e-01	1.93e-01	2.59e-01	2.72e-02	7.78e-04
 2.33220e+22	8.30e-15	9.43e-10	3.36e-06	7.04e-04	3.24e-02	2.25e-01	2.79e-01	1.91e-01	2.46e-01	2.47e-02	6.78e-04
 2.35717e+22	9.61e-15	1.13e-09	4.03e-06	8.23e-04	3.62e-02	2.40e-01	2.83e-01	1.88e-01	2.30e-01	2.18e-02	5.65e-04
 2.38273e+22	1.10e-14	1.31e-09	4.68e-06	9.33e-04	3.95e-02	2.52e-01	2.85e-01	1.85e-01	2.17e-01	1.97e-02	4.88e-04
 2.40905e+22	1.31e-14	1.60e-09	5.70e-06	1.10e-03	4.43e-02	2.68e-01	2.87e-01	1.81e-01	2.01e-01	1.72e-02	4.00e-04
 2.43580e+22	1.53e-14	1.89e-09	6.67e-06	1.25e-03	4.83e-02	2.80e-01	2.88e-01	1.77e-01	1.89e-01	1.54e-02	3.43e-04
 2.45835e+22	1.77e-14	2.19e-09	7.68e-06	1.40e-03	5.22e-02	2.92e-01	2.89e-01	1.73e-01	1.78e-01	1.39e-02	2.98e-04
 2.48290e+22	2.15e-14	2.67e-09	9.23e-06	1.62e-03	5.76e-02	3.06e-01	2.89e-01	1.68e-01	1.65e-01	1.22e-02	2.47e-04
 2.50667e+22	2.49e-14	3.09e-09	1.05e-05	1.79e-03	6.16e-02	3.17e-01	2.88e-01	1.64e-01	1.56e-01	1.11e-02	2.16e-04
 2.52945e+22	3.02e-14	3.73e-09	1.25e-05	2.05e-03	6.73e-02	3.30e-01	2.87e-01	1.59e-01	1.44e-01	9.76e-03	1.81e-04
 2.55248e+22	3.54e-14	4.34e-09	1.43e-05	2.27e-03	7.19e-02	3.41e-01	2.85e-01	1.55e-01	1.36e-01	8.85e-03	1.58e-04
 2.57583e+22	4.37e-14	5.29e-09	1.70e-05	2.60e-03	7.84e-02	3.54e-01	2.83e-01	1.49e-01	1.25e-01	7.74e-03	1.31e-04
 2.59953e+22	5.20e-14	6.20e-09	1.95e-05	2.88e-03	8.36e-02	3.64e-01	2.80e-01	1.44e-01	1.17e-01	6.98e-03	1.14e-04
 2.62369e+22	6.54e-14	7.63e-09	2.33e-05	3.30e-03	9.10e-02	3.78e-01	2.77e-01	1.38e-01	1.07e-01	6.06e-03	9.37e-05
 2.64820e+22	7.86e-14	8.98e-09	2.67e-05	3.65e-03	9.69e-02	3.87e-01	2.73e-01	1.33e-01	1.00e-01	5.43e-03	8.08e-05
 2.67317e+22	1.00e-13	1.12e-08	3.21e-05	4.18e-03	1.05e-01	4.00e-01	2.68e-01	1.26e-01	9.10e-02	4.67e-03	6.58e-05
 2.69849e+22	1.22e-13	1.32e-08	3.69e-05	4.63e-03	1.12e-01	4.09e-01	2.64e-01	1.21e-01	8.44e-02	4.16e-03	5.63e-05
 2.72427e+22	1.58e-13	1.66e-08	4.44e-05	5.29e-03	1.21e-01	4.21e-01	2.58e-01	1.15e-01	7.62e-02	3.55e-03	4.55e-05
 2.75080e+22	1.95e-13	1.99e-08	5.14e-05	5.89e-03	1.29e-01	4.30e-01	2.52e-01	1.09e-01	7.01e-02	3.13e-03	3.84e-05
 2.77831e+22	2.58e-13	2.52e-08	6.22e-05	6.75e-03	1.40e-01	4.41e-01	2.45e-01	1.02e-01	6.26e-02	2.64e-03	3.06e-05
 2.80645e+22	3.24e-13	3.04e-08	7.24e-05	7.52e-03	1.49e-01	4.49e-01	2.39e-01	9.68e-02	5.71e-02	2.30e-03	2.55e-05
 2.83541e+22	4.36e-13	3.90e-08	8.82e-05	8.63e-03	1.61e-01	4.58e-01	2.30e-01	8.99e-02	5.06e-02	1.92e-03	2.00e-05
 2.86463e+22	5.47e-13	4.71e-08	1.02e-04	9.57e-03	1.71e-01	4.64e-01	2.23e-01	8.47e-02	4.60e-02	1.66e-03	1.66e-05
 2.89418e+22	7.42e-13	6.06e-08	1.25e-04	1.10e-02	1.84e-01	4.72e-01	2.14e-01	7.81e-02	4.04e-02	1.37e-03	1.29e-05
 2.92406e+22	9.36e-13	7.33e-08	1.45e-04	1.21e-02	1.94e-01	4.76e-01	2.06e-01	7.32e-02	3.65e-02	1.19e-03	1.06e-05
 2.95434e+22	1.28e-12	9.44e-08	1.76e-04	1.39e-02	2.09e-01	4.81e-01	1.96e-01	6.71e-02	3.19e-02	9.73e-04	8.19e-06
 2.98390e+22	1.58e-12	1.12e-07	2.01e-04	1.52e-02	2.19e-01	4.84e-01	1.89e-01	6.29e-02	2.89e-02	8.45e-04	6.82e-06
 3.01251e+22	2.12e-12	1.42e-07	2.41e-04	1.72e-02	2.33e-01	4.86e-01	1.80e-01	5.77e-02	2.53e-02	6.98e-04	5.31e-06
 3.04214e+22	2.67e-12	1.72e-07	2.78e-04	1.89e-02	2.44e-01	4.87e-01	1.72e-01	5.37e-02	2.28e-02	5.99e-04	4.35e-06
 3.06748e+22	3.29e-12	2.03e-07	3.15e-04	2.05e-02	2.54e-01	4.88e-01	1.66e-01	5.03e-02	2.06e-02	5.21e-04	3.63e-06
 3.09479e+22	4.31e-12	2.52e-07	3.72e-04	2.28e-02	2.68e-01	4.87e-01	1.57e-01	4.61e-02	1.81e-02	4.33e-04	2.86e-06
 3.12211e+22	5.31e-12	2.98e-07	4.22e-04	2.48e-02	2.79e-01	4.86e-01	1.50e-01	4.30e-02	1.64e-02	3.75e-04	2.37e-06
 3.14944e+22	6.86e-12	3.65e-07	4.91e-04	2.74e-02	2.92e-01	4.84e-01	1.42e-01	3.95e-02	1.45e-02	3.14e-04	1.89e-06
 3.17790e+22	8.67e-12	4.40e-07	5.65e-04	2.99e-02	3.04e-01	4.81e-01	1.35e-01	3.64e-02	1.29e-02	2.66e-04	1.52e-06
 3.20332e+22	1.07e-11	5.19e-07	6.38e-04	3.24e-02	3.15e-01	4.77e-01	1.29e-01	3.38e-02	1.16e-02	2.30e-04	1.26e-06
 3.23187e+22	1.39e-11	6.38e-07	7.45e-04	3.57e-02	3.29e-01	4.72e-01	1.21e-01	3.08e-02	1.01e-02	1.90e-04	9.88e-07
 3.26192e+22	1.77e-11	7.72e-07	8.58e-04	3.90e-02	3.42e-01	4.67e-01	1.14e-01	2.82e-02	8.91e-03	1.59e-04	7.88e-07
 3.28925e+22	2.21e-11	9.20e-07	9.76e-04	4.23e-02	3.54e-01	4.61e-01	1.08e-01	2.59e-02	7.92e-03	1.35e-04	6.38e-07
 3.32012e+22	2.91e-11	1.15e-06	1.15e-03	4.68e-02	3.68e-01	4.54e-01	1.00e-01	2.33e-02	6.81e-03	1.09e-04	4.88e-07
 3.35191e+22	3.72e-11	1.39e-06	1.32e-03	5.10e-02	3.81e-01	4.46e-01	9.36e-02	2.12e-02	5.96e-03	9.09e-05	3.84e-07
 3.38012e+22	4.67e-11	1.66e-06	1.50e-03	5.52e-02	3.93e-01	4.38e-01	8.79e-02	1.94e-02	5.25e-03	7.63e-05	3.08e-07
 3.41207e+22	6.19e-11	2.07e-06	1.76e-03	6.08e-02	4.07e-01	4.28e-01	8.10e-02	1.73e-02	4.48e-03	6.12e-05	2.33e-07
 3.44515e+22	7.95e-11	2.51e-06	2.03e-03	6.62e-02	4.19e-01	4.18e-01	7.52e-02	1.56e-02	3.88e-03	5.02e-05	1.81e-07
 3.47481e+22	1.00e-10	3.01e-06	2.32e-03	7.15e-02	4.30e-01	4.08e-01	7.00e-02	1.42e-02	3.38e-03	4.17e-05	1.43e-07
 3.50845e+22	1.35e-10	3.79e-06	2.73e-03	7.88e-02	4.44e-01	3.95e-01	6.37e-02	1.25e-02	2.84e-03	3.27e-05	0.00e+00
 3.54314e+22	1.73e-10	4.60e-06	3.14e-03	8.55e-02	4.56e-01	3.84e-01	5.87e-02	1.12e-02	2.44e-03	2.66e-05	0.00e+00
 3.57917e+22	2.36e-10	5.85e-06	3.73e-03	9.43e-02	4.69e-01	3.69e-01	5.28e-02	9.74e-03	2.01e-03	2.05e-05	0.00e+00
 3.61565e+22	3.05e-10	7.12e-06	4.29e-03	1.02e-01	4.79e-01	3.56e-01	4.84e-02	8.68e-03	1.72e-03	1.65e-05	0.00e+00
 3.64779e+22	3.89e-10	8.60e-06	4.90e-03	1.10e-01	4.88e-01	3.43e-01	4.43e-02	7.75e-03	1.47e-03	1.33e-05	0.00e+00
 3.68469e+22	5.32e-10	1.09e-05	5.81e-03	1.21e-01	4.99e-01	3.27e-01	3.95e-02	6.69e-03	1.20e-03	1.01e-05	0.00e+00
 3.72210e+22	6.90e-10	1.33e-05	6.67e-03	1.31e-01	5.07e-01	3.13e-01	3.57e-02	5.91e-03	1.01e-03	8.05e-06	0.00e+00
 3.76018e+22	9.43e-10	1.69e-05	7.89e-03	1.43e-01	5.15e-01	2.96e-01	3.16e-02	5.06e-03	8.18e-04	6.06e-06	0.00e+00
 3.79870e+22	1.22e-09	2.06e-05	9.05e-03	1.54e-01	5.21e-01	2.82e-01	2.85e-02	4.45e-03	6.85e-04	4.77e-06	0.00e+00
 3.83779e+22	1.69e-09	2.64e-05	1.07e-02	1.68e-01	5.27e-01	2.64e-01	2.49e-02	3.77e-03	5.46e-04	3.52e-06	0.00e+00
 3.87721e+22	2.17e-09	3.19e-05	1.23e-02	1.80e-01	5.31e-01	2.51e-01	2.23e-02	3.30e-03	4.55e-04	2.76e-06	0.00e+00
 3.91706e+22	3.01e-09	4.09e-05	1.45e-02	1.96e-01	5.34e-01	2.33e-01	1.93e-02	2.78e-03	3.59e-04	2.01e-06	0.00e+00
 3.95737e+22	3.88e-09	4.95e-05	1.66e-02	2.09e-01	5.35e-01	2.19e-01	1.72e-02	2.42e-03	2.97e-04	1.56e-06	0.00e+00
 3.99827e+22	5.39e-09	6.33e-05	1.96e-02	2.27e-01	5.34e-01	2.02e-01	1.47e-02	2.02e-03	2.32e-04	1.12e-06	0.00e+00
 4.03972e+22	6.99e-09	7.69e-05	2.23e-02	2.42e-01	5.32e-01	1.89e-01	1.30e-02	1.74e-03	1.89e-04	8.57e-07	0.00e+00
 4.07556e+22	8.89e-09	9.22e-05	2.52e-02	2.56e-01	5.29e-01	1.77e-01	1.15e-02	1.51e-03	1.56e-04	6.65e-07	0.00e+00
 4.11583e+22	1.22e-08	1.16e-04	2.95e-02	2.74e-01	5.23e-01	1.62e-01	9.81e-03	1.25e-03	1.21e-04	4.76e-07	0.00e+00
 4.15518e+22	1.52e-08	1.38e-04	3.29e-02	2.88e-01	5.18e-01	1.51e-01	8.71e-03	1.09e-03	1.01e-04	3.72e-07	0.00e+00
 4.18813e+22	1.89e-08	1.62e-04	3.67e-02	3.02e-01	5.12e-01	1.41e-01	7.75e-03	9.55e-04	8.37e-05	2.92e-07	0.00e+00
 4.22574e+22	2.53e-08	2.00e-04	4.22e-02	3.20e-01	5.02e-01	1.28e-01	6.60e-03	7.96e-04	6.53e-05	2.11e-07	0.00e+00
 4.26297e+22	3.12e-08	2.34e-04	4.67e-02	3.33e-01	4.94e-01	1.19e-01	5.86e-03	6.94e-04	5.43e-05	1.65e-07	0.00e+00
 4.29972e+22	4.06e-08	2.84e-04	5.30e-02	3.50e-01	4.82e-01	1.09e-01	5.03e-03	5.83e-04	4.29e-05	1.22e-07	0.00e+00
 4.33768e+22	5.11e-08	3.36e-04	5.91e-02	3.65e-01	4.71e-01	9.97e-02	4.38e-03	4.99e-04	3.47e-05	0.00e+00	0.00e+00
 4.37164e+22	6.34e-08	3.93e-04	6.53e-02	3.78e-01	4.60e-01	9.18e-02	3.84e-03	4.30e-04	2.84e-05	0.00e+00	0.00e+00
 4.41021e+22	8.32e-08	4.79e-04	7.41e-02	3.95e-01	4.44e-01	8.23e-02	3.24e-03	3.54e-04	2.19e-05	0.00e+00	0.00e+00
 4.44942e+22	1.04e-07	5.64e-04	8.21e-02	4.09e-01	4.30e-01	7.49e-02	2.80e-03	3.01e-04	1.76e-05	0.00e+00	0.00e+00
 4.48945e+22	1.36e-07	6.84e-04	9.27e-02	4.25e-01	4.13e-01	6.66e-02	2.34e-03	2.46e-04	1.35e-05	0.00e+00	0.00e+00
 4.52664e+22	1.64e-07	7.83e-04	1.01e-01	4.35e-01	4.00e-01	6.11e-02	2.06e-03	2.13e-04	1.11e-05	0.00e+00	0.00e+00
 4.55550e+22	1.97e-07	8.91e-04	1.09e-01	4.45e-01	3.87e-01	5.62e-02	1.82e-03	1.85e-04	9.21e-06	0.00e+00	0.00e+00
 4.58836e+22	2.43e-07	1.04e-03	1.20e-01	4.56e-01	3.71e-01	5.06e-02	1.56e-03	1.56e-04	7.34e-06	0.00e+00	0.00e+00
 4.62222e+22	2.91e-07	1.18e-03	1.30e-01	4.64e-01	3.57e-01	4.63e-02	1.37e-03	1.34e-04	6.05e-06	0.00e+00	0.00e+00
 4.65277e+22	3.48e-07	1.34e-03	1.40e-01	4.72e-01	3.43e-01	4.22e-02	1.20e-03	1.16e-04	4.96e-06	0.00e+00	0.00e+00
 4.68328e+22	4.15e-07	1.51e-03	1.51e-01	4.79e-01	3.29e-01	3.84e-02	1.05e-03	9.93e-05	4.07e-06	0.00e+00	0.00e+00
 4.71836e+22	5.15e-07	1.77e-03	1.65e-01	4.87e-01	3.11e-01	3.40e-02	8.87e-04	8.18e-05	3.16e-06	0.00e+00	0.00e+00
 4.75368e+22	6.18e-07	2.01e-03	1.78e-01	4.92e-01	2.97e-01	3.06e-02	7.67e-04	6.94e-05	2.55e-06	0.00e+00	0.00e+00
 4.78433e+22	7.32e-07	2.26e-03	1.91e-01	4.96e-01	2.82e-01	2.76e-02	6.67e-04	5.92e-05	2.08e-06	0.00e+00	0.00e+00
 4.81916e+22	9.04e-07	2.62e-03	2.08e-01	5.00e-01	2.65e-01	2.42e-02	5.59e-04	4.84e-05	1.60e-06	0.00e+00	0.00e+00
 4.85471e+22	1.07e-06	2.95e-03	2.22e-01	5.02e-01	2.51e-01	2.17e-02	4.82e-04	4.08e-05	1.29e-06	0.00e+00	0.00e+00
 4.89120e+22	1.33e-06	3.42e-03	2.42e-01	5.03e-01	2.33e-01	1.88e-02	3.99e-04	3.28e-05	9.76e-07	0.00e+00	0.00e+00
 4.92788e+22	1.59e-06	3.86e-03	2.58e-01	5.03e-01	2.18e-01	1.66e-02	3.39e-04	2.72e-05	7.71e-07	0.00e+00	0.00e+00
 4.95982e+22	1.87e-06	4.31e-03	2.74e-01	5.01e-01	2.05e-01	1.48e-02	2.92e-04	2.29e-05	6.19e-07	0.00e+00	0.00e+00
 4.98694e+22	2.11e-06	4.68e-03	2.87e-01	5.00e-01	1.95e-01	1.36e-02	2.60e-04	2.00e-05	5.24e-07	0.00e+00	0.00e+00
 5.01280e+22	2.43e-06	5.15e-03	3.02e-01	4.97e-01	1.84e-01	1.22e-02	2.27e-04	1.71e-05	4.29e-07	0.00e+00	0.00e+00
 5.04641e+22	2.91e-06	5.82e-03	3.22e-01	4.92e-01	1.70e-01	1.06e-02	1.89e-04	1.38e-05	3.29e-07	0.00e+00	0.00e+00
 5.08295e+22	3.47e-06	6.55e-03	3.42e-01	4.85e-01	1.56e-01	9.15e-03	1.58e-04	1.12e-05	2.54e-07	0.00e+00	0.00e+00
 5.11771e+22	4.08e-06	7.31e-03	3.62e-01	4.78e-01	1.44e-01	7.98e-03	1.33e-04	9.16e-06	1.98e-07	0.00e+00	0.00e+00
 5.15732e+22	5.07e-06	8.43e-03	3.88e-01	4.67e-01	1.29e-01	6.61e-03	1.06e-04	6.96e-06	1.41e-07	0.00e+00	0.00e+00
 5.19711e+22	5.97e-06	9.38e-03	4.09e-01	4.57e-01	1.18e-01	5.70e-03	8.80e-05	5.61e-06	0.00e+00	0.00e+00	0.00e+00
 5.23714e+22	7.33e-06	1.07e-02	4.36e-01	4.44e-01	1.05e-01	4.69e-03	6.94e-05	4.24e-06	0.00e+00	0.00e+00	0.00e+00
 5.27836e+22	8.63e-06	1.19e-02	4.58e-01	4.31e-01	9.48e-02	3.99e-03	5.71e-05	3.36e-06	0.00e+00	0.00e+00	0.00e+00
 5.31039e+22	9.77e-06	1.29e-02	4.75e-01	4.21e-01	8.77e-02	3.52e-03	4.92e-05	2.81e-06	0.00e+00	0.00e+00	0.00e+00
 5.34130e+22	1.14e-05	1.42e-02	4.95e-01	4.08e-01	7.94e-02	3.01e-03	4.08e-05	2.24e-06	0.00e+00	0.00e+00	0.00e+00
 5.37254e+22	1.28e-05	1.53e-02	5.11e-01	3.97e-01	7.32e-02	2.65e-03	3.51e-05	1.87e-06	0.00e+00	0.00e+00	0.00e+00
 5.40422e+22	1.48e-05	1.68e-02	5.32e-01	3.83e-01	6.58e-02	2.25e-03	2.89e-05	1.48e-06	0.00e+00	0.00e+00	0.00e+00
 5.43626e+22	1.68e-05	1.82e-02	5.49e-01	3.71e-01	6.01e-02	1.96e-03	2.46e-05	1.22e-06	0.00e+00	0.00e+00	0.00e+00
 5.46878e+22	1.95e-05	1.99e-02	5.69e-01	3.56e-01	5.36e-02	1.65e-03	2.01e-05	9.54e-07	0.00e+00	0.00e+00	0.00e+00
 5.50164e+22	2.20e-05	2.15e-02	5.85e-01	3.43e-01	4.87e-02	1.42e-03	1.69e-05	7.77e-07	0.00e+00	0.00e+00	0.00e+00
 5.53495e+22	2.55e-05	2.35e-02	6.05e-01	3.27e-01	4.31e-02	1.19e-03	1.37e-05	6.01e-07	0.00e+00	0.00e+00	0.00e+00
 5.56867e+22	2.88e-05	2.53e-02	6.21e-01	3.14e-01	3.88e-02	1.02e-03	1.15e-05	4.84e-07	0.00e+00	0.00e+00	0.00e+00
 5.60292e+22	3.33e-05	2.76e-02	6.40e-01	2.98e-01	3.41e-02	8.41e-04	9.22e-06	3.71e-07	0.00e+00	0.00e+00	0.00e+00
 5.63795e+22	3.78e-05	2.98e-02	6.56e-01	2.84e-01	3.04e-02	7.12e-04	7.61e-06	2.94e-07	0.00e+00	0.00e+00	0.00e+00
 5.66912e+22	4.25e-05	3.19e-02	6.70e-01	2.70e-01	2.72e-02	6.06e-04	6.33e-06	2.34e-07	0.00e+00	0.00e+00	0.00e+00
 5.70476e+22	4.91e-05	3.48e-02	6.87e-01	2.54e-01	2.36e-02	4.94e-04	5.01e-06	1.76e-07	0.00e+00	0.00e+00	0.00e+00
 5.74151e+22	5.57e-05	3.74e-02	7.01e-01	2.40e-01	2.07e-02	4.13e-04	4.08e-06	1.37e-07	0.00e+00	0.00e+00	0.00e+00
 5.77972e+22	6.55e-05	4.10e-02	7.19e-01	2.22e-01	1.76e-02	3.26e-04	3.12e-06	0.00e+00	0.00e+00	0.00e+00	0.00e+00
 5.81796e+22	7.38e-05	4.39e-02	7.31e-01	2.09e-01	1.54e-02	2.72e-04	2.54e-06	0.00e+00	0.00e+00	0.00e+00	0.00e+00
 5.85623e+22	8.60e-05	4.79e-02	7.45e-01	1.93e-01	1.30e-02	2.15e-04	1.94e-06	0.00e+00	0.00e+00	0.00e+00	0.00e+00
 5.89541e+22	9.73e-05	5.14e-02	7.56e-01	1.81e-01	1.13e-02	1.77e-04	1.56e-06	0.00e+00	0.00e+00	0.00e+00	0.00e+00
 5.93574e+22	1.13e-04	5.59e-02	7.69e-01	1.65e-01	9.41e-03	1.39e-04	1.18e-06	0.00e+00	0.00e+00	0.00e+00	0.00e+00
 5.97698e+22	1.29e-04	6.01e-02	7.78e-01	1.53e-01	8.05e-03	1.12e-04	9.25e-07	0.00e+00	0.00e+00	0.00e+00	0.00e+00
 6.01939e+22	1.52e-04	6.55e-02	7.89e-01	1.39e-01	6.59e-03	8.59e-05	6.82e-07	0.00e+00	0.00e+00	0.00e+00	0.00e+00
 6.06210e+22	1.72e-04	7.02e-02	7.96e-01	1.28e-01	5.61e-03	6.95e-05	5.35e-07	0.00e+00	0.00e+00	0.00e+00	0.00e+00
 6.10522e+22	2.02e-04	7.65e-02	8.04e-01	1.15e-01	4.54e-03	5.26e-05	3.89e-07	0.00e+00	0.00e+00	0.00e+00	0.00e+00
 6.14917e+22	2.29e-04	8.19e-02	8.09e-01	1.05e-01	3.83e-03	4.22e-05	3.01e-07	0.00e+00	0.00e+00	0.00e+00	0.00e+00
 6.19421e+22	2.70e-04	8.91e-02	8.14e-01	9.35e-02	3.06e-03	3.16e-05	2.16e-07	0.00e+00	0.00e+00	0.00e+00	0.00e+00
 6.24056e+22	3.09e-04	9.57e-02	8.17e-01	8.46e-02	2.54e-03	2.48e-05	1.63e-07	0.00e+00	0.00e+00	0.00e+00	0.00e+00
 6.28860e+22	3.69e-04	1.05e-01	8.19e-01	7.39e-02	1.98e-03	1.81e-05	0.00e+00	0.00e+00	0.00e+00	0.00e+00	0.00e+00
 6.33735e+22	4.23e-04	1.12e-01	8.19e-01	6.64e-02	1.62e-03	1.41e-05	0.00e+00	0.00e+00	0.00e+00	0.00e+00	0.00e+00
 6.38700e+22	5.06e-04	1.23e-01	8.18e-01	5.74e-02	1.25e-03	1.01e-05	0.00e+00	0.00e+00	0.00e+00	0.00e+00	0.00e+00
 6.43816e+22	5.85e-04	1.32e-01	8.15e-01	5.08e-02	1.00e-03	7.74e-06	0.00e+00	0.00e+00	0.00e+00	0.00e+00	0.00e+00
 6.49125e+22	7.09e-04	1.45e-01	8.10e-01	4.31e-02	7.52e-04	5.40e-06	0.00e+00	0.00e+00	0.00e+00	0.00e+00	0.00e+00
 6.54621e+22	8.31e-04	1.57e-01	8.04e-01	3.74e-02	5.92e-04	4.02e-06	0.00e+00	0.00e+00	0.00e+00	0.00e+00	0.00e+00
 6.60360e+22	1.02e-03	1.73e-01	7.94e-01	3.09e-02	4.29e-04	2.71e-06	0.00e+00	0.00e+00	0.00e+00	0.00e+00	0.00e+00
 6.66331e+22	1.22e-03	1.88e-01	7.84e-01	2.62e-02	3.27e-04	1.94e-06	0.00e+00	0.00e+00	0.00e+00	0.00e+00	0.00e+00
 6.72500e+22	1.52e-03	2.08e-01	7.69e-01	2.10e-02	2.30e-04	1.26e-06	0.00e+00	0.00e+00	0.00e+00	0.00e+00	0.00e+00
 6.77853e+22	1.73e-03	2.21e-01	7.58e-01	1.85e-02	1.89e-04	9.86e-07	0.00e+00	0.00e+00	0.00e+00	0.00e+00	0.00e+00
 6.82244e+22	2.03e-03	2.37e-01	7.45e-01	1.56e-02	1.46e-04	7.14e-07	0.00e+00	0.00e+00	0.00e+00	0.00e+00	0.00e+00
 6.86890e+22	2.36e-03	2.53e-01	7.31e-01	1.33e-02	1.15e-04	5.30e-07	0.00e+00	0.00e+00	0.00e+00	0.00e+00	0.00e+00
 6.91868e+22	2.85e-03	2.74e-01	7.12e-01	1.08e-02	8.47e-05	3.58e-07	0.00e+00	0.00e+00	0.00e+00	0.00e+00	0.00e+00
 6.96931e+22	3.34e-03	2.93e-01	6.95e-01	8.96e-03	6.56e-05	2.56e-07	0.00e+00	0.00e+00	0.00e+00	0.00e+00	0.00e+00
 7.02104e+22	4.07e-03	3.17e-01	6.72e-01	7.00e-03	4.69e-05	1.64e-07	0.00e+00	0.00e+00	0.00e+00	0.00e+00	0.00e+00
 7.07476e+22	4.85e-03	3.39e-01	6.50e-01	5.55e-03	3.48e-05	0.00e+00	0.00e+00	0.00e+00	0.00e+00	0.00e+00	0.00e+00
 7.11752e+22	5.57e-03	3.57e-01	6.33e-01	4.59e-03	2.75e-05	0.00e+00	0.00e+00	0.00e+00	0.00e+00	0.00e+00	0.00e+00
 7.15399e+22	6.36e-03	3.74e-01	6.16e-01	3.78e-03	2.17e-05	0.00e+00	0.00e+00	0.00e+00	0.00e+00	0.00e+00	0.00e+00
 7.19581e+22	7.50e-03	3.96e-01	5.94e-01	2.92e-03	1.60e-05	0.00e+00	0.00e+00	0.00e+00	0.00e+00	0.00e+00	0.00e+00
 7.23974e+22	8.74e-03	4.16e-01	5.73e-01	2.25e-03	1.19e-05	0.00e+00	0.00e+00	0.00e+00	0.00e+00	0.00e+00	0.00e+00
 7.27842e+22	1.00e-02	4.33e-01	5.55e-01	1.74e-03	9.04e-06	0.00e+00	0.00e+00	0.00e+00	0.00e+00	0.00e+00	0.00e+00
 7.31413e+22	1.15e-02	4.50e-01	5.38e-01	1.34e-03	6.85e-06	0.00e+00	0.00e+00	0.00e+00	0.00e+00	0.00e+00	0.00e+00
 7.34751e+22	1.29e-02	4.63e-01	5.23e-01	1.03e-03	5.24e-06	0.00e+00	0.00e+00	0.00e+00	0.00e+00	0.00e+00	0.00e+00
 7.37853e+22	1.45e-02	4.75e-01	5.09e-01	7.91e-04	4.01e-06	0.00e+00	0.00e+00	0.00e+00	0.00e+00	0.00e+00	0.00e+00
 7.40705e+22	1.61e-02	4.85e-01	4.98e-01	6.08e-04	3.10e-06	0.00e+00	0.00e+00	0.00e+00	0.00e+00	0.00e+00	0.00e+00
 7.43277e+22	1.77e-02	4.93e-01	4.89e-01	4.74e-04	2.44e-06	0.00e+00	0.00e+00	0.00e+00	0.00e+00	0.00e+00	0.00e+00
 7.45608e+22	1.93e-02	4.98e-01	4.82e-01	3.73e-04	1.94e-06	0.00e+00	0.00e+00	0.00e+00	0.00e+00	0.00e+00	0.00e+00
 7.47733e+22	2.09e-02	5.02e-01	4.77e-01	2.98e-04	1.57e-06	0.00e+00	0.00e+00	0.00e+00	0.00e+00	0.00e+00	0.00e+00
 7.49066e+22	2.16e-02	5.01e-01	4.77e-01	2.64e-04	1.41e-06	0.00e+00	0.00e+00	0.00e+00	0.00e+00	0.00e+00	0.00e+00
 7.49562e+22	2.19e-02	5.01e-01	4.77e-01	2.52e-04	1.35e-06	0.00e+00	0.00e+00	0.00e+00	0.00e+00	0.00e+00	0.00e+00
 7.49962e+22	2.23e-02	5.01e-01	4.76e-01	2.41e-04	1.29e-06	0.00e+00	0.00e+00	0.00e+00	0.00e+00	0.00e+00	0.00e+00
 7.50482e+22	2.27e-02	5.02e-01	4.75e-01	2.27e-04	1.23e-06	0.00e+00	0.00e+00	0.00e+00	0.00e+00	0.00e+00	0.00e+00
 7.51101e+22	2.33e-02	5.03e-01	4.74e-01	2.12e-04	1.15e-06	0.00e+00	0.00e+00	0.00e+00	0.00e+00	0.00e+00	0.00e+00
 7.51724e+22	2.39e-02	5.03e-01	4.73e-01	1.99e-04	1.08e-06	0.00e+00	0.00e+00	0.00e+00	0.00e+00	0.00e+00	0.00e+00
 7.52299e+22	2.43e-02	5.02e-01	4.73e-01	1.88e-04	1.03e-06	0.00e+00	0.00e+00	0.00e+00	0.00e+00	0.00e+00	0.00e+00
 7.52886e+22	2.49e-02	5.03e-01	4.72e-01	1.76e-04	9.72e-07	0.00e+00	0.00e+00	0.00e+00	0.00e+00	0.00e+00	0.00e+00
 7.53501e+22	2.55e-02	5.02e-01	4.72e-01	1.65e-04	9.17e-07	0.00e+00	0.00e+00	0.00e+00	0.00e+00	0.00e+00	0.00e+00
 7.54105e+22	2.60e-02	5.02e-01	4.72e-01	1.56e-04	8.68e-07	0.00e+00	0.00e+00	0.00e+00	0.00e+00	0.00e+00	0.00e+00
 7.54713e+22	2.66e-02	5.01e-01	4.72e-01	1.47e-04	8.23e-07	0.00e+00	0.00e+00	0.00e+00	0.00e+00	0.00e+00	0.00e+00
 7.55345e+22	2.72e-02	5.01e-01	4.72e-01	1.38e-04	7.79e-07	0.00e+00	0.00e+00	0.00e+00	0.00e+00	0.00e+00	0.00e+00
 7.55997e+22	2.78e-02	4.99e-01	4.73e-01	1.30e-04	7.38e-07	0.00e+00	0.00e+00	0.00e+00	0.00e+00	0.00e+00	0.00e+00
 7.56671e+22	2.85e-02	4.99e-01	4.73e-01	1.22e-04	6.98e-07	0.00e+00	0.00e+00	0.00e+00	0.00e+00	0.00e+00	0.00e+00
 7.57353e+22	2.91e-02	4.97e-01	4.74e-01	1.15e-04	6.62e-07	0.00e+00	0.00e+00	0.00e+00	0.00e+00	0.00e+00	0.00e+00
 7.58047e+22	2.97e-02	4.96e-01	4.75e-01	1.08e-04	6.28e-07	0.00e+00	0.00e+00	0.00e+00	0.00e+00	0.00e+00	0.00e+00
 7.58779e+22	3.04e-02	4.94e-01	4.76e-01	1.01e-04	5.95e-07	0.00e+00	0.00e+00	0.00e+00	0.00e+00	0.00e+00	0.00e+00
 7.59531e+22	3.11e-02	4.92e-01	4.77e-01	9.56e-05	5.66e-07	0.00e+00	0.00e+00	0.00e+00	0.00e+00	0.00e+00	0.00e+00
 7.60125e+22	3.15e-02	4.90e-01	4.79e-01	9.19e-05	5.47e-07	0.00e+00	0.00e+00	0.00e+00	0.00e+00	0.00e+00	0.00e+00
 7.60513e+22	3.18e-02	4.89e-01	4.79e-01	8.94e-05	5.35e-07	0.00e+00	0.00e+00	0.00e+00	0.00e+00	0.00e+00	0.00e+00
 7.60879e+22	3.21e-02	4.88e-01	4.80e-01	8.71e-05	5.23e-07	0.00e+00	0.00e+00	0.00e+00	0.00e+00	0.00e+00	0.00e+00
 7.61318e+22	3.26e-02	4.87e-01	4.81e-01	8.43e-05	5.09e-07	0.00e+00	0.00e+00	0.00e+00	0.00e+00	0.00e+00	0.00e+00
 7.61805e+22	3.31e-02	4.86e-01	4.81e-01	8.14e-05	4.95e-07	0.00e+00	0.00e+00	0.00e+00	0.00e+00	0.00e+00	0.00e+00
 7.62274e+22	3.34e-02	4.84e-01	4.82e-01	7.90e-05	4.83e-07	0.00e+00	0.00e+00	0.00e+00	0.00e+00	0.00e+00	0.00e+00
 7.62730e+22	3.39e-02	4.83e-01	4.83e-01	7.67e-05	4.72e-07	0.00e+00	0.00e+00	0.00e+00	0.00e+00	0.00e+00	0.00e+00
 7.63199e+22	3.44e-02	4.82e-01	4.83e-01	7.44e-05	4.60e-07	0.00e+00	0.00e+00	0.00e+00	0.00e+00	0.00e+00	0.00e+00
 7.63674e+22	3.49e-02	4.81e-01	4.84e-01	7.22e-05	4.49e-07	0.00e+00	0.00e+00	0.00e+00	0.00e+00	0.00e+00	0.00e+00
 7.64156e+22	3.54e-02	4.81e-01	4.84e-01	7.01e-05	4.39e-07	0.00e+00	0.00e+00	0.00e+00	0.00e+00	0.00e+00	0.00e+00
 7.64637e+22	3.59e-02	4.80e-01	4.84e-01	6.82e-05	4.29e-07	0.00e+00	0.00e+00	0.00e+00	0.00e+00	0.00e+00	0.00e+00
 7.65133e+22	3.65e-02	4.79e-01	4.84e-01	6.62e-05	4.19e-07	0.00e+00	0.00e+00	0.00e+00	0.00e+00	0.00e+00	0.00e+00
 7.65650e+22	3.71e-02	4.79e-01	4.84e-01	6.43e-05	4.10e-07	0.00e+00	0.00e+00	0.00e+00	0.00e+00	0.00e+00	0.00e+00
 7.66166e+22	3.77e-02	4.78e-01	4.84e-01	6.25e-05	4.01e-07	0.00e+00	0.00e+00	0.00e+00	0.00e+00	0.00e+00	0.00e+00
 7.66688e+22	3.83e-02	4.78e-01	4.84e-01	6.07e-05	3.92e-07	0.00e+00	0.00e+00	0.00e+00	0.00e+00	0.00e+00	0.00e+00
 7.67229e+22	3.90e-02	4.78e-01	4.83e-01	5.90e-05	3.84e-07	0.00e+00	0.00e+00	0.00e+00	0.00e+00	0.00e+00	0.00e+00
 7.67789e+22	3.98e-02	4.78e-01	4.82e-01	5.73e-05	3.75e-07	0.00e+00	0.00e+00	0.00e+00	0.00e+00	0.00e+00	0.00e+00
 7.68357e+22	4.06e-02	4.78e-01	4.82e-01	5.57e-05	3.67e-07	0.00e+00	0.00e+00	0.00e+00	0.00e+00	0.00e+00	0.00e+00
 7.68933e+22	4.14e-02	4.78e-01	4.81e-01	5.41e-05	3.59e-07	0.00e+00	0.00e+00	0.00e+00	0.00e+00	0.00e+00	0.00e+00
 7.69531e+22	4.23e-02	4.78e-01	4.79e-01	5.25e-05	3.51e-07	0.00e+00	0.00e+00	0.00e+00	0.00e+00	0.00e+00	0.00e+00
 7.70148e+22	4.33e-02	4.79e-01	4.78e-01	5.09e-05	3.43e-07	0.00e+00	0.00e+00	0.00e+00	0.00e+00	0.00e+00	0.00e+00
 7.70778e+22	4.44e-02	4.79e-01	4.76e-01	4.94e-05	3.36e-07	0.00e+00	0.00e+00	0.00e+00	0.00e+00	0.00e+00	0.00e+00
 7.71421e+22	4.55e-02	4.80e-01	4.74e-01	4.79e-05	3.28e-07	0.00e+00	0.00e+00	0.00e+00	0.00e+00	0.00e+00	0.00e+00
 7.72084e+22	4.67e-02	4.81e-01	4.72e-01	4.64e-05	3.21e-07	0.00e+00	0.00e+00	0.00e+00	0.00e+00	0.00e+00	0.00e+00
 7.72770e+22	4.79e-02	4.83e-01	4.69e-01	4.50e-05	3.13e-07	0.00e+00	0.00e+00	0.00e+00	0.00e+00	0.00e+00	0.00e+00
 7.73475e+22	4.93e-02	4.84e-01	4.66e-01	4.35e-05	3.06e-07	0.00e+00	0.00e+00	0.00e+00	0.00e+00	0.00e+00	0.00e+00
 7.74196e+22	5.08e-02	4.86e-01	4.63e-01	4.21e-05	2.98e-07	0.00e+00	0.00e+00	0.00e+00	0.00e+00	0.00e+00	0.00e+00
 7.74937e+22	5.23e-02	4.88e-01	4.60e-01	4.07e-05	2.91e-07	0.00e+00	0.00e+00	0.00e+00	0.00e+00	0.00e+00	0.00e+00
 7.75703e+22	5.40e-02	4.90e-01	4.56e-01	3.94e-05	2.84e-07	0.00e+00	0.00e+00	0.00e+00	0.00e+00	0.00e+00	0.00e+00
 7.76491e+22	5.57e-02	4.92e-01	4.52e-01	3.80e-05	2.77e-07	0.00e+00	0.00e+00	0.00e+00	0.00e+00	0.00e+00	0.00e+00
 7.77287e+22	5.75e-02	4.94e-01	4.48e-01	3.67e-05	2.70e-07	0.00e+00	0.00e+00	0.00e+00	0.00e+00	0.00e+00	0.00e+00
 7.78089e+22	5.96e-02	4.97e-01	4.44e-01	3.54e-05	2.63e-07	0.00e+00	0.00e+00	0.00e+00	0.00e+00	0.00e+00	0.00e+00
 7.78918e+22	6.17e-02	5.00e-01	4.39e-01	3.42e-05	2.55e-07	0.00e+00	0.00e+00	0.00e+00	0.00e+00	0.00e+00	0.00e+00
 7.79766e+22	6.40e-02	5.02e-01	4.34e-01	3.30e-05	2.49e-07	0.00e+00	0.00e+00	0.00e+00	0.00e+00	0.00e+00	0.00e+00
 7.80614e+22	6.63e-02	5.05e-01	4.28e-01	3.18e-05	2.42e-07	0.00e+00	0.00e+00	0.00e+00	0.00e+00	0.00e+00	0.00e+00
 7.81471e+22	6.88e-02	5.08e-01	4.23e-01	3.07e-05	2.35e-07	0.00e+00	0.00e+00	0.00e+00	0.00e+00	0.00e+00	0.00e+00
 7.82349e+22	7.13e-02	5.11e-01	4.17e-01	2.96e-05	2.28e-07	0.00e+00	0.00e+00	0.00e+00	0.00e+00	0.00e+00	0.00e+00
 7.83240e+22	7.41e-02	5.15e-01	4.11e-01	2.85e-05	2.22e-07	0.00e+00	0.00e+00	0.00e+00	0.00e+00	0.00e+00	0.00e+00
 7.84140e+22	7.68e-02	5.18e-01	4.05e-01	2.74e-05	2.15e-07	0.00e+00	0.00e+00	0.00e+00	0.00e+00	0.00e+00	0.00e+00
 7.85067e+22	8.00e-02	5.21e-01	3.99e-01	2.64e-05	2.08e-07	0.00e+00	0.00e+00	0.00e+00	0.00e+00	0.00e+00	0.00e+00
 7.86020e+22	8.33e-02	5.25e-01	3.92e-01	2.53e-05	2.01e-07	0.00e+00	0.00e+00	0.00e+00	0.00e+00	0.00e+00	0.00e+00
 7.86984e+22	8.68e-02	5.28e-01	3.85e-01	2.43e-05	1.95e-07	0.00e+00	0.00e+00	0.00e+00	0.00e+00	0.00e+00	0.00e+00
 7.87960e+22	9.06e-02	5.32e-01	3.77e-01	2.33e-05	1.88e-07	0.00e+00	0.00e+00	0.00e+00	0.00e+00	0.00e+00	0.00e+00
 7.88967e+22	9.47e-02	5.36e-01	3.70e-01	2.24e-05	1.81e-07	0.00e+00	0.00e+00	0.00e+00	0.00e+00	0.00e+00	0.00e+00
 7.90000e+22	9.91e-02	5.39e-01	3.62e-01	2.14e-05	1.74e-07	0.00e+00	0.00e+00	0.00e+00	0.00e+00	0.00e+00	0.00e+00
 7.91010e+22	1.03e-01	5.43e-01	3.54e-01	2.05e-05	1.67e-07	0.00e+00	0.00e+00	0.00e+00	0.00e+00	0.00e+00	0.00e+00
 7.91958e+22	1.08e-01	5.46e-01	3.46e-01	1.94e-05	1.61e-07	0.00e+00	0.00e+00	0.00e+00	0.00e+00	0.00e+00	0.00e+00
 7.92831e+22	1.12e-01	5.49e-01	3.39e-01	1.85e-05	1.55e-07	0.00e+00	0.00e+00	0.00e+00	0.00e+00	0.00e+00	0.00e+00
 7.93644e+22	1.17e-01	5.51e-01	3.32e-01	1.76e-05	1.49e-07	0.00e+00	0.00e+00	0.00e+00	0.00e+00	0.00e+00	0.00e+00
 7.94396e+22	1.21e-01	5.54e-01	3.25e-01	1.69e-05	1.44e-07	0.00e+00	0.00e+00	0.00e+00	0.00e+00	0.00e+00	0.00e+00
 7.95125e+22	1.26e-01	5.56e-01	3.18e-01	1.61e-05	1.39e-07	0.00e+00	0.00e+00	0.00e+00	0.00e+00	0.00e+00	0.00e+00
 7.95858e+22	1.30e-01	5.58e-01	3.12e-01	1.54e-05	1.35e-07	0.00e+00	0.00e+00	0.00e+00	0.00e+00	0.00e+00	0.00e+00
 7.96577e+22	1.35e-01	5.60e-01	3.05e-01	1.47e-05	1.30e-07	0.00e+00	0.00e+00	0.00e+00	0.00e+00	0.00e+00	0.00e+00
 7.97250e+22	1.39e-01	5.62e-01	2.99e-01	1.41e-05	1.25e-07	0.00e+00	0.00e+00	0.00e+00	0.00e+00	0.00e+00	0.00e+00
 7.97877e+22	1.44e-01	5.63e-01	2.93e-01	1.36e-05	0.00e+00	0.00e+00	0.00e+00	0.00e+00	0.00e+00	0.00e+00	0.00e+00
 7.98507e+22	1.48e-01	5.65e-01	2.87e-01	1.30e-05	0.00e+00	0.00e+00	0.00e+00	0.00e+00	0.00e+00	0.00e+00	0.00e+00
 7.99115e+22	1.53e-01	5.66e-01	2.81e-01	1.25e-05	0.00e+00	0.00e+00	0.00e+00	0.00e+00	0.00e+00	0.00e+00	0.00e+00
 7.99689e+22	1.58e-01	5.67e-01	2.75e-01	1.20e-05	0.00e+00	0.00e+00	0.00e+00	0.00e+00	0.00e+00	0.00e+00	0.00e+00
 8.00259e+22	1.63e-01	5.68e-01	2.69e-01	1.15e-05	0.00e+00	0.00e+00	0.00e+00	0.00e+00	0.00e+00	0.00e+00	0.00e+00
 8.00805e+22	1.67e-01	5.69e-01	2.64e-01	1.11e-05	0.00e+00	0.00e+00	0.00e+00	0.00e+00	0.00e+00	0.00e+00	0.00e+00
 8.01320e+22	1.72e-01	5.70e-01	2.58e-01	1.07e-05	0.00e+00	0.00e+00	0.00e+00	0.00e+00	0.00e+00	0.00e+00	0.00e+00
 8.01823e+22	1.77e-01	5.70e-01	2.53e-01	1.03e-05	0.00e+00	0.00e+00	0.00e+00	0.00e+00	0.00e+00	0.00e+00	0.00e+00
 8.02313e+22	1.82e-01	5.71e-01	2.47e-01	9.93e-06	0.00e+00	0.00e+00	0.00e+00	0.00e+00	0.00e+00	0.00e+00	0.00e+00
 8.02775e+22	1.86e-01	5.71e-01	2.42e-01	9.59e-06	0.00e+00	0.00e+00	0.00e+00	0.00e+00	0.00e+00	0.00e+00	0.00e+00
 8.03195e+22	1.91e-01	5.71e-01	2.38e-01	9.28e-06	0.00e+00	0.00e+00	0.00e+00	0.00e+00	0.00e+00	0.00e+00	0.00e+00
 8.03577e+22	1.95e-01	5.71e-01	2.33e-01	9.00e-06	0.00e+00	0.00e+00	0.00e+00	0.00e+00	0.00e+00	0.00e+00	0.00e+00
 8.03925e+22	1.99e-01	5.71e-01	2.29e-01	8.75e-06	0.00e+00	0.00e+00	0.00e+00	0.00e+00	0.00e+00	0.00e+00	0.00e+00
 8.04241e+22	2.03e-01	5.71e-01	2.25e-01	8.52e-06	0.00e+00	0.00e+00	0.00e+00	0.00e+00	0.00e+00	0.00e+00	0.00e+00
 8.04529e+22	2.07e-01	5.71e-01	2.22e-01	8.32e-06	0.00e+00	0.00e+00	0.00e+00	0.00e+00	0.00e+00	0.00e+00	0.00e+00
 8.04791e+22	2.10e-01	5.71e-01	2.19e-01	8.14e-06	0.00e+00	0.00e+00	0.00e+00	0.00e+00	0.00e+00	0.00e+00	0.00e+00
 8.05078e+22	2.14e-01	5.71e-01	2.15e-01	7.92e-06	0.00e+00	0.00e+00	0.00e+00	0.00e+00	0.00e+00	0.00e+00	0.00e+00
 8.05388e+22	2.18e-01	5.70e-01	2.11e-01	7.71e-06	0.00e+00	0.00e+00	0.00e+00	0.00e+00	0.00e+00	0.00e+00	0.00e+00
 8.05670e+22	2.22e-01	5.70e-01	2.08e-01	7.53e-06	0.00e+00	0.00e+00	0.00e+00	0.00e+00	0.00e+00	0.00e+00	0.00e+00
 8.05927e+22	2.26e-01	5.70e-01	2.05e-01	7.36e-06	0.00e+00	0.00e+00	0.00e+00	0.00e+00	0.00e+00	0.00e+00	0.00e+00
 8.06161e+22	2.28e-01	5.69e-01	2.03e-01	7.23e-06	0.00e+00	0.00e+00	0.00e+00	0.00e+00	0.00e+00	0.00e+00	0.00e+00
 8.06417e+22	2.32e-01	5.69e-01	1.99e-01	7.05e-06	0.00e+00	0.00e+00	0.00e+00	0.00e+00	0.00e+00	0.00e+00	0.00e+00
 8.06750e+22	2.37e-01	5.68e-01	1.95e-01	6.82e-06	0.00e+00	0.00e+00	0.00e+00	0.00e+00	0.00e+00	0.00e+00	0.00e+00
 8.07109e+22	2.42e-01	5.67e-01	1.91e-01	6.62e-06	0.00e+00	0.00e+00	0.00e+00	0.00e+00	0.00e+00	0.00e+00	0.00e+00
 8.07436e+22	2.46e-01	5.66e-01	1.87e-01	6.43e-06	0.00e+00	0.00e+00	0.00e+00	0.00e+00	0.00e+00	0.00e+00	0.00e+00
 8.07733e+22	2.50e-01	5.66e-01	1.85e-01	6.28e-06	0.00e+00	0.00e+00	0.00e+00	0.00e+00	0.00e+00	0.00e+00	0.00e+00
 8.08059e+22	2.54e-01	5.65e-01	1.81e-01	6.09e-06	0.00e+00	0.00e+00	0.00e+00	0.00e+00	0.00e+00	0.00e+00	0.00e+00
 8.08411e+22	2.59e-01	5.64e-01	1.78e-01	5.92e-06	0.00e+00	0.00e+00	0.00e+00	0.00e+00	0.00e+00	0.00e+00	0.00e+00
 8.08732e+22	2.63e-01	5.63e-01	1.75e-01	5.76e-06	0.00e+00	0.00e+00	0.00e+00	0.00e+00	0.00e+00	0.00e+00	0.00e+00
 8.09023e+22	2.67e-01	5.62e-01	1.72e-01	5.62e-06	0.00e+00	0.00e+00	0.00e+00	0.00e+00	0.00e+00	0.00e+00	0.00e+00
 8.09288e+22	2.69e-01	5.61e-01	1.70e-01	5.51e-06	0.00e+00	0.00e+00	0.00e+00	0.00e+00	0.00e+00	0.00e+00	0.00e+00
 8.09579e+22	2.74e-01	5.60e-01	1.66e-01	5.35e-06	0.00e+00	0.00e+00	0.00e+00	0.00e+00	0.00e+00	0.00e+00	0.00e+00
 8.09957e+22	2.80e-01	5.58e-01	1.62e-01	5.16e-06	0.00e+00	0.00e+00	0.00e+00	0.00e+00	0.00e+00	0.00e+00	0.00e+00
 8.10365e+22	2.85e-01	5.56e-01	1.59e-01	4.99e-06	0.00e+00	0.00e+00	0.00e+00	0.00e+00	0.00e+00	0.00e+00	0.00e+00
 8.10736e+22	2.89e-01	5.55e-01	1.56e-01	4.84e-06	0.00e+00	0.00e+00	0.00e+00	0.00e+00	0.00e+00	0.00e+00	0.00e+00
 8.11074e+22	2.94e-01	5.53e-01	1.53e-01	4.71e-06	0.00e+00	0.00e+00	0.00e+00	0.00e+00	0.00e+00	0.00e+00	0.00e+00
 8.11381e+22	2.98e-01	5.52e-01	1.50e-01	4.58e-06	0.00e+00	0.00e+00	0.00e+00	0.00e+00	0.00e+00	0.00e+00	0.00e+00
 8.11661e+22	3.02e-01	5.50e-01	1.48e-01	4.47e-06	0.00e+00	0.00e+00	0.00e+00	0.00e+00	0.00e+00	0.00e+00	0.00e+00
 8.11967e+22	3.07e-01	5.48e-01	1.44e-01	4.33e-06	0.00e+00	0.00e+00	0.00e+00	0.00e+00	0.00e+00	0.00e+00	0.00e+00
 8.12298e+22	3.12e-01	5.47e-01	1.41e-01	4.20e-06	0.00e+00	0.00e+00	0.00e+00	0.00e+00	0.00e+00	0.00e+00	0.00e+00
 8.12599e+22	3.16e-01	5.45e-01	1.39e-01	4.09e-06	0.00e+00	0.00e+00	0.00e+00	0.00e+00	0.00e+00	0.00e+00	0.00e+00
 8.12873e+22	3.21e-01	5.43e-01	1.36e-01	3.98e-06	0.00e+00	0.00e+00	0.00e+00	0.00e+00	0.00e+00	0.00e+00	0.00e+00
 8.13123e+22	3.24e-01	5.42e-01	1.34e-01	3.90e-06	0.00e+00	0.00e+00	0.00e+00	0.00e+00	0.00e+00	0.00e+00	0.00e+00
 8.13396e+22	3.29e-01	5.40e-01	1.31e-01	3.79e-06	0.00e+00	0.00e+00	0.00e+00	0.00e+00	0.00e+00	0.00e+00	0.00e+00
 8.13751e+22	3.35e-01	5.37e-01	1.28e-01	3.66e-06	0.00e+00	0.00e+00	0.00e+00	0.00e+00	0.00e+00	0.00e+00	0.00e+00
 8.14135e+22	3.41e-01	5.34e-01	1.25e-01	3.53e-06	0.00e+00	0.00e+00	0.00e+00	0.00e+00	0.00e+00	0.00e+00	0.00e+00
 8.14484e+22	3.45e-01	5.32e-01	1.22e-01	3.42e-06	0.00e+00	0.00e+00	0.00e+00	0.00e+00	0.00e+00	0.00e+00	0.00e+00
 8.14801e+22	3.50e-01	5.30e-01	1.20e-01	3.33e-06	0.00e+00	0.00e+00	0.00e+00	0.00e+00	0.00e+00	0.00e+00	0.00e+00
 8.15090e+22	3.54e-01	5.28e-01	1.18e-01	3.24e-06	0.00e+00	0.00e+00	0.00e+00	0.00e+00	0.00e+00	0.00e+00	0.00e+00
 8.15353e+22	3.58e-01	5.26e-01	1.16e-01	3.16e-06	0.00e+00	0.00e+00	0.00e+00	0.00e+00	0.00e+00	0.00e+00	0.00e+00
 8.15641e+22	3.64e-01	5.23e-01	1.13e-01	3.06e-06	0.00e+00	0.00e+00	0.00e+00	0.00e+00	0.00e+00	0.00e+00	0.00e+00
 8.15952e+22	3.68e-01	5.21e-01	1.11e-01	2.98e-06	0.00e+00	0.00e+00	0.00e+00	0.00e+00	0.00e+00	0.00e+00	0.00e+00
 8.16235e+22	3.72e-01	5.19e-01	1.09e-01	2.90e-06	0.00e+00	0.00e+00	0.00e+00	0.00e+00	0.00e+00	0.00e+00	0.00e+00
 8.16546e+22	3.78e-01	5.16e-01	1.06e-01	2.81e-06	0.00e+00	0.00e+00	0.00e+00	0.00e+00	0.00e+00	0.00e+00	0.00e+00
 8.16881e+22	3.83e-01	5.13e-01	1.04e-01	2.73e-06	0.00e+00	0.00e+00	0.00e+00	0.00e+00	0.00e+00	0.00e+00	0.00e+00
 8.17185e+22	3.87e-01	5.11e-01	1.02e-01	2.65e-06	0.00e+00	0.00e+00	0.00e+00	0.00e+00	0.00e+00	0.00e+00	0.00e+00
 8.17463e+22	3.92e-01	5.09e-01	1.00e-01	2.58e-06	0.00e+00	0.00e+00	0.00e+00	0.00e+00	0.00e+00	0.00e+00	0.00e+00
 8.17715e+22	3.94e-01	5.07e-01	9.89e-02	2.54e-06	0.00e+00	0.00e+00	0.00e+00	0.00e+00	0.00e+00	0.00e+00	0.00e+00
 8.17992e+22	3.99e-01	5.05e-01	9.69e-02	2.47e-06	0.00e+00	0.00e+00	0.00e+00	0.00e+00	0.00e+00	0.00e+00	0.00e+00
 8.18351e+22	4.04e-01	5.02e-01	9.46e-02	2.38e-06	0.00e+00	0.00e+00	0.00e+00	0.00e+00	0.00e+00	0.00e+00	0.00e+00
 8.18739e+22	4.08e-01	4.99e-01	9.27e-02	2.31e-06	0.00e+00	0.00e+00	0.00e+00	0.00e+00	0.00e+00	0.00e+00	0.00e+00
 8.19092e+22	4.13e-01	4.96e-01	9.06e-02	2.24e-06	0.00e+00	0.00e+00	0.00e+00	0.00e+00	0.00e+00	0.00e+00	0.00e+00
 8.19414e+22	4.16e-01	4.94e-01	8.94e-02	2.19e-06	0.00e+00	0.00e+00	0.00e+00	0.00e+00	0.00e+00	0.00e+00	0.00e+00
 8.19766e+22	4.22e-01	4.91e-01	8.71e-02	2.11e-06	0.00e+00	0.00e+00	0.00e+00	0.00e+00	0.00e+00	0.00e+00	0.00e+00
 8.20146e+22	4.27e-01	4.88e-01	8.54e-02	2.05e-06	0.00e+00	0.00e+00	0.00e+00	0.00e+00	0.00e+00	0.00e+00	0.00e+00
 8.20492e+22	4.31e-01	4.85e-01	8.36e-02	1.99e-06	0.00e+00	0.00e+00	0.00e+00	0.00e+00	0.00e+00	0.00e+00	0.00e+00
 8.20872e+22	4.37e-01	4.82e-01	8.15e-02	1.92e-06	0.00e+00	0.00e+00	0.00e+00	0.00e+00	0.00e+00	0.00e+00	0.00e+00
 8.21281e+22	4.42e-01	4.79e-01	7.96e-02	1.86e-06	0.00e+00	0.00e+00	0.00e+00	0.00e+00	0.00e+00	0.00e+00	0.00e+00
 8.21653e+22	4.47e-01	4.75e-01	7.77e-02	1.80e-06	0.00e+00	0.00e+00	0.00e+00	0.00e+00	0.00e+00	0.00e+00	0.00e+00
 8.21992e+22	4.50e-01	4.73e-01	7.65e-02	1.76e-06	0.00e+00	0.00e+00	0.00e+00	0.00e+00	0.00e+00	0.00e+00	0.00e+00
 8.22364e+22	4.56e-01	4.69e-01	7.45e-02	1.69e-06	0.00e+00	0.00e+00	0.00e+00	0.00e+00	0.00e+00	0.00e+00	0.00e+00
 8.22765e+22	4.61e-01	4.66e-01	7.29e-02	1.64e-06	0.00e+00	0.00e+00	0.00e+00	0.00e+00	0.00e+00	0.00e+00	0.00e+00
 8.23130e+22	4.66e-01	4.63e-01	7.11e-02	1.59e-06	0.00e+00	0.00e+00	0.00e+00	0.00e+00	0.00e+00	0.00e+00	0.00e+00
 8.23462e+22	4.69e-01	4.61e-01	7.01e-02	1.55e-06	0.00e+00	0.00e+00	0.00e+00	0.00e+00	0.00e+00	0.00e+00	0.00e+00
 8.23826e+22	4.74e-01	4.57e-01	6.83e-02	1.50e-06	0.00e+00	0.00e+00	0.00e+00	0.00e+00	0.00e+00	0.00e+00	0.00e+00
 8.24218e+22	4.79e-01	4.54e-01	6.69e-02	1.45e-06	0.00e+00	0.00e+00	0.00e+00	0.00e+00	0.00e+00	0.00e+00	0.00e+00
 8.24576e+22	4.82e-01	4.52e-01	6.58e-02	1.42e-06	0.00e+00	0.00e+00	0.00e+00	0.00e+00	0.00e+00	0.00e+00	0.00e+00
 8.24968e+22	4.88e-01	4.48e-01	6.39e-02	1.36e-06	0.00e+00	0.00e+00	0.00e+00	0.00e+00	0.00e+00	0.00e+00	0.00e+00
 8.25391e+22	4.93e-01	4.45e-01	6.25e-02	1.32e-06	0.00e+00	0.00e+00	0.00e+00	0.00e+00	0.00e+00	0.00e+00	0.00e+00
 8.25775e+22	4.98e-01	4.41e-01	6.10e-02	1.28e-06	0.00e+00	0.00e+00	0.00e+00	0.00e+00	0.00e+00	0.00e+00	0.00e+00
 8.26126e+22	5.01e-01	4.39e-01	6.01e-02	1.25e-06	0.00e+00	0.00e+00	0.00e+00	0.00e+00	0.00e+00	0.00e+00	0.00e+00
 8.26509e+22	5.06e-01	4.35e-01	5.85e-02	1.20e-06	0.00e+00	0.00e+00	0.00e+00	0.00e+00	0.00e+00	0.00e+00	0.00e+00
 8.26924e+22	5.11e-01	4.32e-01	5.73e-02	1.17e-06	0.00e+00	0.00e+00	0.00e+00	0.00e+00	0.00e+00	0.00e+00	0.00e+00
