#depth	Si	Si+	Si+2	Si+3	Si+4	Si+5	Si+6	Si+7	Si+8	Si+9	Si+10	Si+11	Si+12	Si+13	Si+14
 1.54284e+22	1.79e-30	8.98e-18	1.28e-14	2.81e-12	1.95e-08	6.38e-06	4.56e-04	7.54e-03	4.97e-02	1.23e-01	1.32e-01	1.38e-01	4.03e-01	1.34e-01	1.38e-02
 3.43174e+22	1.70e-29	1.05e-16	1.02e-13	1.43e-11	9.11e-08	2.77e-05	1.73e-03	2.34e-02	1.14e-01	2.12e-01	1.67e-01	1.30e-01	2.81e-01	6.51e-02	4.71e-03
 3.95084e+22	6.02e-29	3.06e-16	2.56e-13	3.00e-11	1.74e-07	5.01e-05	2.92e-03	3.58e-02	1.53e-01	2.49e-01	1.71e-01	1.18e-01	2.23e-01	4.42e-02	2.73e-03
 4.21039e+22	1.11e-28	5.12e-16	4.00e-13	4.28e-11	2.36e-07	6.61e-05	3.72e-03	4.33e-02	1.73e-01	2.64e-01	1.70e-01	1.10e-01	1.97e-01	3.60e-02	2.06e-03
 4.33066e+22	1.41e-28	6.24e-16	4.75e-13	4.92e-11	2.65e-07	7.34e-05	4.07e-03	4.65e-02	1.81e-01	2.70e-01	1.69e-01	1.07e-01	1.87e-01	3.32e-02	1.84e-03
 4.40831e+22	1.90e-28	8.04e-16	5.91e-13	5.86e-11	3.06e-07	8.37e-05	4.55e-03	5.09e-02	1.92e-01	2.76e-01	1.68e-01	1.03e-01	1.74e-01	2.98e-02	1.59e-03
 4.49168e+22	2.48e-28	1.01e-15	7.17e-13	6.84e-11	3.48e-07	9.39e-05	5.03e-03	5.50e-02	2.01e-01	2.81e-01	1.66e-01	9.95e-02	1.63e-01	2.70e-02	1.39e-03
 4.58248e+22	3.46e-28	1.33e-15	9.12e-13	8.30e-11	4.08e-07	1.08e-04	5.68e-03	6.05e-02	2.13e-01	2.87e-01	1.63e-01	9.48e-02	1.50e-01	2.38e-02	1.18e-03
 4.67582e+22	4.63e-28	1.70e-15	1.13e-12	9.81e-11	4.68e-07	1.22e-04	6.31e-03	6.57e-02	2.24e-01	2.92e-01	1.60e-01	9.06e-02	1.39e-01	2.12e-02	1.01e-03
 4.75740e+22	6.02e-28	2.13e-15	1.36e-12	1.14e-10	5.28e-07	1.36e-04	6.93e-03	7.06e-02	2.33e-01	2.95e-01	1.57e-01	8.68e-02	1.30e-01	1.91e-02	8.76e-04
 4.84840e+22	8.44e-28	2.83e-15	1.74e-12	1.38e-10	6.15e-07	1.56e-04	7.79e-03	7.74e-02	2.45e-01	2.99e-01	1.53e-01	8.18e-02	1.18e-01	1.65e-02	7.26e-04
 4.94167e+22	1.11e-27	3.57e-15	2.12e-12	1.61e-10	6.96e-07	1.75e-04	8.55e-03	8.31e-02	2.55e-01	3.02e-01	1.50e-01	7.78e-02	1.09e-01	1.47e-02	6.23e-04
 5.02069e+22	1.40e-27	4.37e-15	2.52e-12	1.85e-10	7.76e-07	1.92e-04	9.28e-03	8.85e-02	2.63e-01	3.03e-01	1.46e-01	7.43e-02	1.01e-01	1.32e-02	5.43e-04
 5.10620e+22	1.92e-27	5.73e-15	3.15e-12	2.19e-10	8.85e-07	2.17e-04	1.03e-02	9.59e-02	2.75e-01	3.04e-01	1.41e-01	6.98e-02	9.17e-02	1.15e-02	4.49e-04
 5.19133e+22	2.42e-27	7.00e-15	3.73e-12	2.51e-10	9.81e-07	2.37e-04	1.11e-02	1.02e-01	2.83e-01	3.05e-01	1.37e-01	6.64e-02	8.51e-02	1.03e-02	3.90e-04
 5.27597e+22	3.27e-27	9.12e-15	4.64e-12	2.96e-10	1.11e-06	2.66e-04	1.23e-02	1.10e-01	2.93e-01	3.04e-01	1.32e-01	6.21e-02	7.67e-02	8.86e-03	3.21e-04
 5.36204e+22	4.15e-27	1.12e-14	5.53e-12	3.39e-10	1.23e-06	2.91e-04	1.32e-02	1.16e-01	3.01e-01	3.04e-01	1.28e-01	5.88e-02	7.06e-02	7.88e-03	2.76e-04
 5.44995e+22	5.66e-27	1.48e-14	6.93e-12	4.03e-10	1.40e-06	3.26e-04	1.46e-02	1.25e-01	3.11e-01	3.02e-01	1.22e-01	5.46e-02	6.30e-02	6.70e-03	2.24e-04
 5.53893e+22	7.19e-27	1.83e-14	8.28e-12	4.62e-10	1.55e-06	3.57e-04	1.58e-02	1.33e-01	3.19e-01	3.00e-01	1.18e-01	5.14e-02	5.76e-02	5.91e-03	1.90e-04
 5.62930e+22	9.82e-27	2.43e-14	1.04e-11	5.50e-10	1.76e-06	4.00e-04	1.74e-02	1.43e-01	3.28e-01	2.96e-01	1.12e-01	4.74e-02	5.10e-02	4.98e-03	1.52e-04
 5.72139e+22	1.26e-26	3.05e-14	1.26e-11	6.33e-10	1.94e-06	4.37e-04	1.88e-02	1.51e-01	3.35e-01	2.93e-01	1.07e-01	4.43e-02	4.62e-02	4.32e-03	1.27e-04
 5.81572e+22	1.73e-26	4.11e-14	1.60e-11	7.59e-10	2.21e-06	4.90e-04	2.07e-02	1.63e-01	3.44e-01	2.87e-01	1.00e-01	4.04e-02	4.04e-02	3.59e-03	1.00e-04
 5.91195e+22	2.24e-26	5.23e-14	1.94e-11	8.80e-10	2.45e-06	5.37e-04	2.23e-02	1.73e-01	3.50e-01	2.82e-01	9.51e-02	3.75e-02	3.61e-02	3.08e-03	8.24e-05
 6.01066e+22	3.11e-26	7.17e-14	2.50e-11	1.07e-09	2.80e-06	6.04e-04	2.47e-02	1.86e-01	3.58e-01	2.75e-01	8.84e-02	3.39e-02	3.12e-02	2.51e-03	6.35e-05
 6.11031e+22	4.03e-26	9.21e-14	3.06e-11	1.24e-09	3.11e-06	6.62e-04	2.66e-02	1.97e-01	3.63e-01	2.69e-01	8.32e-02	3.12e-02	2.77e-02	2.13e-03	5.16e-05
 6.19443e+22	5.09e-26	1.16e-13	3.68e-11	1.43e-09	3.43e-06	7.20e-04	2.86e-02	2.07e-01	3.67e-01	2.62e-01	7.85e-02	2.89e-02	2.47e-02	1.82e-03	4.24e-05
 6.28559e+22	6.82e-26	1.56e-13	4.66e-11	1.71e-09	3.88e-06	8.00e-04	3.12e-02	2.21e-01	3.72e-01	2.54e-01	7.26e-02	2.61e-02	2.14e-02	1.50e-03	3.30e-05
 6.37718e+22	8.62e-26	1.98e-13	5.64e-11	1.98e-09	4.29e-06	8.71e-04	3.34e-02	2.32e-01	3.75e-01	2.46e-01	6.80e-02	2.41e-02	1.90e-02	1.27e-03	2.69e-05
 6.46670e+22	1.14e-25	2.64e-13	7.10e-11	2.36e-09	4.85e-06	9.65e-04	3.63e-02	2.47e-01	3.77e-01	2.37e-01	6.27e-02	2.18e-02	1.64e-02	1.04e-03	2.10e-05
 6.55805e+22	1.44e-25	3.41e-13	8.70e-11	2.77e-09	5.42e-06	1.06e-03	3.90e-02	2.59e-01	3.79e-01	2.28e-01	5.83e-02	1.99e-02	1.44e-02	8.77e-04	1.69e-05
 6.64761e+22	1.87e-25	4.53e-13	1.09e-10	3.31e-09	6.13e-06	1.17e-03	4.21e-02	2.74e-01	3.80e-01	2.19e-01	5.35e-02	1.79e-02	1.24e-02	7.19e-04	1.32e-05
 6.73906e+22	2.38e-25	5.94e-13	1.36e-10	3.93e-09	6.91e-06	1.28e-03	4.54e-02	2.88e-01	3.79e-01	2.09e-01	4.92e-02	1.62e-02	1.08e-02	5.95e-04	1.04e-05
 6.82943e+22	3.06e-25	7.87e-13	1.70e-10	4.71e-09	7.85e-06	1.42e-03	4.89e-02	3.03e-01	3.78e-01	1.99e-01	4.49e-02	1.46e-02	9.29e-03	4.88e-04	8.11e-06
 6.92035e+22	3.91e-25	1.04e-12	2.13e-10	5.63e-09	8.91e-06	1.57e-03	5.27e-02	3.18e-01	3.76e-01	1.89e-01	4.10e-02	1.31e-02	8.01e-03	4.01e-04	6.35e-06
 7.01021e+22	4.98e-25	1.37e-12	2.67e-10	6.76e-09	1.02e-05	1.73e-03	5.67e-02	3.33e-01	3.73e-01	1.79e-01	3.73e-02	1.18e-02	6.88e-03	3.28e-04	4.95e-06
 7.09992e+22	6.34e-25	1.81e-12	3.35e-10	8.14e-09	1.16e-05	1.92e-03	6.09e-02	3.48e-01	3.69e-01	1.69e-01	3.39e-02	1.06e-02	5.91e-03	2.68e-04	3.86e-06
 7.18976e+22	8.08e-25	2.40e-12	4.20e-10	9.82e-09	1.33e-05	2.12e-03	6.55e-02	3.63e-01	3.64e-01	1.59e-01	3.07e-02	9.46e-03	5.05e-03	2.19e-04	3.00e-06
 7.27992e+22	1.03e-24	3.17e-12	5.28e-10	1.19e-08	1.52e-05	2.35e-03	7.03e-02	3.79e-01	3.59e-01	1.50e-01	2.77e-02	8.44e-03	4.31e-03	1.78e-04	2.33e-06
 7.37059e+22	1.31e-24	4.20e-12	6.66e-10	1.44e-08	1.75e-05	2.61e-03	7.54e-02	3.94e-01	3.52e-01	1.40e-01	2.49e-02	7.51e-03	3.67e-03	1.44e-04	1.80e-06
 7.46206e+22	1.68e-24	5.56e-12	8.40e-10	1.75e-08	2.02e-05	2.90e-03	8.09e-02	4.09e-01	3.45e-01	1.31e-01	2.23e-02	6.66e-03	3.11e-03	1.16e-04	1.38e-06
 7.55457e+22	2.15e-24	7.37e-12	1.06e-09	2.14e-08	2.34e-05	3.22e-03	8.67e-02	4.23e-01	3.36e-01	1.22e-01	2.00e-02	5.89e-03	2.63e-03	9.37e-05	1.06e-06
 7.64758e+22	2.76e-24	9.73e-12	1.34e-09	2.61e-08	2.71e-05	3.57e-03	9.28e-02	4.38e-01	3.28e-01	1.13e-01	1.78e-02	5.20e-03	2.22e-03	7.54e-05	8.13e-07
 7.74208e+22	3.58e-24	1.29e-11	1.70e-09	3.20e-08	3.15e-05	3.98e-03	9.94e-02	4.52e-01	3.18e-01	1.04e-01	1.58e-02	4.57e-03	1.86e-03	6.01e-05	6.17e-07
 7.83764e+22	4.63e-24	1.70e-11	2.15e-09	3.91e-08	3.65e-05	4.41e-03	1.06e-01	4.65e-01	3.08e-01	9.63e-02	1.40e-02	4.02e-03	1.56e-03	4.81e-05	4.70e-07
 7.93507e+22	6.30e-24	2.27e-11	2.74e-09	4.83e-08	4.27e-05	4.92e-03	1.14e-01	4.78e-01	2.98e-01	8.84e-02	1.24e-02	3.50e-03	1.30e-03	3.80e-05	3.53e-07
 8.03427e+22	8.25e-24	3.00e-11	3.47e-09	5.94e-08	4.96e-05	5.46e-03	1.21e-01	4.91e-01	2.87e-01	8.11e-02	1.09e-02	3.06e-03	1.08e-03	3.01e-05	2.67e-07
 8.12524e+22	1.04e-23	3.77e-11	4.23e-09	7.06e-08	5.64e-05	5.97e-03	1.28e-01	5.00e-01	2.77e-01	7.53e-02	9.79e-03	2.72e-03	9.28e-04	2.47e-05	2.10e-07
 8.22019e+22	1.39e-23	5.05e-11	5.43e-09	8.80e-08	6.63e-05	6.67e-03	1.36e-01	5.12e-01	2.65e-01	6.84e-02	8.53e-03	2.34e-03	7.61e-04	1.92e-05	1.55e-07
 8.31667e+22	1.77e-23	6.35e-11	6.62e-09	1.05e-07	7.54e-05	7.28e-03	1.44e-01	5.20e-01	2.56e-01	6.33e-02	7.63e-03	2.08e-03	6.49e-04	1.57e-05	1.21e-07
 8.41612e+22	2.42e-23	8.51e-11	8.54e-09	1.31e-07	8.90e-05	8.14e-03	1.53e-01	5.30e-01	2.43e-01	5.71e-02	6.60e-03	1.78e-03	5.27e-04	1.21e-05	0.00e+00
 8.51573e+22	3.08e-23	1.06e-10	1.04e-08	1.56e-07	1.01e-04	8.86e-03	1.61e-01	5.36e-01	2.33e-01	5.28e-02	5.90e-03	1.57e-03	4.49e-04	9.86e-06	0.00e+00
 8.61557e+22	4.21e-23	1.41e-10	1.33e-08	1.95e-07	1.19e-04	9.88e-03	1.71e-01	5.44e-01	2.21e-01	4.75e-02	5.09e-03	1.34e-03	3.64e-04	7.57e-06	0.00e+00
 8.71585e+22	5.36e-23	1.75e-10	1.61e-08	2.30e-07	1.34e-04	1.07e-02	1.79e-01	5.49e-01	2.12e-01	4.38e-02	4.55e-03	1.18e-03	3.10e-04	6.19e-06	0.00e+00
 8.81671e+22	7.33e-23	2.31e-10	2.05e-08	2.87e-07	1.58e-04	1.19e-02	1.89e-01	5.54e-01	2.00e-01	3.94e-02	3.92e-03	1.01e-03	2.51e-04	4.75e-06	0.00e+00
 8.91868e+22	9.36e-23	2.85e-10	2.48e-08	3.39e-07	1.78e-04	1.29e-02	1.98e-01	5.58e-01	1.91e-01	3.62e-02	3.49e-03	8.88e-04	2.13e-04	3.87e-06	0.00e+00
 9.02211e+22	1.28e-22	3.74e-10	3.16e-08	4.22e-07	2.09e-04	1.43e-02	2.09e-01	5.61e-01	1.79e-01	3.24e-02	3.00e-03	7.53e-04	1.72e-04	2.95e-06	0.00e+00
 9.12698e+22	1.64e-22	4.61e-10	3.81e-08	4.99e-07	2.37e-04	1.55e-02	2.17e-01	5.63e-01	1.71e-01	2.97e-02	2.67e-03	6.61e-04	1.46e-04	2.39e-06	0.00e+00
 9.23374e+22	2.26e-22	6.03e-10	4.86e-08	6.22e-07	2.77e-04	1.72e-02	2.29e-01	5.64e-01	1.60e-01	2.65e-02	2.28e-03	5.58e-04	1.17e-04	1.82e-06	0.00e+00
 9.34252e+22	2.92e-22	7.44e-10	5.88e-08	7.39e-07	3.14e-04	1.86e-02	2.38e-01	5.64e-01	1.51e-01	2.42e-02	2.02e-03	4.87e-04	9.84e-05	1.46e-06	0.00e+00
 9.45392e+22	4.04e-22	9.74e-10	7.51e-08	9.23e-07	3.69e-04	2.06e-02	2.51e-01	5.63e-01	1.41e-01	2.15e-02	1.72e-03	4.08e-04	7.84e-05	1.10e-06	0.00e+00
 9.56798e+22	5.26e-22	1.21e-09	9.13e-08	1.10e-06	4.20e-04	2.24e-02	2.61e-01	5.62e-01	1.33e-01	1.96e-02	1.51e-03	3.54e-04	6.54e-05	8.79e-07	0.00e+00
 9.68547e+22	7.35e-22	1.59e-09	1.17e-07	1.39e-06	4.95e-04	2.48e-02	2.74e-01	5.59e-01	1.23e-01	1.73e-02	1.28e-03	2.94e-04	5.16e-05	6.53e-07	0.00e+00
 9.80499e+22	9.58e-22	1.96e-09	1.43e-07	1.65e-06	5.62e-04	2.69e-02	2.84e-01	5.55e-01	1.16e-01	1.57e-02	1.12e-03	2.54e-04	4.29e-05	5.19e-07	0.00e+00
 9.90591e+22	1.21e-21	2.38e-09	1.70e-07	1.94e-06	6.32e-04	2.89e-02	2.94e-01	5.52e-01	1.09e-01	1.43e-02	9.95e-04	2.23e-04	3.62e-05	4.20e-07	0.00e+00
 1.00159e+23	1.64e-21	3.03e-09	2.13e-07	2.39e-06	7.32e-04	3.17e-02	3.06e-01	5.46e-01	1.01e-01	1.27e-02	8.52e-04	1.87e-04	2.91e-05	3.20e-07	0.00e+00
 1.01223e+23	2.03e-21	3.60e-09	2.50e-07	2.76e-06	8.12e-04	3.38e-02	3.15e-01	5.42e-01	9.61e-02	1.17e-02	7.64e-04	1.66e-04	2.50e-05	2.64e-07	0.00e+00
 1.02242e+23	2.66e-21	4.48e-09	3.07e-07	3.34e-06	9.30e-04	3.67e-02	3.26e-01	5.36e-01	8.93e-02	1.05e-02	6.61e-04	1.41e-04	2.04e-05	2.05e-07	0.00e+00
 1.03272e+23	3.30e-21	5.31e-09	3.59e-07	3.85e-06	1.03e-03	3.91e-02	3.35e-01	5.30e-01	8.46e-02	9.69e-03	5.93e-04	1.25e-04	1.75e-05	1.69e-07	0.00e+00
 1.04316e+23	4.34e-21	6.60e-09	4.41e-07	4.65e-06	1.18e-03	4.24e-02	3.46e-01	5.22e-01	7.85e-02	8.67e-03	5.12e-04	1.06e-04	1.42e-05	1.31e-07	0.00e+00
 1.05376e+23	5.40e-21	7.84e-09	5.18e-07	5.38e-06	1.31e-03	4.52e-02	3.55e-01	5.16e-01	7.41e-02	7.97e-03	4.58e-04	9.38e-05	1.22e-05	0.00e+00	0.00e+00
 1.06458e+23	7.11e-21	9.77e-09	6.38e-07	6.52e-06	1.50e-03	4.90e-02	3.66e-01	5.07e-01	6.84e-02	7.10e-03	3.93e-04	7.93e-05	9.84e-06	0.00e+00	0.00e+00
 1.07554e+23	8.87e-21	1.16e-08	7.49e-07	7.55e-06	1.66e-03	5.22e-02	3.75e-01	5.00e-01	6.44e-02	6.51e-03	3.51e-04	6.97e-05	8.38e-06	0.00e+00	0.00e+00
 1.08672e+23	1.17e-20	1.45e-08	9.25e-07	9.18e-06	1.91e-03	5.66e-02	3.87e-01	4.89e-01	5.92e-02	5.78e-03	3.00e-04	5.87e-05	6.74e-06	0.00e+00	0.00e+00
 1.09809e+23	1.47e-20	1.73e-08	1.09e-06	1.07e-05	2.12e-03	6.02e-02	3.95e-01	4.81e-01	5.56e-02	5.29e-03	2.67e-04	5.14e-05	5.71e-06	0.00e+00	0.00e+00
 1.10973e+23	1.95e-20	2.16e-08	1.35e-06	1.30e-05	2.44e-03	6.54e-02	4.07e-01	4.69e-01	5.08e-02	4.67e-03	2.27e-04	4.29e-05	4.56e-06	0.00e+00	0.00e+00
 1.12164e+23	2.46e-20	2.59e-08	1.60e-06	1.52e-05	2.72e-03	6.97e-02	4.16e-01	4.60e-01	4.74e-02	4.25e-03	2.00e-04	3.73e-05	3.82e-06	0.00e+00	0.00e+00
 1.13389e+23	3.30e-20	3.27e-08	2.00e-06	1.86e-05	3.13e-03	7.57e-02	4.27e-01	4.47e-01	4.32e-02	3.74e-03	1.69e-04	3.10e-05	3.03e-06	0.00e+00	0.00e+00
 1.14646e+23	4.20e-20	3.94e-08	2.39e-06	2.19e-05	3.50e-03	8.08e-02	4.36e-01	4.36e-01	4.00e-02	3.38e-03	1.48e-04	2.67e-05	2.52e-06	0.00e+00	0.00e+00
 1.15945e+23	5.69e-20	5.00e-08	3.00e-06	2.71e-05	4.06e-03	8.78e-02	4.47e-01	4.22e-01	3.62e-02	2.95e-03	1.24e-04	2.20e-05	1.97e-06	0.00e+00	0.00e+00
 1.17257e+23	7.27e-20	6.04e-08	3.58e-06	3.17e-05	4.53e-03	9.35e-02	4.55e-01	4.11e-01	3.35e-02	2.67e-03	1.08e-04	1.89e-05	1.64e-06	0.00e+00	0.00e+00
 1.18584e+23	9.83e-20	7.66e-08	4.50e-06	3.93e-05	5.25e-03	1.02e-01	4.65e-01	3.96e-01	3.01e-02	2.32e-03	9.03e-05	1.55e-05	1.27e-06	0.00e+00	0.00e+00
 1.19925e+23	1.26e-19	9.25e-08	5.38e-06	4.61e-05	5.85e-03	1.08e-01	4.72e-01	3.84e-01	2.78e-02	2.09e-03	7.87e-05	1.33e-05	1.05e-06	0.00e+00	0.00e+00
 1.21286e+23	1.71e-19	1.17e-07	6.77e-06	5.71e-05	6.77e-03	1.17e-01	4.81e-01	3.68e-01	2.49e-02	1.81e-03	6.54e-05	1.09e-05	8.15e-07	0.00e+00	0.00e+00
 1.22614e+23	2.15e-19	1.40e-07	7.97e-06	6.61e-05	7.49e-03	1.24e-01	4.87e-01	3.57e-01	2.30e-02	1.64e-03	5.75e-05	9.41e-06	6.82e-07	0.00e+00	0.00e+00
 1.23900e+23	2.86e-19	1.75e-07	9.87e-06	8.06e-05	8.57e-03	1.33e-01	4.94e-01	3.42e-01	2.07e-02	1.44e-03	4.81e-05	7.76e-06	5.35e-07	0.00e+00	0.00e+00
 1.25231e+23	3.47e-19	2.10e-07	1.17e-05	9.42e-05	9.52e-03	1.41e-01	4.99e-01	3.31e-01	1.90e-02	1.29e-03	4.19e-05	6.66e-06	4.42e-07	0.00e+00	0.00e+00
 1.26368e+23	4.28e-19	2.47e-07	1.37e-05	1.08e-04	1.05e-02	1.48e-01	5.03e-01	3.20e-01	1.76e-02	1.17e-03	3.69e-05	5.80e-06	3.72e-07	0.00e+00	0.00e+00
 1.27593e+23	5.57e-19	3.03e-07	1.67e-05	1.30e-04	1.18e-02	1.57e-01	5.08e-01	3.06e-01	1.58e-02	1.03e-03	3.12e-05	4.84e-06	2.96e-07	0.00e+00	0.00e+00
 1.28821e+23	6.87e-19	3.55e-07	1.94e-05	1.49e-04	1.30e-02	1.65e-01	5.11e-01	2.95e-01	1.46e-02	9.36e-04	2.74e-05	4.20e-06	2.48e-07	0.00e+00	0.00e+00
 1.30052e+23	8.92e-19	4.33e-07	2.34e-05	1.77e-04	1.45e-02	1.75e-01	5.14e-01	2.82e-01	1.32e-02	8.28e-04	2.34e-05	3.53e-06	2.00e-07	0.00e+00	0.00e+00
 1.31332e+23	1.12e-18	5.16e-07	2.77e-05	2.07e-04	1.61e-02	1.85e-01	5.16e-01	2.70e-01	1.20e-02	7.40e-04	2.01e-05	3.01e-06	1.63e-07	0.00e+00	0.00e+00
 1.32473e+23	1.39e-18	6.07e-07	3.23e-05	2.37e-04	1.76e-02	1.93e-01	5.17e-01	2.60e-01	1.10e-02	6.69e-04	1.76e-05	2.61e-06	1.37e-07	0.00e+00	0.00e+00
 1.33755e+23	1.92e-18	7.43e-07	3.91e-05	2.82e-04	1.97e-02	2.04e-01	5.18e-01	2.47e-01	9.91e-03	5.89e-04	1.49e-05	2.17e-06	0.00e+00	0.00e+00	0.00e+00
 1.35107e+23	2.45e-18	8.92e-07	4.66e-05	3.31e-04	2.19e-02	2.15e-01	5.18e-01	2.35e-01	8.95e-03	5.22e-04	1.27e-05	1.84e-06	0.00e+00	0.00e+00	0.00e+00
 1.36338e+23	3.07e-18	1.06e-06	5.47e-05	3.83e-04	2.41e-02	2.25e-01	5.18e-01	2.24e-01	8.14e-03	4.67e-04	1.10e-05	1.57e-06	0.00e+00	0.00e+00	0.00e+00
 1.37727e+23	4.09e-18	1.31e-06	6.70e-05	4.60e-04	2.71e-02	2.38e-01	5.16e-01	2.11e-01	7.21e-03	4.06e-04	9.14e-06	1.29e-06	0.00e+00	0.00e+00	0.00e+00
 1.39159e+23	4.94e-18	1.58e-06	7.99e-05	5.40e-04	3.01e-02	2.49e-01	5.13e-01	2.00e-01	6.46e-03	3.58e-04	7.75e-06	1.08e-06	0.00e+00	0.00e+00	0.00e+00
 1.40430e+23	6.22e-18	1.87e-06	9.40e-05	6.26e-04	3.30e-02	2.60e-01	5.10e-01	1.89e-01	5.83e-03	3.18e-04	6.64e-06	9.15e-07	0.00e+00	0.00e+00	0.00e+00
 1.41868e+23	8.34e-18	2.33e-06	1.15e-04	7.52e-04	3.71e-02	2.74e-01	5.06e-01	1.77e-01	5.12e-03	2.74e-04	5.47e-06	7.45e-07	0.00e+00	0.00e+00	0.00e+00
 1.43359e+23	1.07e-17	2.81e-06	1.38e-04	8.85e-04	4.11e-02	2.87e-01	5.00e-01	1.66e-01	4.55e-03	2.40e-04	4.58e-06	6.18e-07	0.00e+00	0.00e+00	0.00e+00
 1.44697e+23	1.37e-17	3.35e-06	1.63e-04	1.03e-03	4.52e-02	2.98e-01	4.95e-01	1.56e-01	4.07e-03	2.11e-04	3.89e-06	5.19e-07	0.00e+00	0.00e+00	0.00e+00
 1.46213e+23	1.86e-17	4.20e-06	2.01e-04	1.25e-03	5.09e-02	3.13e-01	4.86e-01	1.44e-01	3.52e-03	1.80e-04	3.14e-06	4.15e-07	0.00e+00	0.00e+00	0.00e+00
 1.47779e+23	2.41e-17	5.08e-06	2.41e-04	1.46e-03	5.62e-02	3.26e-01	4.78e-01	1.34e-01	3.10e-03	1.56e-04	2.61e-06	3.42e-07	0.00e+00	0.00e+00	0.00e+00
 1.49409e+23	3.35e-17	6.44e-06	3.01e-04	1.79e-03	6.35e-02	3.42e-01	4.67e-01	1.23e-01	2.65e-03	1.31e-04	2.07e-06	2.68e-07	0.00e+00	0.00e+00	0.00e+00
 1.51060e+23	4.38e-17	7.82e-06	3.60e-04	2.11e-03	7.01e-02	3.54e-01	4.57e-01	1.13e-01	2.32e-03	1.13e-04	1.71e-06	2.19e-07	0.00e+00	0.00e+00	0.00e+00
 1.52512e+23	5.72e-17	9.44e-06	4.29e-04	2.46e-03	7.68e-02	3.66e-01	4.47e-01	1.05e-01	2.04e-03	9.79e-05	1.42e-06	1.81e-07	0.00e+00	0.00e+00	0.00e+00
 1.54175e+23	7.97e-17	1.19e-05	5.35e-04	3.02e-03	8.67e-02	3.82e-01	4.32e-01	9.46e-02	1.70e-03	8.06e-05	1.10e-06	1.39e-07	0.00e+00	0.00e+00	0.00e+00
 1.55856e+23	1.04e-16	1.44e-05	6.37e-04	3.53e-03	9.50e-02	3.93e-01	4.19e-01	8.69e-02	1.48e-03	6.93e-05	9.07e-07	0.00e+00	0.00e+00	0.00e+00	0.00e+00
 1.57560e+23	1.48e-16	1.83e-05	7.94e-04	4.29e-03	1.06e-01	4.07e-01	4.03e-01	7.79e-02	1.24e-03	5.70e-05	7.05e-07	0.00e+00	0.00e+00	0.00e+00	0.00e+00
 1.59295e+23	1.97e-16	2.23e-05	9.51e-04	5.05e-03	1.17e-01	4.17e-01	3.88e-01	7.08e-02	1.07e-03	4.83e-05	5.70e-07	0.00e+00	0.00e+00	0.00e+00	0.00e+00
 1.60838e+23	2.62e-16	2.69e-05	1.13e-03	5.91e-03	1.28e-01	4.27e-01	3.73e-01	6.43e-02	9.15e-04	4.10e-05	4.60e-07	0.00e+00	0.00e+00	0.00e+00	0.00e+00
 1.62610e+23	3.81e-16	3.43e-05	1.41e-03	7.19e-03	1.42e-01	4.37e-01	3.54e-01	5.67e-02	7.53e-04	3.32e-05	3.52e-07	0.00e+00	0.00e+00	0.00e+00	0.00e+00
 1.64418e+23	5.22e-16	4.18e-05	1.69e-03	8.46e-03	1.55e-01	4.45e-01	3.38e-01	5.08e-02	6.37e-04	2.77e-05	2.79e-07	0.00e+00	0.00e+00	0.00e+00	0.00e+00
 1.66028e+23	7.14e-16	5.08e-05	2.01e-03	9.90e-03	1.69e-01	4.52e-01	3.21e-01	4.55e-02	5.39e-04	2.32e-05	2.22e-07	0.00e+00	0.00e+00	0.00e+00	0.00e+00
 1.67878e+23	1.08e-15	6.52e-05	2.52e-03	1.20e-02	1.87e-01	4.58e-01	3.00e-01	3.94e-02	4.36e-04	1.84e-05	1.66e-07	0.00e+00	0.00e+00	0.00e+00	0.00e+00
 1.69758e+23	1.53e-15	7.97e-05	3.01e-03	1.41e-02	2.03e-01	4.62e-01	2.83e-01	3.49e-02	3.64e-04	1.52e-05	1.30e-07	0.00e+00	0.00e+00	0.00e+00	0.00e+00
 1.71678e+23	2.40e-15	1.03e-04	3.77e-03	1.72e-02	2.24e-01	4.64e-01	2.61e-01	2.97e-02	2.88e-04	1.18e-05	0.00e+00	0.00e+00	0.00e+00	0.00e+00	0.00e+00
 1.73565e+23	3.40e-15	1.24e-04	4.45e-03	1.98e-02	2.40e-01	4.64e-01	2.44e-01	2.62e-02	2.42e-04	9.75e-06	0.00e+00	0.00e+00	0.00e+00	0.00e+00	0.00e+00
 1.75098e+23	4.71e-15	1.47e-04	5.16e-03	2.26e-02	2.56e-01	4.63e-01	2.30e-01	2.34e-02	2.05e-04	8.18e-06	0.00e+00	0.00e+00	0.00e+00	0.00e+00	0.00e+00
 1.76780e+23	7.11e-15	1.83e-04	6.22e-03	2.65e-02	2.76e-01	4.60e-01	2.11e-01	2.01e-02	1.66e-04	6.51e-06	0.00e+00	0.00e+00	0.00e+00	0.00e+00	0.00e+00
 1.78475e+23	1.03e-14	2.18e-04	7.22e-03	3.01e-02	2.92e-01	4.56e-01	1.97e-01	1.77e-02	1.40e-04	5.40e-06	0.00e+00	0.00e+00	0.00e+00	0.00e+00	0.00e+00
 1.79957e+23	1.49e-14	2.59e-04	8.33e-03	3.40e-02	3.08e-01	4.50e-01	1.83e-01	1.56e-02	1.18e-04	4.49e-06	0.00e+00	0.00e+00	0.00e+00	0.00e+00	0.00e+00
 1.81653e+23	2.30e-14	3.21e-04	9.99e-03	3.97e-02	3.28e-01	4.42e-01	1.67e-01	1.33e-02	9.43e-05	3.54e-06	0.00e+00	0.00e+00	0.00e+00	0.00e+00	0.00e+00
 1.83382e+23	3.76e-14	3.83e-04	1.16e-02	4.49e-02	3.46e-01	4.33e-01	1.53e-01	1.15e-02	7.79e-05	2.88e-06	0.00e+00	0.00e+00	0.00e+00	0.00e+00	0.00e+00
 1.85154e+23	5.97e-14	4.77e-04	1.39e-02	5.20e-02	3.66e-01	4.21e-01	1.37e-01	9.63e-03	6.18e-05	2.24e-06	0.00e+00	0.00e+00	0.00e+00	0.00e+00	0.00e+00
 1.86957e+23	1.12e-13	5.74e-04	1.61e-02	5.89e-02	3.83e-01	4.08e-01	1.25e-01	8.22e-03	5.02e-05	1.79e-06	0.00e+00	0.00e+00	0.00e+00	0.00e+00	0.00e+00
 1.88530e+23	2.28e-13	6.81e-04	1.85e-02	6.58e-02	3.98e-01	3.96e-01	1.13e-01	7.08e-03	4.14e-05	1.45e-06	0.00e+00	0.00e+00	0.00e+00	0.00e+00	0.00e+00
 1.90308e+23	4.47e-13	8.46e-04	2.20e-02	7.56e-02	4.17e-01	3.79e-01	1.00e-01	5.82e-03	3.22e-05	1.10e-06	0.00e+00	0.00e+00	0.00e+00	0.00e+00	0.00e+00
 1.91970e+23	8.88e-13	9.81e-04	2.47e-02	8.28e-02	4.29e-01	3.66e-01	9.14e-02	5.06e-03	2.70e-05	9.11e-07	0.00e+00	0.00e+00	0.00e+00	0.00e+00	0.00e+00
 1.93481e+23	1.72e-12	1.17e-03	2.84e-02	9.24e-02	4.42e-01	3.50e-01	8.15e-02	4.26e-03	2.17e-05	7.19e-07	0.00e+00	0.00e+00	0.00e+00	0.00e+00	0.00e+00
 1.95023e+23	3.28e-12	1.37e-03	3.19e-02	1.01e-01	4.53e-01	3.35e-01	7.37e-02	3.66e-03	1.80e-05	5.85e-07	0.00e+00	0.00e+00	0.00e+00	0.00e+00	0.00e+00
 1.96389e+23	5.33e-12	1.58e-03	3.56e-02	1.10e-01	4.62e-01	3.21e-01	6.67e-02	3.16e-03	1.50e-05	4.80e-07	0.00e+00	0.00e+00	0.00e+00	0.00e+00	0.00e+00
 1.97948e+23	1.13e-11	1.89e-03	4.09e-02	1.22e-01	4.72e-01	3.03e-01	5.85e-02	2.61e-03	1.18e-05	3.71e-07	0.00e+00	0.00e+00	0.00e+00	0.00e+00	0.00e+00
 1.99523e+23	1.59e-11	2.19e-03	4.55e-02	1.32e-01	4.78e-01	2.88e-01	5.24e-02	2.22e-03	9.76e-06	3.00e-07	0.00e+00	0.00e+00	0.00e+00	0.00e+00	0.00e+00
 2.01116e+23	2.60e-11	2.62e-03	5.20e-02	1.45e-01	4.85e-01	2.69e-01	4.55e-02	1.82e-03	7.65e-06	2.30e-07	0.00e+00	0.00e+00	0.00e+00	0.00e+00	0.00e+00
 2.02735e+23	3.99e-11	3.04e-03	5.79e-02	1.57e-01	4.88e-01	2.52e-01	4.02e-02	1.53e-03	6.20e-06	1.82e-07	0.00e+00	0.00e+00	0.00e+00	0.00e+00	0.00e+00
 2.04160e+23	5.68e-11	3.50e-03	6.41e-02	1.68e-01	4.90e-01	2.37e-01	3.56e-02	1.29e-03	5.05e-06	1.45e-07	0.00e+00	0.00e+00	0.00e+00	0.00e+00	0.00e+00
 2.05787e+23	9.37e-11	4.17e-03	7.28e-02	1.83e-01	4.91e-01	2.18e-01	3.03e-02	1.03e-03	3.90e-06	0.00e+00	0.00e+00	0.00e+00	0.00e+00	0.00e+00	0.00e+00
 2.07441e+23	1.46e-10	4.83e-03	8.05e-02	1.96e-01	4.89e-01	2.02e-01	2.64e-02	8.55e-04	3.12e-06	0.00e+00	0.00e+00	0.00e+00	0.00e+00	0.00e+00	0.00e+00
 2.08902e+23	2.16e-10	5.55e-03	8.86e-02	2.08e-01	4.86e-01	1.88e-01	2.30e-02	7.09e-04	2.51e-06	0.00e+00	0.00e+00	0.00e+00	0.00e+00	0.00e+00	0.00e+00
 2.10575e+23	3.90e-10	6.60e-03	9.98e-02	2.24e-01	4.80e-01	1.70e-01	1.93e-02	5.58e-04	1.90e-06	0.00e+00	0.00e+00	0.00e+00	0.00e+00	0.00e+00	0.00e+00
 2.12275e+23	6.92e-10	7.62e-03	1.10e-01	2.37e-01	4.74e-01	1.55e-01	1.65e-02	4.54e-04	1.49e-06	0.00e+00	0.00e+00	0.00e+00	0.00e+00	0.00e+00	0.00e+00
 2.14011e+23	1.43e-09	9.06e-03	1.23e-01	2.53e-01	4.63e-01	1.38e-01	1.35e-02	3.50e-04	1.11e-06	0.00e+00	0.00e+00	0.00e+00	0.00e+00	0.00e+00	0.00e+00
 2.15766e+23	3.20e-09	1.04e-02	1.35e-01	2.66e-01	4.52e-01	1.25e-01	1.14e-02	2.80e-04	8.58e-07	0.00e+00	0.00e+00	0.00e+00	0.00e+00	0.00e+00	0.00e+00
 2.17544e+23	8.68e-09	1.24e-02	1.50e-01	2.82e-01	4.37e-01	1.10e-01	9.24e-03	2.13e-04	6.26e-07	0.00e+00	0.00e+00	0.00e+00	0.00e+00	0.00e+00	0.00e+00
 2.19353e+23	2.42e-08	1.42e-02	1.63e-01	2.94e-01	4.23e-01	9.79e-02	7.68e-03	1.68e-04	4.78e-07	0.00e+00	0.00e+00	0.00e+00	0.00e+00	0.00e+00	0.00e+00
 2.21201e+23	6.01e-08	1.68e-02	1.80e-01	3.08e-01	4.04e-01	8.45e-02	6.08e-03	1.24e-04	3.41e-07	0.00e+00	0.00e+00	0.00e+00	0.00e+00	0.00e+00	0.00e+00
 2.23085e+23	1.12e-07	1.94e-02	1.95e-01	3.19e-01	3.87e-01	7.43e-02	4.96e-03	9.61e-05	2.55e-07	0.00e+00	0.00e+00	0.00e+00	0.00e+00	0.00e+00	0.00e+00
 2.24756e+23	1.59e-07	2.21e-02	2.10e-01	3.28e-01	3.69e-01	6.54e-02	4.07e-03	7.49e-05	1.93e-07	0.00e+00	0.00e+00	0.00e+00	0.00e+00	0.00e+00	0.00e+00
 2.26669e+23	2.35e-07	2.60e-02	2.30e-01	3.39e-01	3.46e-01	5.52e-02	3.14e-03	5.42e-05	1.34e-07	0.00e+00	0.00e+00	0.00e+00	0.00e+00	0.00e+00	0.00e+00
 2.28628e+23	3.23e-07	2.97e-02	2.47e-01	3.46e-01	3.27e-01	4.76e-02	2.50e-03	4.10e-05	0.00e+00	0.00e+00	0.00e+00	0.00e+00	0.00e+00	0.00e+00	0.00e+00
 2.30129e+23	3.95e-07	3.26e-02	2.59e-01	3.51e-01	3.13e-01	4.28e-02	2.13e-03	3.35e-05	0.00e+00	0.00e+00	0.00e+00	0.00e+00	0.00e+00	0.00e+00	0.00e+00
 2.31559e+23	4.95e-07	3.66e-02	2.74e-01	3.55e-01	2.95e-01	3.72e-02	1.73e-03	2.60e-05	0.00e+00	0.00e+00	0.00e+00	0.00e+00	0.00e+00	0.00e+00	0.00e+00
 2.33019e+23	5.96e-07	4.01e-02	2.86e-01	3.58e-01	2.81e-01	3.32e-02	1.46e-03	2.11e-05	0.00e+00	0.00e+00	0.00e+00	0.00e+00	0.00e+00	0.00e+00	0.00e+00
 2.34520e+23	7.43e-07	4.50e-02	3.02e-01	3.60e-01	2.63e-01	2.85e-02	1.17e-03	1.61e-05	0.00e+00	0.00e+00	0.00e+00	0.00e+00	0.00e+00	0.00e+00	0.00e+00
 2.36034e+23	8.81e-07	4.92e-02	3.14e-01	3.62e-01	2.49e-01	2.52e-02	9.74e-04	1.29e-05	0.00e+00	0.00e+00	0.00e+00	0.00e+00	0.00e+00	0.00e+00	0.00e+00
 2.37565e+23	1.08e-06	5.51e-02	3.30e-01	3.62e-01	2.31e-01	2.15e-02	7.72e-04	9.80e-06	0.00e+00	0.00e+00	0.00e+00	0.00e+00	0.00e+00	0.00e+00	0.00e+00
 2.39121e+23	1.27e-06	6.02e-02	3.43e-01	3.61e-01	2.17e-01	1.88e-02	6.37e-04	7.78e-06	0.00e+00	0.00e+00	0.00e+00	0.00e+00	0.00e+00	0.00e+00	0.00e+00
 2.40710e+23	1.55e-06	6.73e-02	3.58e-01	3.59e-01	2.00e-01	1.58e-02	4.98e-04	5.79e-06	0.00e+00	0.00e+00	0.00e+00	0.00e+00	0.00e+00	0.00e+00	0.00e+00
 2.42321e+23	1.82e-06	7.37e-02	3.70e-01	3.56e-01	1.86e-01	1.37e-02	4.06e-04	4.54e-06	0.00e+00	0.00e+00	0.00e+00	0.00e+00	0.00e+00	0.00e+00	0.00e+00
 2.43961e+23	2.18e-06	8.19e-02	3.85e-01	3.51e-01	1.71e-01	1.14e-02	3.14e-04	3.36e-06	0.00e+00	0.00e+00	0.00e+00	0.00e+00	0.00e+00	0.00e+00	0.00e+00
 2.45643e+23	2.56e-06	8.98e-02	3.96e-01	3.46e-01	1.58e-01	9.78e-03	2.52e-04	2.58e-06	0.00e+00	0.00e+00	0.00e+00	0.00e+00	0.00e+00	0.00e+00	0.00e+00
 2.47380e+23	3.12e-06	1.01e-01	4.10e-01	3.39e-01	1.42e-01	7.96e-03	1.89e-04	1.84e-06	0.00e+00	0.00e+00	0.00e+00	0.00e+00	0.00e+00	0.00e+00	0.00e+00
 2.49112e+23	3.60e-06	1.09e-01	4.20e-01	3.33e-01	1.31e-01	6.81e-03	1.52e-04	1.43e-06	0.00e+00	0.00e+00	0.00e+00	0.00e+00	0.00e+00	0.00e+00	0.00e+00
 2.50839e+23	4.30e-06	1.22e-01	4.32e-01	3.23e-01	1.18e-01	5.53e-03	1.14e-04	1.02e-06	0.00e+00	0.00e+00	0.00e+00	0.00e+00	0.00e+00	0.00e+00	0.00e+00
 2.52622e+23	5.01e-06	1.33e-01	4.40e-01	3.15e-01	1.07e-01	4.64e-03	8.96e-05	7.71e-07	0.00e+00	0.00e+00	0.00e+00	0.00e+00	0.00e+00	0.00e+00	0.00e+00
 2.54477e+23	6.02e-06	1.48e-01	4.50e-01	3.03e-01	9.45e-02	3.68e-03	6.55e-05	5.36e-07	0.00e+00	0.00e+00	0.00e+00	0.00e+00	0.00e+00	0.00e+00	0.00e+00
 2.56336e+23	6.96e-06	1.61e-01	4.56e-01	2.94e-01	8.57e-02	3.07e-03	5.13e-05	4.03e-07	0.00e+00	0.00e+00	0.00e+00	0.00e+00	0.00e+00	0.00e+00	0.00e+00
 2.58200e+23	8.29e-06	1.79e-01	4.63e-01	2.81e-01	7.52e-02	2.42e-03	3.73e-05	2.79e-07	0.00e+00	0.00e+00	0.00e+00	0.00e+00	0.00e+00	0.00e+00	0.00e+00
 2.60090e+23	9.56e-06	1.94e-01	4.67e-01	2.70e-01	6.76e-02	2.00e-03	2.89e-05	2.07e-07	0.00e+00	0.00e+00	0.00e+00	0.00e+00	0.00e+00	0.00e+00	0.00e+00
 2.62013e+23	1.14e-05	2.14e-01	4.70e-01	2.55e-01	5.86e-02	1.55e-03	2.07e-05	1.41e-07	0.00e+00	0.00e+00	0.00e+00	0.00e+00	0.00e+00	0.00e+00	0.00e+00
 2.63938e+23	1.31e-05	2.32e-01	4.70e-01	2.44e-01	5.23e-02	1.27e-03	1.59e-05	0.00e+00	0.00e+00	0.00e+00	0.00e+00	0.00e+00	0.00e+00	0.00e+00	0.00e+00
 2.65866e+23	1.55e-05	2.56e-01	4.69e-01	2.29e-01	4.48e-02	9.78e-04	1.13e-05	0.00e+00	0.00e+00	0.00e+00	0.00e+00	0.00e+00	0.00e+00	0.00e+00	0.00e+00
 2.67800e+23	1.78e-05	2.77e-01	4.66e-01	2.17e-01	3.97e-02	7.93e-04	8.58e-06	0.00e+00	0.00e+00	0.00e+00	0.00e+00	0.00e+00	0.00e+00	0.00e+00	0.00e+00
 2.69741e+23	2.10e-05	3.04e-01	4.60e-01	2.01e-01	3.36e-02	6.01e-04	6.00e-06	0.00e+00	0.00e+00	0.00e+00	0.00e+00	0.00e+00	0.00e+00	0.00e+00	0.00e+00
 2.71685e+23	2.40e-05	3.27e-01	4.53e-01	1.90e-01	2.95e-02	4.84e-04	4.54e-06	0.00e+00	0.00e+00	0.00e+00	0.00e+00	0.00e+00	0.00e+00	0.00e+00	0.00e+00
 2.73632e+23	2.84e-05	3.60e-01	4.41e-01	1.74e-01	2.45e-02	3.59e-04	3.11e-06	0.00e+00	0.00e+00	0.00e+00	0.00e+00	0.00e+00	0.00e+00	0.00e+00	0.00e+00
 2.75574e+23	3.23e-05	3.86e-01	4.30e-01	1.63e-01	2.12e-02	2.86e-04	2.32e-06	0.00e+00	0.00e+00	0.00e+00	0.00e+00	0.00e+00	0.00e+00	0.00e+00	0.00e+00
 2.77509e+23	3.77e-05	4.21e-01	4.13e-01	1.48e-01	1.75e-02	2.11e-04	1.58e-06	0.00e+00	0.00e+00	0.00e+00	0.00e+00	0.00e+00	0.00e+00	0.00e+00	0.00e+00
 2.79460e+23	4.29e-05	4.51e-01	3.97e-01	1.37e-01	1.48e-02	1.64e-04	1.15e-06	0.00e+00	0.00e+00	0.00e+00	0.00e+00	0.00e+00	0.00e+00	0.00e+00	0.00e+00
 2.81431e+23	5.00e-05	4.89e-01	3.75e-01	1.23e-01	1.19e-02	1.18e-04	7.55e-07	0.00e+00	0.00e+00	0.00e+00	0.00e+00	0.00e+00	0.00e+00	0.00e+00	0.00e+00
 2.83416e+23	5.68e-05	5.23e-01	3.54e-01	1.13e-01	9.81e-03	8.94e-05	5.31e-07	0.00e+00	0.00e+00	0.00e+00	0.00e+00	0.00e+00	0.00e+00	0.00e+00	0.00e+00
 2.85420e+23	6.59e-05	5.65e-01	3.28e-01	9.99e-02	7.64e-03	6.27e-05	3.36e-07	0.00e+00	0.00e+00	0.00e+00	0.00e+00	0.00e+00	0.00e+00	0.00e+00	0.00e+00
 2.87450e+23	7.45e-05	6.01e-01	3.03e-01	8.99e-02	6.09e-03	4.60e-05	2.25e-07	0.00e+00	0.00e+00	0.00e+00	0.00e+00	0.00e+00	0.00e+00	0.00e+00	0.00e+00
 2.89199e+23	8.31e-05	6.35e-01	2.79e-01	8.10e-02	4.87e-03	3.42e-05	1.52e-07	0.00e+00	0.00e+00	0.00e+00	0.00e+00	0.00e+00	0.00e+00	0.00e+00	0.00e+00
 2.90714e+23	9.04e-05	6.62e-01	2.59e-01	7.43e-02	4.03e-03	2.68e-05	0.00e+00	0.00e+00	0.00e+00	0.00e+00	0.00e+00	0.00e+00	0.00e+00	0.00e+00	0.00e+00
 2.92237e+23	9.99e-05	6.95e-01	2.36e-01	6.64e-02	3.16e-03	1.98e-05	0.00e+00	0.00e+00	0.00e+00	0.00e+00	0.00e+00	0.00e+00	0.00e+00	0.00e+00	0.00e+00
 2.93824e+23	1.09e-04	7.24e-01	2.13e-01	5.96e-02	2.49e-03	1.49e-05	0.00e+00	0.00e+00	0.00e+00	0.00e+00	0.00e+00	0.00e+00	0.00e+00	0.00e+00	0.00e+00
 2.95243e+23	1.17e-04	7.51e-01	1.93e-01	5.36e-02	1.97e-03	1.13e-05	0.00e+00	0.00e+00	0.00e+00	0.00e+00	0.00e+00	0.00e+00	0.00e+00	0.00e+00	0.00e+00
 2.96840e+23	1.29e-04	7.83e-01	1.69e-01	4.63e-02	1.44e-03	8.00e-06	0.00e+00	0.00e+00	0.00e+00	0.00e+00	0.00e+00	0.00e+00	0.00e+00	0.00e+00	0.00e+00
 2.98474e+23	1.38e-04	8.12e-01	1.47e-01	4.01e-02	1.05e-03	5.75e-06	0.00e+00	0.00e+00	0.00e+00	0.00e+00	0.00e+00	0.00e+00	0.00e+00	0.00e+00	0.00e+00
 2.99790e+23	1.46e-04	8.35e-01	1.29e-01	3.52e-02	7.94e-04	4.33e-06	0.00e+00	0.00e+00	0.00e+00	0.00e+00	0.00e+00	0.00e+00	0.00e+00	0.00e+00	0.00e+00
 3.00912e+23	1.52e-04	8.54e-01	1.15e-01	3.10e-02	6.14e-04	3.36e-06	0.00e+00	0.00e+00	0.00e+00	0.00e+00	0.00e+00	0.00e+00	0.00e+00	0.00e+00	0.00e+00
 3.01943e+23	1.58e-04	8.72e-01	1.01e-01	2.72e-02	4.70e-04	2.62e-06	0.00e+00	0.00e+00	0.00e+00	0.00e+00	0.00e+00	0.00e+00	0.00e+00	0.00e+00	0.00e+00
 3.02873e+23	1.62e-04	8.87e-01	8.89e-02	2.38e-02	3.65e-04	2.07e-06	0.00e+00	0.00e+00	0.00e+00	0.00e+00	0.00e+00	0.00e+00	0.00e+00	0.00e+00	0.00e+00
 3.03697e+23	1.65e-04	9.00e-01	7.87e-02	2.09e-02	2.87e-04	1.67e-06	0.00e+00	0.00e+00	0.00e+00	0.00e+00	0.00e+00	0.00e+00	0.00e+00	0.00e+00	0.00e+00
 3.04444e+23	1.67e-04	9.12e-01	6.96e-02	1.84e-02	2.27e-04	1.36e-06	0.00e+00	0.00e+00	0.00e+00	0.00e+00	0.00e+00	0.00e+00	0.00e+00	0.00e+00	0.00e+00
 3.05137e+23	1.69e-04	9.22e-01	6.15e-02	1.61e-02	1.80e-04	1.11e-06	0.00e+00	0.00e+00	0.00e+00	0.00e+00	0.00e+00	0.00e+00	0.00e+00	0.00e+00	0.00e+00
 3.05785e+23	1.70e-04	9.32e-01	5.38e-02	1.41e-02	1.44e-04	9.12e-07	0.00e+00	0.00e+00	0.00e+00	0.00e+00	0.00e+00	0.00e+00	0.00e+00	0.00e+00	0.00e+00
 3.06391e+23	1.70e-04	9.40e-01	4.69e-02	1.23e-02	1.15e-04	7.54e-07	0.00e+00	0.00e+00	0.00e+00	0.00e+00	0.00e+00	0.00e+00	0.00e+00	0.00e+00	0.00e+00
 3.06974e+23	1.68e-04	9.48e-01	4.09e-02	1.08e-02	9.25e-05	6.28e-07	0.00e+00	0.00e+00	0.00e+00	0.00e+00	0.00e+00	0.00e+00	0.00e+00	0.00e+00	0.00e+00
 3.07550e+23	1.66e-04	9.55e-01	3.49e-02	9.31e-03	7.41e-05	5.20e-07	0.00e+00	0.00e+00	0.00e+00	0.00e+00	0.00e+00	0.00e+00	0.00e+00	0.00e+00	0.00e+00
 3.08088e+23	1.62e-04	9.62e-01	2.98e-02	8.10e-03	6.01e-05	4.35e-07	0.00e+00	0.00e+00	0.00e+00	0.00e+00	0.00e+00	0.00e+00	0.00e+00	0.00e+00	0.00e+00
 3.08454e+23	1.58e-04	9.66e-01	2.66e-02	7.36e-03	5.22e-05	3.87e-07	0.00e+00	0.00e+00	0.00e+00	0.00e+00	0.00e+00	0.00e+00	0.00e+00	0.00e+00	0.00e+00
