#depth	S	S+	S+2	S+3	S+4	S+5	S+6	S+7	S+8	S+9	S+10	S+11	S+12	S+13	S+14	S+15	S+16
 1.54284e+22	1.28e-29	1.89e-17	2.87e-14	3.31e-12	1.70e-10	6.16e-09	8.25e-06	7.58e-04	1.54e-02	7.05e-02	2.15e-01	2.85e-01	1.65e-01	9.00e-02	1.35e-01	2.12e-02	1.09e-03
 3.43174e+22	1.32e-28	4.00e-16	4.32e-13	3.35e-11	1.14e-09	2.79e-08	2.66e-05	2.15e-03	3.60e-02	1.25e-01	2.87e-01	2.98e-01	1.30e-01	5.33e-02	6.13e-02	6.73e-03	2.42e-04
 3.95084e+22	5.69e-28	1.46e-15	1.37e-12	9.08e-11	2.61e-09	5.47e-08	4.48e-05	3.33e-03	5.03e-02	1.53e-01	3.10e-01	2.87e-01	1.10e-01	4.03e-02	4.13e-02	3.87e-03	1.19e-04
 4.21039e+22	1.15e-27	2.73e-15	2.40e-12	1.47e-10	3.91e-09	7.59e-08	5.76e-05	4.10e-03	5.87e-02	1.68e-01	3.18e-01	2.79e-01	1.01e-01	3.47e-02	3.37e-02	2.93e-03	8.33e-05
 4.33066e+22	1.51e-27	3.47e-15	2.98e-12	1.77e-10	4.57e-09	8.62e-08	6.35e-05	4.44e-03	6.23e-02	1.74e-01	3.21e-01	2.75e-01	9.71e-02	3.27e-02	3.12e-02	2.62e-03	7.26e-05
 4.40831e+22	2.14e-27	4.73e-15	3.93e-12	2.25e-10	5.58e-09	1.01e-07	7.19e-05	4.90e-03	6.70e-02	1.81e-01	3.24e-01	2.70e-01	9.24e-02	3.03e-02	2.81e-02	2.27e-03	6.05e-05
 4.49168e+22	2.92e-27	6.22e-15	5.02e-12	2.79e-10	6.66e-09	1.17e-07	8.02e-05	5.36e-03	7.15e-02	1.88e-01	3.26e-01	2.65e-01	8.83e-02	2.83e-02	2.56e-02	2.00e-03	5.14e-05
 4.58248e+22	4.30e-27	8.76e-15	6.82e-12	3.64e-10	8.32e-09	1.40e-07	9.20e-05	5.98e-03	7.74e-02	1.96e-01	3.29e-01	2.59e-01	8.33e-02	2.59e-02	2.27e-02	1.70e-03	4.19e-05
 4.67582e+22	6.06e-27	1.19e-14	8.98e-12	4.61e-10	1.01e-08	1.64e-07	1.04e-04	6.59e-03	8.29e-02	2.03e-01	3.30e-01	2.53e-01	7.89e-02	2.38e-02	2.04e-02	1.47e-03	3.48e-05
 4.75740e+22	8.23e-27	1.57e-14	1.15e-11	5.69e-10	1.21e-08	1.90e-07	1.16e-04	7.18e-03	8.81e-02	2.10e-01	3.31e-01	2.47e-01	7.51e-02	2.21e-02	1.84e-02	1.28e-03	2.94e-05
 4.84840e+22	1.23e-26	2.24e-14	1.58e-11	7.50e-10	1.52e-08	2.28e-07	1.33e-04	8.01e-03	9.53e-02	2.18e-01	3.31e-01	2.40e-01	7.02e-02	2.01e-02	1.62e-02	1.08e-03	2.35e-05
 4.94167e+22	1.69e-26	2.99e-14	2.04e-11	9.36e-10	1.83e-08	2.66e-07	1.49e-04	8.76e-03	1.01e-01	2.25e-01	3.31e-01	2.33e-01	6.64e-02	1.85e-02	1.46e-02	9.32e-04	1.97e-05
 5.02069e+22	2.23e-26	3.86e-14	2.56e-11	1.14e-09	2.15e-08	3.03e-07	1.64e-04	9.47e-03	1.07e-01	2.31e-01	3.31e-01	2.28e-01	6.31e-02	1.72e-02	1.32e-02	8.20e-04	1.67e-05
 5.10620e+22	3.26e-26	5.45e-14	3.48e-11	1.48e-09	2.67e-08	3.62e-07	1.87e-04	1.05e-02	1.15e-01	2.38e-01	3.29e-01	2.20e-01	5.90e-02	1.56e-02	1.16e-02	6.88e-04	1.34e-05
 5.19133e+22	4.29e-26	7.01e-14	4.36e-11	1.80e-09	3.14e-08	4.12e-07	2.06e-04	1.13e-02	1.21e-01	2.44e-01	3.28e-01	2.14e-01	5.59e-02	1.45e-02	1.05e-02	6.04e-04	1.14e-05
 5.27597e+22	6.18e-26	9.83e-14	5.90e-11	2.33e-09	3.89e-08	4.91e-07	2.35e-04	1.25e-02	1.29e-01	2.51e-01	3.26e-01	2.07e-01	5.21e-02	1.31e-02	9.25e-03	5.07e-04	9.15e-06
 5.36204e+22	8.21e-26	1.28e-13	7.46e-11	2.85e-09	4.61e-08	5.63e-07	2.60e-04	1.35e-02	1.36e-01	2.57e-01	3.23e-01	2.00e-01	4.92e-02	1.21e-02	8.33e-03	4.41e-04	7.68e-06
 5.44995e+22	1.20e-25	1.83e-13	1.02e-10	3.73e-09	5.76e-08	6.76e-07	2.97e-04	1.49e-02	1.45e-01	2.64e-01	3.20e-01	1.92e-01	4.55e-02	1.09e-02	7.24e-03	3.65e-04	6.07e-06
 5.53893e+22	1.59e-25	2.40e-13	1.30e-10	4.60e-09	6.86e-08	7.79e-07	3.30e-04	1.62e-02	1.53e-01	2.69e-01	3.16e-01	1.86e-01	4.28e-02	9.98e-03	6.48e-03	3.15e-04	5.05e-06
 5.62930e+22	2.33e-25	3.45e-13	1.80e-10	6.07e-09	8.64e-08	9.41e-07	3.79e-04	1.79e-02	1.63e-01	2.76e-01	3.11e-01	1.77e-01	3.93e-02	8.91e-03	5.58e-03	2.58e-04	3.95e-06
 5.72139e+22	3.14e-25	4.61e-13	2.33e-10	7.58e-09	1.04e-07	1.10e-06	4.24e-04	1.95e-02	1.72e-01	2.81e-01	3.07e-01	1.70e-01	3.67e-02	8.12e-03	4.95e-03	2.20e-04	3.23e-06
 5.81572e+22	4.61e-25	6.74e-13	3.27e-10	1.01e-08	1.33e-07	1.34e-06	4.91e-04	2.17e-02	1.84e-01	2.87e-01	3.01e-01	1.62e-01	3.34e-02	7.18e-03	4.21e-03	1.78e-04	2.48e-06
 5.91195e+22	6.27e-25	9.14e-13	4.28e-10	1.28e-08	1.62e-07	1.58e-06	5.53e-04	2.37e-02	1.94e-01	2.91e-01	2.95e-01	1.55e-01	3.10e-02	6.49e-03	3.69e-03	1.49e-04	1.99e-06
 6.01066e+22	9.27e-25	1.36e-12	6.10e-10	1.74e-08	2.09e-07	1.95e-06	6.47e-04	2.66e-02	2.07e-01	2.96e-01	2.87e-01	1.45e-01	2.79e-02	5.67e-03	3.10e-03	1.18e-04	1.50e-06
 6.11031e+22	1.25e-24	1.86e-12	8.05e-10	2.22e-08	2.56e-07	2.32e-06	7.33e-04	2.91e-02	2.18e-01	3.00e-01	2.81e-01	1.38e-01	2.57e-02	5.09e-03	2.70e-03	9.85e-05	1.19e-06
 6.19443e+22	1.65e-24	2.47e-12	1.04e-09	2.77e-08	3.10e-07	2.72e-06	8.23e-04	3.17e-02	2.28e-01	3.03e-01	2.74e-01	1.32e-01	2.37e-02	4.60e-03	2.37e-03	8.29e-05	9.61e-07
 6.28559e+22	2.31e-24	3.53e-12	1.43e-09	3.66e-08	3.93e-07	3.33e-06	9.55e-04	3.52e-02	2.42e-01	3.05e-01	2.65e-01	1.24e-01	2.14e-02	4.04e-03	2.00e-03	6.64e-05	7.31e-07
 6.37718e+22	3.00e-24	4.69e-12	1.85e-09	4.58e-08	4.77e-07	3.92e-06	1.08e-03	3.84e-02	2.53e-01	3.07e-01	2.58e-01	1.17e-01	1.97e-02	3.63e-03	1.74e-03	5.55e-05	5.85e-07
 6.46670e+22	4.08e-24	6.57e-12	2.50e-09	6.00e-08	6.01e-07	4.78e-06	1.24e-03	4.26e-02	2.66e-01	3.09e-01	2.49e-01	1.10e-01	1.77e-02	3.19e-03	1.47e-03	4.45e-05	4.47e-07
 6.55805e+22	5.28e-24	8.78e-12	3.25e-09	7.57e-08	7.36e-07	5.68e-06	1.41e-03	4.65e-02	2.79e-01	3.09e-01	2.40e-01	1.03e-01	1.61e-02	2.84e-03	1.27e-03	3.67e-05	3.52e-07
 6.64761e+22	6.90e-24	1.21e-11	4.33e-09	9.80e-08	9.21e-07	6.90e-06	1.63e-03	5.14e-02	2.92e-01	3.09e-01	2.31e-01	9.65e-02	1.45e-02	2.48e-03	1.07e-03	2.94e-05	2.69e-07
 6.73906e+22	8.82e-24	1.61e-11	5.66e-09	1.25e-07	1.14e-06	8.29e-06	1.86e-03	5.65e-02	3.05e-01	3.09e-01	2.22e-01	9.01e-02	1.30e-02	2.19e-03	9.11e-04	2.39e-05	2.08e-07
 6.82943e+22	1.13e-23	2.17e-11	7.42e-09	1.60e-07	1.41e-06	1.00e-05	2.14e-03	6.22e-02	3.19e-01	3.07e-01	2.12e-01	8.36e-02	1.17e-02	1.91e-03	7.68e-04	1.92e-05	1.59e-07
 6.92035e+22	1.41e-23	2.89e-11	9.64e-09	2.03e-07	1.75e-06	1.21e-05	2.46e-03	6.83e-02	3.32e-01	3.05e-01	2.02e-01	7.75e-02	1.04e-02	1.67e-03	6.48e-04	1.54e-05	1.22e-07
 7.01021e+22	1.76e-23	3.80e-11	1.24e-08	2.57e-07	2.16e-06	1.46e-05	2.82e-03	7.50e-02	3.45e-01	3.02e-01	1.92e-01	7.17e-02	9.30e-03	1.46e-03	5.45e-04	1.24e-05	0.00e+00
 7.09992e+22	2.17e-23	4.97e-11	1.60e-08	3.23e-07	2.65e-06	1.75e-05	3.22e-03	8.22e-02	3.57e-01	2.98e-01	1.83e-01	6.61e-02	8.28e-03	1.27e-03	4.57e-04	9.89e-06	0.00e+00
 7.18976e+22	2.65e-23	6.45e-11	2.04e-08	4.07e-07	3.26e-06	2.11e-05	3.68e-03	8.99e-02	3.70e-01	2.94e-01	1.73e-01	6.07e-02	7.34e-03	1.10e-03	3.83e-04	7.88e-06	0.00e+00
 7.27992e+22	3.21e-23	8.30e-11	2.59e-08	5.09e-07	3.99e-06	2.53e-05	4.21e-03	9.83e-02	3.82e-01	2.89e-01	1.63e-01	5.56e-02	6.48e-03	9.49e-04	3.19e-04	6.27e-06	0.00e+00
 7.37059e+22	3.87e-23	1.06e-10	3.27e-08	6.36e-07	4.88e-06	3.04e-05	4.80e-03	1.07e-01	3.93e-01	2.84e-01	1.54e-01	5.07e-02	5.71e-03	8.17e-04	2.66e-04	4.97e-06	0.00e+00
 7.46206e+22	4.63e-23	1.35e-10	4.11e-08	7.93e-07	5.96e-06	3.64e-05	5.47e-03	1.17e-01	4.04e-01	2.77e-01	1.44e-01	4.61e-02	5.01e-03	7.00e-04	2.20e-04	3.92e-06	0.00e+00
 7.55457e+22	5.53e-23	1.70e-10	5.15e-08	9.85e-07	7.27e-06	4.36e-05	6.24e-03	1.27e-01	4.15e-01	2.70e-01	1.35e-01	4.18e-02	4.38e-03	5.98e-04	1.81e-04	3.08e-06	0.00e+00
 7.64758e+22	6.57e-23	2.12e-10	6.40e-08	1.22e-06	8.82e-06	5.21e-05	7.08e-03	1.38e-01	4.24e-01	2.63e-01	1.26e-01	3.78e-02	3.82e-03	5.10e-04	1.50e-04	2.42e-06	0.00e+00
 7.74208e+22	7.80e-23	2.65e-10	7.96e-08	1.51e-06	1.07e-05	6.24e-05	8.05e-03	1.50e-01	4.33e-01	2.55e-01	1.17e-01	3.39e-02	3.32e-03	4.31e-04	1.22e-04	1.88e-06	0.00e+00
 7.83764e+22	9.23e-23	3.26e-10	9.80e-08	1.85e-06	1.30e-05	7.43e-05	9.11e-03	1.61e-01	4.40e-01	2.47e-01	1.08e-01	3.05e-02	2.88e-03	3.65e-04	1.00e-04	1.47e-06	0.00e+00
 7.93507e+22	2.53e-22	4.03e-10	1.21e-07	2.28e-06	1.57e-05	8.90e-05	1.03e-02	1.75e-01	4.47e-01	2.38e-01	9.96e-02	2.72e-02	2.47e-03	3.06e-04	8.09e-05	1.13e-06	0.00e+00
 8.03427e+22	3.01e-22	4.92e-10	1.48e-07	2.79e-06	1.89e-05	1.06e-04	1.17e-02	1.88e-01	4.53e-01	2.29e-01	9.17e-02	2.42e-02	2.13e-03	2.56e-04	6.56e-05	8.69e-07	0.00e+00
 8.12524e+22	3.48e-22	5.79e-10	1.75e-07	3.30e-06	2.21e-05	1.22e-04	1.29e-02	1.99e-01	4.57e-01	2.21e-01	8.54e-02	2.19e-02	1.87e-03	2.21e-04	5.49e-05	6.98e-07	0.00e+00
 8.22019e+22	4.16e-22	7.06e-10	2.15e-07	4.06e-06	2.68e-05	1.47e-04	1.47e-02	2.15e-01	4.60e-01	2.11e-01	7.77e-02	1.92e-02	1.58e-03	1.82e-04	4.37e-05	5.26e-07	0.00e+00
 8.31667e+22	4.84e-22	8.26e-10	2.53e-07	4.78e-06	3.11e-05	1.69e-04	1.62e-02	2.27e-01	4.62e-01	2.03e-01	7.20e-02	1.73e-02	1.38e-03	1.55e-04	3.63e-05	4.20e-07	0.00e+00
 8.41612e+22	5.86e-22	1.00e-09	3.10e-07	5.88e-06	3.77e-05	2.03e-04	1.83e-02	2.43e-01	4.64e-01	1.93e-01	6.51e-02	1.51e-02	1.16e-03	1.27e-04	2.86e-05	3.12e-07	0.00e+00
 8.51573e+22	6.80e-22	1.16e-09	3.62e-07	6.87e-06	4.36e-05	2.33e-04	2.01e-02	2.56e-01	4.64e-01	1.85e-01	6.01e-02	1.35e-02	1.01e-03	1.08e-04	2.37e-05	2.49e-07	0.00e+00
 8.61557e+22	8.21e-22	1.39e-09	4.39e-07	8.38e-06	5.24e-05	2.77e-04	2.26e-02	2.73e-01	4.63e-01	1.75e-01	5.41e-02	1.18e-02	8.48e-04	8.76e-05	1.86e-05	1.85e-07	0.00e+00
 8.71585e+22	9.56e-22	1.60e-09	5.10e-07	9.73e-06	6.01e-05	3.16e-04	2.47e-02	2.86e-01	4.61e-01	1.67e-01	4.98e-02	1.05e-02	7.39e-04	7.47e-05	1.55e-05	1.47e-07	0.00e+00
 8.81671e+22	1.16e-21	1.89e-09	6.14e-07	1.18e-05	7.17e-05	3.75e-04	2.76e-02	3.03e-01	4.58e-01	1.57e-01	4.47e-02	9.12e-03	6.17e-04	6.05e-05	1.21e-05	0.00e+00	0.00e+00
 8.91868e+22	1.35e-21	2.17e-09	7.09e-07	1.36e-05	8.21e-05	4.26e-04	3.01e-02	3.16e-01	4.54e-01	1.50e-01	4.10e-02	8.13e-03	5.36e-04	5.13e-05	1.00e-05	0.00e+00	0.00e+00
 9.02211e+22	1.63e-21	2.56e-09	8.51e-07	1.64e-05	9.75e-05	5.03e-04	3.35e-02	3.33e-01	4.49e-01	1.40e-01	3.66e-02	7.00e-03	4.45e-04	4.13e-05	7.80e-06	0.00e+00	0.00e+00
 9.12698e+22	1.91e-21	2.92e-09	9.82e-07	1.90e-05	1.11e-04	5.71e-04	3.64e-02	3.46e-01	4.44e-01	1.33e-01	3.34e-02	6.22e-03	3.84e-04	3.48e-05	6.41e-06	0.00e+00	0.00e+00
 9.23374e+22	2.32e-21	3.43e-09	1.18e-06	2.28e-05	1.32e-04	6.73e-04	4.04e-02	3.64e-01	4.36e-01	1.24e-01	2.97e-02	5.32e-03	3.17e-04	2.79e-05	4.96e-06	0.00e+00	0.00e+00
 9.34252e+22	2.74e-21	3.92e-09	1.36e-06	2.64e-05	1.51e-04	7.64e-04	4.39e-02	3.77e-01	4.29e-01	1.17e-01	2.70e-02	4.70e-03	2.72e-04	2.33e-05	4.05e-06	0.00e+00	0.00e+00
 9.45392e+22	3.35e-21	4.61e-09	1.63e-06	3.18e-05	1.78e-04	9.00e-04	4.86e-02	3.94e-01	4.20e-01	1.08e-01	2.38e-02	3.99e-03	2.23e-04	1.85e-05	3.10e-06	0.00e+00	0.00e+00
 9.56798e+22	3.98e-21	5.28e-09	1.89e-06	3.68e-05	2.04e-04	1.02e-03	5.27e-02	4.08e-01	4.12e-01	1.02e-01	2.15e-02	3.50e-03	1.90e-04	1.54e-05	2.51e-06	0.00e+00	0.00e+00
 9.68547e+22	4.92e-21	6.23e-09	2.27e-06	4.44e-05	2.41e-04	1.21e-03	5.84e-02	4.25e-01	4.00e-01	9.35e-02	1.87e-02	2.94e-03	1.54e-04	1.20e-05	1.90e-06	0.00e+00	0.00e+00
 9.80499e+22	5.93e-21	7.19e-09	2.64e-06	5.16e-05	2.75e-04	1.37e-03	6.31e-02	4.37e-01	3.91e-01	8.74e-02	1.69e-02	2.57e-03	1.30e-04	9.93e-06	1.53e-06	0.00e+00	0.00e+00
 9.90591e+22	6.91e-21	8.10e-09	3.01e-06	5.88e-05	3.09e-04	1.53e-03	6.76e-02	4.49e-01	3.82e-01	8.21e-02	1.53e-02	2.27e-03	1.12e-04	8.32e-06	1.25e-06	0.00e+00	0.00e+00
 1.00159e+23	8.46e-21	9.44e-09	3.57e-06	6.95e-05	3.59e-04	1.77e-03	7.38e-02	4.63e-01	3.70e-01	7.56e-02	1.34e-02	1.93e-03	9.18e-05	6.63e-06	9.64e-07	0.00e+00	0.00e+00
 1.01223e+23	9.84e-21	1.06e-08	4.03e-06	7.83e-05	3.98e-04	1.96e-03	7.84e-02	4.73e-01	3.61e-01	7.13e-02	1.23e-02	1.72e-03	7.98e-05	5.65e-06	8.03e-07	0.00e+00	0.00e+00
 1.02242e+23	1.18e-20	1.21e-08	4.69e-06	9.10e-05	4.55e-04	2.23e-03	8.48e-02	4.85e-01	3.49e-01	6.59e-02	1.09e-02	1.47e-03	6.63e-05	4.56e-06	6.30e-07	0.00e+00	0.00e+00
 1.03272e+23	1.39e-20	1.37e-08	5.32e-06	1.03e-04	5.04e-04	2.46e-03	8.97e-02	4.93e-01	3.41e-01	6.20e-02	9.92e-03	1.31e-03	5.76e-05	3.88e-06	5.25e-07	0.00e+00	0.00e+00
 1.04316e+23	1.67e-20	1.58e-08	6.21e-06	1.19e-04	5.75e-04	2.79e-03	9.67e-02	5.04e-01	3.28e-01	5.71e-02	8.76e-03	1.12e-03	4.77e-05	3.13e-06	4.11e-07	0.00e+00	0.00e+00
 1.05376e+23	1.98e-20	1.79e-08	7.07e-06	1.35e-04	6.38e-04	3.07e-03	1.02e-01	5.12e-01	3.19e-01	5.35e-02	7.96e-03	9.94e-04	4.13e-05	2.65e-06	3.40e-07	0.00e+00	0.00e+00
 1.06458e+23	2.42e-20	2.08e-08	8.29e-06	1.57e-04	7.28e-04	3.50e-03	1.10e-01	5.22e-01	3.06e-01	4.90e-02	6.99e-03	8.45e-04	3.39e-05	2.12e-06	2.64e-07	0.00e+00	0.00e+00
 1.07554e+23	2.90e-20	2.38e-08	9.47e-06	1.77e-04	8.06e-04	3.85e-03	1.16e-01	5.29e-01	2.97e-01	4.59e-02	6.33e-03	7.46e-04	2.92e-05	1.78e-06	2.17e-07	0.00e+00	0.00e+00
 1.08672e+23	3.57e-20	2.78e-08	1.11e-05	2.07e-04	9.20e-04	4.37e-03	1.25e-01	5.38e-01	2.84e-01	4.18e-02	5.53e-03	6.31e-04	2.39e-05	1.42e-06	1.67e-07	0.00e+00	0.00e+00
 1.09809e+23	4.33e-20	3.20e-08	1.28e-05	2.35e-04	1.02e-03	4.81e-03	1.32e-01	5.43e-01	2.74e-01	3.89e-02	4.98e-03	5.54e-04	2.04e-05	1.19e-06	1.37e-07	0.00e+00	0.00e+00
 1.10973e+23	5.40e-20	3.77e-08	1.52e-05	2.76e-04	1.17e-03	5.47e-03	1.42e-01	5.50e-01	2.61e-01	3.53e-02	4.32e-03	4.65e-04	1.66e-05	9.34e-07	0.00e+00	0.00e+00	0.00e+00
 1.12164e+23	6.61e-20	4.37e-08	1.75e-05	3.14e-04	1.30e-03	6.04e-03	1.49e-01	5.55e-01	2.51e-01	3.26e-02	3.87e-03	4.05e-04	1.40e-05	7.74e-07	0.00e+00	0.00e+00	0.00e+00
 1.13389e+23	8.47e-20	5.24e-08	2.10e-05	3.70e-04	1.48e-03	6.87e-03	1.60e-01	5.60e-01	2.38e-01	2.94e-02	3.34e-03	3.37e-04	1.13e-05	6.04e-07	0.00e+00	0.00e+00	0.00e+00
 1.14646e+23	1.05e-19	6.14e-08	2.44e-05	4.24e-04	1.66e-03	7.59e-03	1.69e-01	5.64e-01	2.27e-01	2.71e-02	2.96e-03	2.91e-04	9.44e-06	4.94e-07	0.00e+00	0.00e+00	0.00e+00
 1.15945e+23	1.38e-19	7.48e-08	2.96e-05	5.04e-04	1.90e-03	8.65e-03	1.81e-01	5.67e-01	2.14e-01	2.42e-02	2.53e-03	2.39e-04	7.49e-06	3.80e-07	0.00e+00	0.00e+00	0.00e+00
 1.17257e+23	1.75e-19	8.86e-08	3.47e-05	5.78e-04	2.12e-03	9.53e-03	1.90e-01	5.69e-01	2.04e-01	2.22e-02	2.24e-03	2.06e-04	6.27e-06	3.11e-07	0.00e+00	0.00e+00	0.00e+00
 1.18584e+23	2.32e-19	1.09e-07	4.21e-05	6.87e-04	2.43e-03	1.09e-02	2.03e-01	5.70e-01	1.91e-01	1.97e-02	1.90e-03	1.69e-04	4.94e-06	2.37e-07	0.00e+00	0.00e+00	0.00e+00
 1.19925e+23	2.97e-19	1.30e-07	4.95e-05	7.89e-04	2.71e-03	1.19e-02	2.13e-01	5.70e-01	1.82e-01	1.80e-02	1.68e-03	1.45e-04	4.11e-06	1.93e-07	0.00e+00	0.00e+00	0.00e+00
 1.21286e+23	4.02e-19	1.61e-07	6.05e-05	9.40e-04	3.10e-03	1.36e-02	2.27e-01	5.68e-01	1.69e-01	1.60e-02	1.42e-03	1.18e-04	3.22e-06	1.47e-07	0.00e+00	0.00e+00	0.00e+00
 1.22614e+23	5.14e-19	1.91e-07	7.05e-05	1.07e-03	3.43e-03	1.48e-02	2.37e-01	5.67e-01	1.61e-01	1.46e-02	1.26e-03	1.02e-04	2.72e-06	1.21e-07	0.00e+00	0.00e+00	0.00e+00
 1.23900e+23	6.89e-19	2.34e-07	8.52e-05	1.26e-03	3.88e-03	1.66e-02	2.50e-01	5.63e-01	1.50e-01	1.30e-02	1.08e-03	8.39e-05	2.15e-06	0.00e+00	0.00e+00	0.00e+00	0.00e+00
 1.25231e+23	2.94e-19	2.82e-07	1.00e-04	1.45e-03	4.31e-03	1.81e-02	2.61e-01	5.60e-01	1.42e-01	1.18e-02	9.47e-04	7.18e-05	1.79e-06	0.00e+00	0.00e+00	0.00e+00	0.00e+00
 1.26368e+23	3.65e-19	3.31e-07	1.16e-04	1.63e-03	4.71e-03	1.96e-02	2.71e-01	5.56e-01	1.35e-01	1.09e-02	8.43e-04	6.23e-05	1.51e-06	0.00e+00	0.00e+00	0.00e+00	0.00e+00
 1.27593e+23	4.80e-19	4.06e-07	1.39e-04	1.90e-03	5.28e-03	2.18e-02	2.84e-01	5.51e-01	1.26e-01	9.70e-03	7.24e-04	5.18e-05	1.22e-06	0.00e+00	0.00e+00	0.00e+00	0.00e+00
 1.28821e+23	6.02e-19	4.78e-07	1.60e-04	2.14e-03	5.78e-03	2.35e-02	2.94e-01	5.46e-01	1.19e-01	8.88e-03	6.43e-04	4.48e-05	1.03e-06	0.00e+00	0.00e+00	0.00e+00	0.00e+00
 1.30052e+23	7.99e-19	5.88e-07	1.92e-04	2.48e-03	6.45e-03	2.59e-02	3.06e-01	5.39e-01	1.11e-01	7.95e-03	5.55e-04	3.75e-05	8.31e-07	0.00e+00	0.00e+00	0.00e+00	0.00e+00
 1.31332e+23	1.03e-18	7.05e-07	2.24e-04	2.83e-03	7.10e-03	2.82e-02	3.18e-01	5.32e-01	1.04e-01	7.17e-03	4.84e-04	3.18e-05	6.84e-07	0.00e+00	0.00e+00	0.00e+00	0.00e+00
 1.32473e+23	1.31e-18	8.39e-07	2.60e-04	3.20e-03	7.76e-03	3.04e-02	3.28e-01	5.25e-01	9.84e-02	6.54e-03	4.29e-04	2.75e-05	5.75e-07	0.00e+00	0.00e+00	0.00e+00	0.00e+00
 1.33755e+23	6.36e-18	1.04e-06	3.13e-04	3.72e-03	8.66e-03	3.33e-02	3.41e-01	5.15e-01	9.13e-02	5.82e-03	3.67e-04	2.28e-05	4.62e-07	0.00e+00	0.00e+00	0.00e+00	0.00e+00
 1.35107e+23	9.08e-18	1.27e-06	3.71e-04	4.27e-03	9.56e-03	3.63e-02	3.53e-01	5.06e-01	8.50e-02	5.21e-03	3.18e-04	1.91e-05	3.76e-07	0.00e+00	0.00e+00	0.00e+00	0.00e+00
 1.36338e+23	1.23e-17	1.53e-06	4.35e-04	4.85e-03	1.05e-02	3.92e-02	3.64e-01	4.97e-01	7.94e-02	4.70e-03	2.78e-04	1.63e-05	3.11e-07	0.00e+00	0.00e+00	0.00e+00	0.00e+00
 1.37727e+23	1.84e-17	1.95e-06	5.31e-04	5.70e-03	1.17e-02	4.32e-02	3.77e-01	4.85e-01	7.28e-02	4.12e-03	2.34e-04	1.32e-05	2.44e-07	0.00e+00	0.00e+00	0.00e+00	0.00e+00
 1.39159e+23	5.87e-18	2.39e-06	6.31e-04	6.55e-03	1.30e-02	4.69e-02	3.89e-01	4.73e-01	6.73e-02	3.66e-03	2.01e-04	1.10e-05	1.97e-07	0.00e+00	0.00e+00	0.00e+00	0.00e+00
 1.40430e+23	7.82e-18	2.91e-06	7.42e-04	7.45e-03	1.42e-02	5.06e-02	3.99e-01	4.62e-01	6.25e-02	3.28e-03	1.75e-04	9.29e-06	1.62e-07	0.00e+00	0.00e+00	0.00e+00	0.00e+00
 1.41868e+23	1.12e-17	3.72e-06	9.10e-04	8.76e-03	1.59e-02	5.54e-02	4.12e-01	4.47e-01	5.68e-02	2.86e-03	1.46e-04	7.50e-06	1.26e-07	0.00e+00	0.00e+00	0.00e+00	0.00e+00
 1.43359e+23	1.57e-17	4.62e-06	1.09e-03	1.01e-02	1.75e-02	6.01e-02	4.23e-01	4.34e-01	5.21e-02	2.52e-03	1.24e-04	6.18e-06	0.00e+00	0.00e+00	0.00e+00	0.00e+00	0.00e+00
 1.44697e+23	2.14e-17	5.68e-06	1.29e-03	1.15e-02	1.92e-02	6.47e-02	4.32e-01	4.21e-01	4.79e-02	2.23e-03	1.06e-04	5.15e-06	0.00e+00	0.00e+00	0.00e+00	0.00e+00	0.00e+00
 1.46213e+23	3.22e-17	7.38e-06	1.59e-03	1.36e-02	2.15e-02	7.09e-02	4.44e-01	4.04e-01	4.30e-02	1.92e-03	8.75e-05	4.08e-06	0.00e+00	0.00e+00	0.00e+00	0.00e+00	0.00e+00
 1.47779e+23	4.60e-17	9.22e-06	1.91e-03	1.57e-02	2.36e-02	7.65e-02	4.53e-01	3.89e-01	3.91e-02	1.68e-03	7.38e-05	3.33e-06	0.00e+00	0.00e+00	0.00e+00	0.00e+00	0.00e+00
 1.49409e+23	7.23e-17	1.22e-05	2.39e-03	1.87e-02	2.66e-02	8.39e-02	4.63e-01	3.70e-01	3.46e-02	1.42e-03	5.96e-05	2.58e-06	0.00e+00	0.00e+00	0.00e+00	0.00e+00	0.00e+00
 1.51060e+23	1.07e-16	1.53e-05	2.88e-03	2.15e-02	2.92e-02	9.03e-02	4.70e-01	3.54e-01	3.12e-02	1.23e-03	4.98e-05	2.09e-06	0.00e+00	0.00e+00	0.00e+00	0.00e+00	0.00e+00
 1.52512e+23	1.56e-16	1.91e-05	3.43e-03	2.46e-02	3.19e-02	9.66e-02	4.76e-01	3.38e-01	2.82e-02	1.07e-03	4.20e-05	1.71e-06	0.00e+00	0.00e+00	0.00e+00	0.00e+00	0.00e+00
 1.54175e+23	2.60e-16	2.54e-05	4.30e-03	2.92e-02	3.57e-02	1.06e-01	4.82e-01	3.17e-01	2.45e-02	8.91e-04	3.32e-05	1.30e-06	0.00e+00	0.00e+00	0.00e+00	0.00e+00	0.00e+00
 1.55856e+23	3.97e-16	3.18e-05	5.14e-03	3.34e-02	3.89e-02	1.13e-01	4.86e-01	3.01e-01	2.19e-02	7.69e-04	2.76e-05	1.05e-06	0.00e+00	0.00e+00	0.00e+00	0.00e+00	0.00e+00
 1.57560e+23	6.89e-16	4.22e-05	6.43e-03	3.95e-02	4.32e-02	1.22e-01	4.89e-01	2.81e-01	1.90e-02	6.37e-04	2.18e-05	7.94e-07	0.00e+00	0.00e+00	0.00e+00	0.00e+00	0.00e+00
 1.59295e+23	1.17e-15	5.32e-05	7.71e-03	4.52e-02	4.71e-02	1.30e-01	4.89e-01	2.64e-01	1.68e-02	5.43e-04	1.79e-05	6.29e-07	0.00e+00	0.00e+00	0.00e+00	0.00e+00	0.00e+00
 1.60838e+23	1.99e-15	6.68e-05	9.20e-03	5.15e-02	5.10e-02	1.38e-01	4.88e-01	2.47e-01	1.48e-02	4.62e-04	1.46e-05	4.98e-07	0.00e+00	0.00e+00	0.00e+00	0.00e+00	0.00e+00
 1.62610e+23	4.02e-15	8.88e-05	1.15e-02	6.05e-02	5.63e-02	1.47e-01	4.85e-01	2.27e-01	1.26e-02	3.77e-04	1.13e-05	3.71e-07	0.00e+00	0.00e+00	0.00e+00	0.00e+00	0.00e+00
 1.64418e+23	9.19e-15	1.12e-04	1.37e-02	6.90e-02	6.08e-02	1.56e-01	4.80e-01	2.10e-01	1.09e-02	3.16e-04	9.10e-06	2.88e-07	0.00e+00	0.00e+00	0.00e+00	0.00e+00	0.00e+00
 1.66028e+23	2.41e-14	1.41e-04	1.64e-02	7.82e-02	6.54e-02	1.63e-01	4.73e-01	1.94e-01	9.47e-03	2.65e-04	7.32e-06	2.25e-07	0.00e+00	0.00e+00	0.00e+00	0.00e+00	0.00e+00
 1.67878e+23	9.51e-14	1.88e-04	2.03e-02	9.12e-02	7.15e-02	1.73e-01	4.62e-01	1.74e-01	7.86e-03	2.11e-04	5.52e-06	1.63e-07	0.00e+00	0.00e+00	0.00e+00	0.00e+00	0.00e+00
 1.69758e+23	1.06e-12	2.36e-04	2.42e-02	1.03e-01	7.64e-02	1.80e-01	4.51e-01	1.58e-01	6.71e-03	1.74e-04	4.37e-06	1.25e-07	0.00e+00	0.00e+00	0.00e+00	0.00e+00	0.00e+00
 1.71678e+23	2.71e-11	3.15e-04	3.00e-02	1.19e-01	8.27e-02	1.89e-01	4.34e-01	1.39e-01	5.44e-03	1.36e-04	3.21e-06	0.00e+00	0.00e+00	0.00e+00	0.00e+00	0.00e+00	0.00e+00
 1.73565e+23	4.01e-10	3.89e-04	3.50e-02	1.33e-01	8.73e-02	1.94e-01	4.20e-01	1.26e-01	4.63e-03	1.12e-04	2.54e-06	0.00e+00	0.00e+00	0.00e+00	0.00e+00	0.00e+00	0.00e+00
 1.75098e+23	3.25e-09	4.68e-04	4.02e-02	1.45e-01	9.14e-02	1.99e-01	4.05e-01	1.15e-01	3.98e-03	9.42e-05	2.05e-06	0.00e+00	0.00e+00	0.00e+00	0.00e+00	0.00e+00	0.00e+00
 1.76780e+23	5.72e-09	5.92e-04	4.76e-02	1.63e-01	9.64e-02	2.03e-01	3.85e-01	1.01e-01	3.27e-03	7.49e-05	1.55e-06	0.00e+00	0.00e+00	0.00e+00	0.00e+00	0.00e+00	0.00e+00
 1.78475e+23	7.92e-09	7.12e-04	5.44e-02	1.77e-01	1.00e-01	2.06e-01	3.68e-01	9.06e-02	2.77e-03	6.20e-05	1.23e-06	0.00e+00	0.00e+00	0.00e+00	0.00e+00	0.00e+00	0.00e+00
 1.79957e+23	1.06e-08	8.48e-04	6.16e-02	1.91e-01	1.03e-01	2.08e-01	3.51e-01	8.12e-02	2.35e-03	5.14e-05	9.77e-07	0.00e+00	0.00e+00	0.00e+00	0.00e+00	0.00e+00	0.00e+00
 1.81653e+23	1.49e-08	1.06e-03	7.19e-02	2.10e-01	1.07e-01	2.09e-01	3.28e-01	7.01e-02	1.90e-03	4.03e-05	7.25e-07	0.00e+00	0.00e+00	0.00e+00	0.00e+00	0.00e+00	0.00e+00
 1.83382e+23	1.97e-08	1.26e-03	8.13e-02	2.27e-01	1.10e-01	2.09e-01	3.08e-01	6.17e-02	1.57e-03	3.26e-05	5.62e-07	0.00e+00	0.00e+00	0.00e+00	0.00e+00	0.00e+00	0.00e+00
 1.85154e+23	2.72e-08	1.56e-03	9.40e-02	2.46e-01	1.13e-01	2.08e-01	2.84e-01	5.25e-02	1.25e-03	2.52e-05	4.11e-07	0.00e+00	0.00e+00	0.00e+00	0.00e+00	0.00e+00	0.00e+00
 1.86957e+23	3.55e-08	1.85e-03	1.06e-01	2.63e-01	1.15e-01	2.05e-01	2.63e-01	4.53e-02	1.01e-03	2.00e-05	3.11e-07	0.00e+00	0.00e+00	0.00e+00	0.00e+00	0.00e+00	0.00e+00
 1.88530e+23	4.51e-08	2.17e-03	1.18e-01	2.78e-01	1.16e-01	2.02e-01	2.44e-01	3.94e-02	8.34e-04	1.61e-05	2.39e-07	0.00e+00	0.00e+00	0.00e+00	0.00e+00	0.00e+00	0.00e+00
 1.90308e+23	6.06e-08	2.64e-03	1.34e-01	2.97e-01	1.17e-01	1.96e-01	2.20e-01	3.27e-02	6.45e-04	1.22e-05	1.70e-07	0.00e+00	0.00e+00	0.00e+00	0.00e+00	0.00e+00	0.00e+00
 1.91970e+23	7.36e-08	3.01e-03	1.45e-01	3.10e-01	1.17e-01	1.92e-01	2.04e-01	2.86e-02	5.39e-04	9.98e-06	1.34e-07	0.00e+00	0.00e+00	0.00e+00	0.00e+00	0.00e+00	0.00e+00
 1.93481e+23	9.29e-08	3.51e-03	1.60e-01	3.24e-01	1.17e-01	1.86e-01	1.85e-01	2.42e-02	4.30e-04	7.81e-06	0.00e+00	0.00e+00	0.00e+00	0.00e+00	0.00e+00	0.00e+00	0.00e+00
 1.95023e+23	1.13e-07	3.99e-03	1.74e-01	3.35e-01	1.16e-01	1.80e-01	1.70e-01	2.09e-02	3.54e-04	6.32e-06	0.00e+00	0.00e+00	0.00e+00	0.00e+00	0.00e+00	0.00e+00	0.00e+00
 1.96389e+23	1.35e-07	4.49e-03	1.87e-01	3.45e-01	1.15e-01	1.74e-01	1.56e-01	1.82e-02	2.94e-04	5.15e-06	0.00e+00	0.00e+00	0.00e+00	0.00e+00	0.00e+00	0.00e+00	0.00e+00
 1.97948e+23	1.68e-07	5.21e-03	2.04e-01	3.57e-01	1.13e-01	1.66e-01	1.39e-01	1.51e-02	2.29e-04	3.95e-06	0.00e+00	0.00e+00	0.00e+00	0.00e+00	0.00e+00	0.00e+00	0.00e+00
 1.99523e+23	2.00e-07	5.84e-03	2.18e-01	3.65e-01	1.11e-01	1.60e-01	1.27e-01	1.29e-02	1.88e-04	3.18e-06	0.00e+00	0.00e+00	0.00e+00	0.00e+00	0.00e+00	0.00e+00	0.00e+00
 2.01116e+23	2.47e-07	6.72e-03	2.37e-01	3.74e-01	1.09e-01	1.51e-01	1.12e-01	1.06e-02	1.46e-04	2.42e-06	0.00e+00	0.00e+00	0.00e+00	0.00e+00	0.00e+00	0.00e+00	0.00e+00
 2.02735e+23	2.95e-07	7.53e-03	2.52e-01	3.81e-01	1.06e-01	1.43e-01	1.01e-01	8.95e-03	1.17e-04	1.91e-06	0.00e+00	0.00e+00	0.00e+00	0.00e+00	0.00e+00	0.00e+00	0.00e+00
 2.04160e+23	3.47e-07	8.38e-03	2.68e-01	3.86e-01	1.04e-01	1.36e-01	9.08e-02	7.59e-03	9.48e-05	1.52e-06	0.00e+00	0.00e+00	0.00e+00	0.00e+00	0.00e+00	0.00e+00	0.00e+00
 2.05787e+23	4.24e-07	9.55e-03	2.87e-01	3.91e-01	1.00e-01	1.27e-01	7.92e-02	6.13e-03	7.24e-05	1.14e-06	0.00e+00	0.00e+00	0.00e+00	0.00e+00	0.00e+00	0.00e+00	0.00e+00
 2.07441e+23	5.01e-07	1.06e-02	3.04e-01	3.94e-01	9.70e-02	1.19e-01	7.05e-02	5.12e-03	5.76e-05	8.93e-07	0.00e+00	0.00e+00	0.00e+00	0.00e+00	0.00e+00	0.00e+00	0.00e+00
 2.08902e+23	5.88e-07	1.18e-02	3.20e-01	3.95e-01	9.38e-02	1.12e-01	6.27e-02	4.28e-03	4.60e-05	7.02e-07	0.00e+00	0.00e+00	0.00e+00	0.00e+00	0.00e+00	0.00e+00	0.00e+00
 2.10575e+23	7.13e-07	1.33e-02	3.40e-01	3.96e-01	8.97e-02	1.03e-01	5.40e-02	3.40e-03	3.46e-05	5.17e-07	0.00e+00	0.00e+00	0.00e+00	0.00e+00	0.00e+00	0.00e+00	0.00e+00
 2.12275e+23	8.37e-07	1.47e-02	3.57e-01	3.95e-01	8.62e-02	9.62e-02	4.75e-02	2.80e-03	2.72e-05	3.99e-07	0.00e+00	0.00e+00	0.00e+00	0.00e+00	0.00e+00	0.00e+00	0.00e+00
 2.14011e+23	1.02e-06	1.66e-02	3.79e-01	3.93e-01	8.17e-02	8.76e-02	4.04e-02	2.19e-03	2.02e-05	2.89e-07	0.00e+00	0.00e+00	0.00e+00	0.00e+00	0.00e+00	0.00e+00	0.00e+00
 2.15766e+23	1.19e-06	1.84e-02	3.96e-01	3.90e-01	7.80e-02	8.09e-02	3.52e-02	1.78e-03	1.56e-05	2.21e-07	0.00e+00	0.00e+00	0.00e+00	0.00e+00	0.00e+00	0.00e+00	0.00e+00
 2.17544e+23	1.44e-06	2.07e-02	4.17e-01	3.85e-01	7.36e-02	7.30e-02	2.97e-02	1.38e-03	1.15e-05	1.58e-07	0.00e+00	0.00e+00	0.00e+00	0.00e+00	0.00e+00	0.00e+00	0.00e+00
 2.19353e+23	1.69e-06	2.28e-02	4.35e-01	3.79e-01	6.98e-02	6.68e-02	2.57e-02	1.11e-03	8.81e-06	0.00e+00	0.00e+00	0.00e+00	0.00e+00	0.00e+00	0.00e+00	0.00e+00	0.00e+00
 2.21201e+23	2.04e-06	2.55e-02	4.56e-01	3.71e-01	6.53e-02	5.97e-02	2.14e-02	8.47e-04	6.37e-06	0.00e+00	0.00e+00	0.00e+00	0.00e+00	0.00e+00	0.00e+00	0.00e+00	0.00e+00
 2.23085e+23	2.39e-06	2.81e-02	4.73e-01	3.64e-01	6.16e-02	5.41e-02	1.83e-02	6.71e-04	4.82e-06	0.00e+00	0.00e+00	0.00e+00	0.00e+00	0.00e+00	0.00e+00	0.00e+00	0.00e+00
 2.24756e+23	2.77e-06	3.07e-02	4.90e-01	3.56e-01	5.81e-02	4.92e-02	1.57e-02	5.37e-04	3.70e-06	0.00e+00	0.00e+00	0.00e+00	0.00e+00	0.00e+00	0.00e+00	0.00e+00	0.00e+00
 2.26669e+23	3.34e-06	3.43e-02	5.10e-01	3.45e-01	5.39e-02	4.33e-02	1.29e-02	4.03e-04	2.64e-06	0.00e+00	0.00e+00	0.00e+00	0.00e+00	0.00e+00	0.00e+00	0.00e+00	0.00e+00
 2.28628e+23	3.90e-06	3.76e-02	5.27e-01	3.35e-01	5.04e-02	3.89e-02	1.09e-02	3.15e-04	1.97e-06	0.00e+00	0.00e+00	0.00e+00	0.00e+00	0.00e+00	0.00e+00	0.00e+00	0.00e+00
 2.30129e+23	4.36e-06	4.01e-02	5.38e-01	3.28e-01	4.80e-02	3.59e-02	9.70e-03	2.65e-04	1.61e-06	0.00e+00	0.00e+00	0.00e+00	0.00e+00	0.00e+00	0.00e+00	0.00e+00	0.00e+00
 2.31559e+23	4.99e-06	4.33e-02	5.52e-01	3.18e-01	4.52e-02	3.25e-02	8.34e-03	2.12e-04	1.25e-06	0.00e+00	0.00e+00	0.00e+00	0.00e+00	0.00e+00	0.00e+00	0.00e+00	0.00e+00
 2.33019e+23	5.55e-06	4.61e-02	5.63e-01	3.10e-01	4.30e-02	2.99e-02	7.38e-03	1.78e-04	1.01e-06	0.00e+00	0.00e+00	0.00e+00	0.00e+00	0.00e+00	0.00e+00	0.00e+00	0.00e+00
 2.34520e+23	6.37e-06	4.99e-02	5.77e-01	3.00e-01	4.02e-02	2.68e-02	6.29e-03	1.41e-04	7.74e-07	0.00e+00	0.00e+00	0.00e+00	0.00e+00	0.00e+00	0.00e+00	0.00e+00	0.00e+00
 2.36034e+23	7.11e-06	5.31e-02	5.87e-01	2.91e-01	3.81e-02	2.46e-02	5.53e-03	1.17e-04	6.24e-07	0.00e+00	0.00e+00	0.00e+00	0.00e+00	0.00e+00	0.00e+00	0.00e+00	0.00e+00
 2.37565e+23	8.14e-06	5.73e-02	6.00e-01	2.80e-01	3.56e-02	2.19e-02	4.70e-03	9.22e-05	4.76e-07	0.00e+00	0.00e+00	0.00e+00	0.00e+00	0.00e+00	0.00e+00	0.00e+00	0.00e+00
 2.39121e+23	9.10e-06	6.10e-02	6.10e-01	2.71e-01	3.36e-02	2.00e-02	4.11e-03	7.59e-05	3.81e-07	0.00e+00	0.00e+00	0.00e+00	0.00e+00	0.00e+00	0.00e+00	0.00e+00	0.00e+00
 2.40710e+23	1.04e-05	6.59e-02	6.22e-01	2.59e-01	3.12e-02	1.77e-02	3.46e-03	5.93e-05	2.88e-07	0.00e+00	0.00e+00	0.00e+00	0.00e+00	0.00e+00	0.00e+00	0.00e+00	0.00e+00
 2.42321e+23	1.17e-05	7.02e-02	6.31e-01	2.50e-01	2.93e-02	1.60e-02	3.01e-03	4.84e-05	2.29e-07	0.00e+00	0.00e+00	0.00e+00	0.00e+00	0.00e+00	0.00e+00	0.00e+00	0.00e+00
 2.43961e+23	1.34e-05	7.56e-02	6.42e-01	2.38e-01	2.72e-02	1.41e-02	2.53e-03	3.77e-05	1.73e-07	0.00e+00	0.00e+00	0.00e+00	0.00e+00	0.00e+00	0.00e+00	0.00e+00	0.00e+00
 2.45643e+23	1.51e-05	8.06e-02	6.51e-01	2.28e-01	2.54e-02	1.27e-02	2.18e-03	3.03e-05	1.35e-07	0.00e+00	0.00e+00	0.00e+00	0.00e+00	0.00e+00	0.00e+00	0.00e+00	0.00e+00
 2.47380e+23	1.75e-05	8.74e-02	6.61e-01	2.15e-01	2.33e-02	1.10e-02	1.79e-03	2.30e-05	0.00e+00	0.00e+00	0.00e+00	0.00e+00	0.00e+00	0.00e+00	0.00e+00	0.00e+00	0.00e+00
 2.49112e+23	1.95e-05	9.26e-02	6.68e-01	2.06e-01	2.18e-02	9.87e-03	1.55e-03	1.87e-05	0.00e+00	0.00e+00	0.00e+00	0.00e+00	0.00e+00	0.00e+00	0.00e+00	0.00e+00	0.00e+00
 2.50839e+23	2.25e-05	9.98e-02	6.76e-01	1.94e-01	2.00e-02	8.57e-03	1.29e-03	1.43e-05	0.00e+00	0.00e+00	0.00e+00	0.00e+00	0.00e+00	0.00e+00	0.00e+00	0.00e+00	0.00e+00
 2.52622e+23	2.53e-05	1.06e-01	6.82e-01	1.84e-01	1.85e-02	7.60e-03	1.10e-03	1.13e-05	0.00e+00	0.00e+00	0.00e+00	0.00e+00	0.00e+00	0.00e+00	0.00e+00	0.00e+00	0.00e+00
 2.54477e+23	2.93e-05	1.15e-01	6.90e-01	1.71e-01	1.69e-02	6.49e-03	8.92e-04	8.46e-06	0.00e+00	0.00e+00	0.00e+00	0.00e+00	0.00e+00	0.00e+00	0.00e+00	0.00e+00	0.00e+00
 2.56336e+23	3.30e-05	1.22e-01	6.94e-01	1.62e-01	1.56e-02	5.75e-03	7.60e-04	6.74e-06	0.00e+00	0.00e+00	0.00e+00	0.00e+00	0.00e+00	0.00e+00	0.00e+00	0.00e+00	0.00e+00
 2.58200e+23	3.81e-05	1.31e-01	6.99e-01	1.50e-01	1.42e-02	4.89e-03	6.18e-04	5.03e-06	0.00e+00	0.00e+00	0.00e+00	0.00e+00	0.00e+00	0.00e+00	0.00e+00	0.00e+00	0.00e+00
 2.60090e+23	4.28e-05	1.39e-01	7.02e-01	1.41e-01	1.31e-02	4.30e-03	5.23e-04	3.98e-06	0.00e+00	0.00e+00	0.00e+00	0.00e+00	0.00e+00	0.00e+00	0.00e+00	0.00e+00	0.00e+00
 2.62013e+23	4.95e-05	1.50e-01	7.05e-01	1.29e-01	1.18e-02	3.63e-03	4.21e-04	2.94e-06	0.00e+00	0.00e+00	0.00e+00	0.00e+00	0.00e+00	0.00e+00	0.00e+00	0.00e+00	0.00e+00
 2.63938e+23	5.57e-05	1.59e-01	7.07e-01	1.20e-01	1.08e-02	3.17e-03	3.56e-04	2.32e-06	0.00e+00	0.00e+00	0.00e+00	0.00e+00	0.00e+00	0.00e+00	0.00e+00	0.00e+00	0.00e+00
 2.65866e+23	6.44e-05	1.71e-01	7.07e-01	1.09e-01	9.71e-03	2.66e-03	2.85e-04	1.70e-06	0.00e+00	0.00e+00	0.00e+00	0.00e+00	0.00e+00	0.00e+00	0.00e+00	0.00e+00	0.00e+00
 2.67800e+23	7.23e-05	1.81e-01	7.07e-01	1.01e-01	8.90e-03	2.31e-03	2.39e-04	1.33e-06	0.00e+00	0.00e+00	0.00e+00	0.00e+00	0.00e+00	0.00e+00	0.00e+00	0.00e+00	0.00e+00
 2.69741e+23	8.36e-05	1.94e-01	7.05e-01	9.07e-02	7.95e-03	1.92e-03	1.90e-04	9.72e-07	0.00e+00	0.00e+00	0.00e+00	0.00e+00	0.00e+00	0.00e+00	0.00e+00	0.00e+00	0.00e+00
 2.71685e+23	9.37e-05	2.05e-01	7.03e-01	8.32e-02	7.26e-03	1.66e-03	1.59e-04	7.61e-07	0.00e+00	0.00e+00	0.00e+00	0.00e+00	0.00e+00	0.00e+00	0.00e+00	0.00e+00	0.00e+00
 2.73632e+23	1.09e-04	2.20e-01	6.98e-01	7.37e-02	6.43e-03	1.36e-03	1.25e-04	5.47e-07	0.00e+00	0.00e+00	0.00e+00	0.00e+00	0.00e+00	0.00e+00	0.00e+00	0.00e+00	0.00e+00
 2.75574e+23	1.22e-04	2.32e-01	6.94e-01	6.70e-02	5.85e-03	1.17e-03	1.04e-04	4.25e-07	0.00e+00	0.00e+00	0.00e+00	0.00e+00	0.00e+00	0.00e+00	0.00e+00	0.00e+00	0.00e+00
 2.77509e+23	1.40e-04	2.48e-01	6.87e-01	5.88e-02	5.17e-03	9.59e-04	8.16e-05	3.05e-07	0.00e+00	0.00e+00	0.00e+00	0.00e+00	0.00e+00	0.00e+00	0.00e+00	0.00e+00	0.00e+00
 2.79460e+23	1.58e-04	2.62e-01	6.80e-01	5.26e-02	4.65e-03	8.13e-04	6.68e-05	2.33e-07	0.00e+00	0.00e+00	0.00e+00	0.00e+00	0.00e+00	0.00e+00	0.00e+00	0.00e+00	0.00e+00
 2.81431e+23	1.83e-04	2.81e-01	6.69e-01	4.54e-02	4.06e-03	6.55e-04	5.15e-05	1.64e-07	0.00e+00	0.00e+00	0.00e+00	0.00e+00	0.00e+00	0.00e+00	0.00e+00	0.00e+00	0.00e+00
 2.83416e+23	2.06e-04	2.96e-01	6.59e-01	3.99e-02	3.61e-03	5.46e-04	4.15e-05	0.00e+00	0.00e+00	0.00e+00	0.00e+00	0.00e+00	0.00e+00	0.00e+00	0.00e+00	0.00e+00	0.00e+00
 2.85420e+23	2.39e-04	3.17e-01	6.45e-01	3.37e-02	3.10e-03	4.31e-04	3.14e-05	0.00e+00	0.00e+00	0.00e+00	0.00e+00	0.00e+00	0.00e+00	0.00e+00	0.00e+00	0.00e+00	0.00e+00
 2.87450e+23	2.71e-04	3.36e-01	6.32e-01	2.90e-02	2.71e-03	3.51e-04	2.47e-05	0.00e+00	0.00e+00	0.00e+00	0.00e+00	0.00e+00	0.00e+00	0.00e+00	0.00e+00	0.00e+00	0.00e+00
 2.89199e+23	3.05e-04	3.54e-01	6.18e-01	2.49e-02	2.37e-03	2.87e-04	1.95e-05	0.00e+00	0.00e+00	0.00e+00	0.00e+00	0.00e+00	0.00e+00	0.00e+00	0.00e+00	0.00e+00	0.00e+00
 2.90714e+23	3.34e-04	3.70e-01	6.05e-01	2.20e-02	2.11e-03	2.42e-04	1.60e-05	0.00e+00	0.00e+00	0.00e+00	0.00e+00	0.00e+00	0.00e+00	0.00e+00	0.00e+00	0.00e+00	0.00e+00
 2.92237e+23	3.75e-04	3.90e-01	5.89e-01	1.86e-02	1.82e-03	1.95e-04	1.25e-05	0.00e+00	0.00e+00	0.00e+00	0.00e+00	0.00e+00	0.00e+00	0.00e+00	0.00e+00	0.00e+00	0.00e+00
 2.93824e+23	4.15e-04	4.09e-01	5.72e-01	1.59e-02	1.57e-03	1.59e-04	9.91e-06	0.00e+00	0.00e+00	0.00e+00	0.00e+00	0.00e+00	0.00e+00	0.00e+00	0.00e+00	0.00e+00	0.00e+00
 2.95243e+23	4.57e-04	4.29e-01	5.56e-01	1.35e-02	1.36e-03	1.29e-04	7.86e-06	0.00e+00	0.00e+00	0.00e+00	0.00e+00	0.00e+00	0.00e+00	0.00e+00	0.00e+00	0.00e+00	0.00e+00
 2.96840e+23	5.16e-04	4.55e-01	5.32e-01	1.09e-02	1.11e-03	9.81e-05	5.81e-06	0.00e+00	0.00e+00	0.00e+00	0.00e+00	0.00e+00	0.00e+00	0.00e+00	0.00e+00	0.00e+00	0.00e+00
 2.98474e+23	5.73e-04	4.80e-01	5.09e-01	8.81e-03	9.01e-04	7.46e-05	4.32e-06	0.00e+00	0.00e+00	0.00e+00	0.00e+00	0.00e+00	0.00e+00	0.00e+00	0.00e+00	0.00e+00	0.00e+00
 2.99790e+23	6.24e-04	5.03e-01	4.88e-01	7.23e-03	7.43e-04	5.82e-05	3.32e-06	0.00e+00	0.00e+00	0.00e+00	0.00e+00	0.00e+00	0.00e+00	0.00e+00	0.00e+00	0.00e+00	0.00e+00
 3.00912e+23	6.69e-04	5.24e-01	4.69e-01	6.01e-03	6.19e-04	4.62e-05	2.60e-06	0.00e+00	0.00e+00	0.00e+00	0.00e+00	0.00e+00	0.00e+00	0.00e+00	0.00e+00	0.00e+00	0.00e+00
 3.01943e+23	7.15e-04	5.46e-01	4.48e-01	4.96e-03	5.09e-04	3.64e-05	2.04e-06	0.00e+00	0.00e+00	0.00e+00	0.00e+00	0.00e+00	0.00e+00	0.00e+00	0.00e+00	0.00e+00	0.00e+00
 3.02873e+23	7.56e-04	5.66e-01	4.29e-01	4.12e-03	4.21e-04	2.89e-05	1.61e-06	0.00e+00	0.00e+00	0.00e+00	0.00e+00	0.00e+00	0.00e+00	0.00e+00	0.00e+00	0.00e+00	0.00e+00
 3.03697e+23	7.92e-04	5.86e-01	4.10e-01	3.44e-03	3.49e-04	2.31e-05	1.29e-06	0.00e+00	0.00e+00	0.00e+00	0.00e+00	0.00e+00	0.00e+00	0.00e+00	0.00e+00	0.00e+00	0.00e+00
 3.04444e+23	8.24e-04	6.04e-01	3.92e-01	2.88e-03	2.89e-04	1.86e-05	1.04e-06	0.00e+00	0.00e+00	0.00e+00	0.00e+00	0.00e+00	0.00e+00	0.00e+00	0.00e+00	0.00e+00	0.00e+00
 3.05137e+23	8.51e-04	6.23e-01	3.74e-01	2.42e-03	2.39e-04	1.50e-05	8.46e-07	0.00e+00	0.00e+00	0.00e+00	0.00e+00	0.00e+00	0.00e+00	0.00e+00	0.00e+00	0.00e+00	0.00e+00
 3.05785e+23	8.75e-04	6.41e-01	3.56e-01	2.03e-03	1.98e-04	1.21e-05	6.88e-07	0.00e+00	0.00e+00	0.00e+00	0.00e+00	0.00e+00	0.00e+00	0.00e+00	0.00e+00	0.00e+00	0.00e+00
 3.06391e+23	8.95e-04	6.59e-01	3.38e-01	1.70e-03	1.63e-04	9.73e-06	5.62e-07	0.00e+00	0.00e+00	0.00e+00	0.00e+00	0.00e+00	0.00e+00	0.00e+00	0.00e+00	0.00e+00	0.00e+00
 3.06974e+23	9.04e-04	6.76e-01	3.22e-01	1.43e-03	1.35e-04	7.88e-06	4.62e-07	0.00e+00	0.00e+00	0.00e+00	0.00e+00	0.00e+00	0.00e+00	0.00e+00	0.00e+00	0.00e+00	0.00e+00
 3.07550e+23	9.10e-04	6.93e-01	3.05e-01	1.20e-03	1.10e-04	6.32e-06	3.77e-07	0.00e+00	0.00e+00	0.00e+00	0.00e+00	0.00e+00	0.00e+00	0.00e+00	0.00e+00	0.00e+00	0.00e+00
 3.08088e+23	9.07e-04	7.09e-01	2.89e-01	1.01e-03	9.11e-05	5.13e-06	3.12e-07	0.00e+00	0.00e+00	0.00e+00	0.00e+00	0.00e+00	0.00e+00	0.00e+00	0.00e+00	0.00e+00	0.00e+00
 3.08454e+23	8.95e-04	7.18e-01	2.80e-01	9.01e-04	8.02e-05	4.46e-06	2.75e-07	0.00e+00	0.00e+00	0.00e+00	0.00e+00	0.00e+00	0.00e+00	0.00e+00	0.00e+00	0.00e+00	0.00e+00
