#depth	Ne	Ne+	Ne+2	Ne+3	Ne+4	Ne+5	Ne+6	Ne+7	Ne+8	Ne+9	Ne+10
 1.54284e+22	1.16e-19	7.89e-15	3.20e-11	1.92e-08	3.22e-06	1.25e-04	1.36e-03	8.21e-03	2.10e-01	4.85e-01	2.95e-01
 3.43174e+22	1.58e-18	8.56e-14	2.71e-10	1.23e-07	1.63e-05	4.90e-04	3.97e-03	1.67e-02	2.98e-01	4.78e-01	2.03e-01
 3.95084e+22	4.78e-18	2.35e-13	6.70e-10	2.71e-07	3.22e-05	8.64e-04	6.13e-03	2.22e-02	3.39e-01	4.64e-01	1.68e-01
 4.21039e+22	8.14e-18	3.82e-13	1.03e-09	3.96e-07	4.46e-05	1.13e-03	7.54e-03	2.53e-02	3.59e-01	4.54e-01	1.52e-01
 4.33066e+22	9.98e-18	4.61e-13	1.22e-09	4.57e-07	5.05e-05	1.25e-03	8.15e-03	2.66e-02	3.67e-01	4.50e-01	1.47e-01
 4.40831e+22	1.29e-17	5.84e-13	1.51e-09	5.50e-07	5.92e-05	1.43e-03	9.01e-03	2.84e-02	3.77e-01	4.45e-01	1.39e-01
 4.49168e+22	1.63e-17	7.21e-13	1.82e-09	6.48e-07	6.82e-05	1.61e-03	9.85e-03	3.01e-02	3.86e-01	4.40e-01	1.33e-01
 4.58248e+22	2.17e-17	9.37e-13	2.31e-09	7.94e-07	8.12e-05	1.86e-03	1.10e-02	3.22e-02	3.96e-01	4.33e-01	1.26e-01
 4.67582e+22	2.79e-17	1.18e-12	2.84e-09	9.51e-07	9.49e-05	2.11e-03	1.21e-02	3.43e-02	4.06e-01	4.26e-01	1.19e-01
 4.75740e+22	3.49e-17	1.45e-12	3.41e-09	1.12e-06	1.09e-04	2.37e-03	1.32e-02	3.62e-02	4.15e-01	4.20e-01	1.13e-01
 4.84840e+22	4.65e-17	1.89e-12	4.33e-09	1.37e-06	1.30e-04	2.75e-03	1.48e-02	3.89e-02	4.26e-01	4.12e-01	1.06e-01
 4.94167e+22	5.86e-17	2.33e-12	5.24e-09	1.62e-06	1.50e-04	3.10e-03	1.62e-02	4.11e-02	4.34e-01	4.05e-01	1.00e-01
 5.02069e+22	7.18e-17	2.81e-12	6.19e-09	1.88e-06	1.71e-04	3.43e-03	1.75e-02	4.32e-02	4.42e-01	3.98e-01	9.55e-02
 5.10620e+22	9.29e-17	3.57e-12	7.70e-09	2.27e-06	2.01e-04	3.95e-03	1.95e-02	4.62e-02	4.52e-01	3.89e-01	8.91e-02
 5.19133e+22	1.13e-16	4.27e-12	9.06e-09	2.61e-06	2.28e-04	4.37e-03	2.10e-02	4.84e-02	4.59e-01	3.82e-01	8.47e-02
 5.27597e+22	1.44e-16	5.37e-12	1.12e-08	3.14e-06	2.67e-04	5.00e-03	2.33e-02	5.15e-02	4.68e-01	3.73e-01	7.90e-02
 5.36204e+22	1.75e-16	6.44e-12	1.32e-08	3.63e-06	3.03e-04	5.55e-03	2.52e-02	5.41e-02	4.75e-01	3.65e-01	7.47e-02
 5.44995e+22	2.23e-16	8.10e-12	1.62e-08	4.37e-06	3.57e-04	6.37e-03	2.80e-02	5.77e-02	4.84e-01	3.54e-01	6.91e-02
 5.53893e+22	2.70e-16	9.68e-12	1.91e-08	5.04e-06	4.05e-04	7.08e-03	3.03e-02	6.06e-02	4.91e-01	3.46e-01	6.50e-02
 5.62930e+22	3.42e-16	1.21e-11	2.36e-08	6.06e-06	4.77e-04	8.13e-03	3.37e-02	6.46e-02	4.99e-01	3.34e-01	5.98e-02
 5.72139e+22	4.12e-16	1.45e-11	2.78e-08	7.02e-06	5.43e-04	9.07e-03	3.66e-02	6.79e-02	5.05e-01	3.25e-01	5.59e-02
 5.81572e+22	5.18e-16	1.80e-11	3.41e-08	8.44e-06	6.40e-04	1.04e-02	4.07e-02	7.25e-02	5.12e-01	3.13e-01	5.10e-02
 5.91195e+22	6.18e-16	2.14e-11	4.02e-08	9.76e-06	7.30e-04	1.17e-02	4.43e-02	7.63e-02	5.17e-01	3.02e-01	4.73e-02
 6.01066e+22	7.66e-16	2.65e-11	4.93e-08	1.17e-05	8.62e-04	1.35e-02	4.94e-02	8.15e-02	5.23e-01	2.89e-01	4.27e-02
 6.11031e+22	9.01e-16	3.11e-11	5.76e-08	1.35e-05	9.80e-04	1.50e-02	5.37e-02	8.56e-02	5.27e-01	2.78e-01	3.93e-02
 6.19443e+22	1.03e-15	3.58e-11	6.61e-08	1.53e-05	1.10e-03	1.66e-02	5.79e-02	8.96e-02	5.30e-01	2.68e-01	3.63e-02
 6.28559e+22	1.22e-15	4.24e-11	7.80e-08	1.79e-05	1.27e-03	1.88e-02	6.36e-02	9.48e-02	5.33e-01	2.56e-01	3.29e-02
 6.37718e+22	1.37e-15	4.82e-11	8.88e-08	2.01e-05	1.42e-03	2.07e-02	6.84e-02	9.90e-02	5.35e-01	2.46e-01	3.02e-02
 6.46670e+22	1.57e-15	5.56e-11	1.03e-07	2.31e-05	1.62e-03	2.32e-02	7.45e-02	1.04e-01	5.36e-01	2.33e-01	2.73e-02
 6.55805e+22	1.74e-15	6.25e-11	1.16e-07	2.60e-05	1.81e-03	2.56e-02	8.02e-02	1.09e-01	5.36e-01	2.23e-01	2.50e-02
 6.64761e+22	1.93e-15	7.05e-11	1.33e-07	2.95e-05	2.03e-03	2.84e-02	8.67e-02	1.14e-01	5.35e-01	2.12e-01	2.25e-02
 6.73906e+22	2.10e-15	7.85e-11	1.49e-07	3.31e-05	2.27e-03	3.13e-02	9.31e-02	1.19e-01	5.33e-01	2.01e-01	2.04e-02
 6.82943e+22	2.28e-15	8.69e-11	1.68e-07	3.71e-05	2.54e-03	3.45e-02	1.00e-01	1.24e-01	5.30e-01	1.90e-01	1.84e-02
 6.92035e+22	2.43e-15	9.54e-11	1.87e-07	4.13e-05	2.82e-03	3.78e-02	1.07e-01	1.29e-01	5.27e-01	1.80e-01	1.66e-02
 7.01021e+22	2.58e-15	1.04e-10	2.07e-07	4.59e-05	3.13e-03	4.14e-02	1.14e-01	1.34e-01	5.22e-01	1.70e-01	1.49e-02
 7.09992e+22	2.71e-15	1.13e-10	2.29e-07	5.09e-05	3.46e-03	4.51e-02	1.21e-01	1.39e-01	5.17e-01	1.60e-01	1.34e-02
 7.18976e+22	2.82e-15	1.22e-10	2.53e-07	5.64e-05	3.83e-03	4.92e-02	1.29e-01	1.44e-01	5.11e-01	1.51e-01	1.20e-02
 7.27992e+22	2.93e-15	1.31e-10	2.79e-07	6.23e-05	4.22e-03	5.34e-02	1.37e-01	1.49e-01	5.04e-01	1.42e-01	1.08e-02
 7.37059e+22	3.02e-15	1.40e-10	3.06e-07	6.89e-05	4.65e-03	5.80e-02	1.44e-01	1.54e-01	4.97e-01	1.33e-01	9.61e-03
 7.46206e+22	3.10e-15	1.50e-10	3.37e-07	7.62e-05	5.13e-03	6.28e-02	1.52e-01	1.58e-01	4.88e-01	1.24e-01	8.57e-03
 7.55457e+22	3.17e-15	1.60e-10	3.71e-07	8.43e-05	5.65e-03	6.80e-02	1.60e-01	1.63e-01	4.79e-01	1.16e-01	7.63e-03
 7.64758e+22	3.24e-15	1.71e-10	4.08e-07	9.33e-05	6.22e-03	7.35e-02	1.68e-01	1.67e-01	4.70e-01	1.08e-01	6.78e-03
 7.74208e+22	3.30e-15	1.83e-10	4.51e-07	1.04e-04	6.87e-03	7.94e-02	1.76e-01	1.72e-01	4.59e-01	1.01e-01	5.99e-03
 7.83764e+22	3.38e-15	1.97e-10	4.98e-07	1.15e-04	7.57e-03	8.56e-02	1.84e-01	1.75e-01	4.48e-01	9.36e-02	5.30e-03
 7.93507e+22	3.45e-15	2.12e-10	5.54e-07	1.29e-04	8.37e-03	9.24e-02	1.93e-01	1.79e-01	4.36e-01	8.65e-02	4.66e-03
 8.03427e+22	3.54e-15	2.28e-10	6.17e-07	1.44e-04	9.25e-03	9.95e-02	2.01e-01	1.83e-01	4.24e-01	7.99e-02	4.09e-03
 8.12524e+22	3.62e-15	2.44e-10	6.78e-07	1.58e-04	1.01e-02	1.06e-01	2.07e-01	1.85e-01	4.13e-01	7.47e-02	3.67e-03
 8.22019e+22	3.73e-15	2.66e-10	7.64e-07	1.79e-04	1.12e-02	1.14e-01	2.16e-01	1.89e-01	3.99e-01	6.84e-02	3.18e-03
 8.31667e+22	3.86e-15	2.88e-10	8.47e-07	1.98e-04	1.22e-02	1.21e-01	2.22e-01	1.91e-01	3.87e-01	6.36e-02	2.84e-03
 8.41612e+22	4.05e-15	3.19e-10	9.70e-07	2.27e-04	1.36e-02	1.31e-01	2.30e-01	1.93e-01	3.72e-01	5.78e-02	2.44e-03
 8.51573e+22	4.22e-15	3.47e-10	1.08e-06	2.52e-04	1.48e-02	1.39e-01	2.36e-01	1.94e-01	3.60e-01	5.36e-02	2.17e-03
 8.61557e+22	4.46e-15	3.89e-10	1.24e-06	2.88e-04	1.65e-02	1.49e-01	2.44e-01	1.96e-01	3.44e-01	4.85e-02	1.86e-03
 8.71585e+22	4.74e-15	4.28e-10	1.40e-06	3.21e-04	1.80e-02	1.57e-01	2.49e-01	1.96e-01	3.32e-01	4.49e-02	1.65e-03
 8.81671e+22	5.10e-15	4.85e-10	1.62e-06	3.70e-04	2.01e-02	1.69e-01	2.56e-01	1.97e-01	3.16e-01	4.04e-02	1.41e-03
 8.91868e+22	5.48e-15	5.41e-10	1.84e-06	4.13e-04	2.19e-02	1.78e-01	2.61e-01	1.96e-01	3.04e-01	3.72e-02	1.24e-03
 9.02211e+22	6.03e-15	6.22e-10	2.15e-06	4.78e-04	2.44e-02	1.90e-01	2.67e-01	1.96e-01	2.88e-01	3.34e-02	1.06e-03
 9.12698e+22	6.59e-15	7.02e-10	2.46e-06	5.36e-04	2.66e-02	2.01e-01	2.71e-01	1.95e-01	2.75e-01	3.06e-02	9.27e-04
 9.23374e+22	7.42e-15	8.22e-10	2.91e-06	6.23e-04	2.97e-02	2.14e-01	2.76e-01	1.93e-01	2.59e-01	2.72e-02	7.80e-04
 9.34252e+22	8.28e-15	9.41e-10	3.35e-06	7.03e-04	3.24e-02	2.25e-01	2.79e-01	1.91e-01	2.46e-01	2.48e-02	6.80e-04
 9.45392e+22	9.58e-15	1.12e-09	4.02e-06	8.22e-04	3.62e-02	2.40e-01	2.83e-01	1.88e-01	2.30e-01	2.18e-02	5.66e-04
 9.56798e+22	1.10e-14	1.31e-09	4.67e-06	9.31e-04	3.95e-02	2.52e-01	2.85e-01	1.85e-01	2.18e-01	1.97e-02	4.88e-04
 9.68547e+22	1.31e-14	1.59e-09	5.69e-06	1.10e-03	4.42e-02	2.68e-01	2.87e-01	1.81e-01	2.02e-01	1.72e-02	4.01e-04
 9.80499e+22	1.53e-14	1.88e-09	6.65e-06	1.24e-03	4.82e-02	2.80e-01	2.88e-01	1.77e-01	1.89e-01	1.54e-02	3.44e-04
 9.90591e+22	1.77e-14	2.19e-09	7.67e-06	1.40e-03	5.22e-02	2.92e-01	2.89e-01	1.73e-01	1.79e-01	1.39e-02	2.98e-04
 1.00159e+23	2.15e-14	2.67e-09	9.23e-06	1.62e-03	5.76e-02	3.06e-01	2.89e-01	1.68e-01	1.65e-01	1.22e-02	2.47e-04
 1.01223e+23	2.49e-14	3.09e-09	1.05e-05	1.79e-03	6.16e-02	3.17e-01	2.88e-01	1.64e-01	1.56e-01	1.11e-02	2.16e-04
 1.02242e+23	3.02e-14	3.73e-09	1.25e-05	2.05e-03	6.73e-02	3.31e-01	2.87e-01	1.59e-01	1.44e-01	9.76e-03	1.81e-04
 1.03272e+23	3.55e-14	4.34e-09	1.43e-05	2.27e-03	7.19e-02	3.41e-01	2.85e-01	1.55e-01	1.36e-01	8.84e-03	1.58e-04
 1.04316e+23	4.38e-14	5.29e-09	1.70e-05	2.60e-03	7.84e-02	3.54e-01	2.83e-01	1.49e-01	1.25e-01	7.74e-03	1.31e-04
 1.05376e+23	5.21e-14	6.20e-09	1.95e-05	2.88e-03	8.37e-02	3.65e-01	2.80e-01	1.44e-01	1.17e-01	6.97e-03	1.14e-04
 1.06458e+23	6.54e-14	7.64e-09	2.33e-05	3.30e-03	9.11e-02	3.78e-01	2.77e-01	1.38e-01	1.07e-01	6.05e-03	9.36e-05
 1.07554e+23	7.87e-14	9.00e-09	2.67e-05	3.65e-03	9.70e-02	3.88e-01	2.73e-01	1.33e-01	1.00e-01	5.42e-03	8.05e-05
 1.08672e+23	1.01e-13	1.12e-08	3.21e-05	4.18e-03	1.05e-01	4.00e-01	2.68e-01	1.26e-01	9.09e-02	4.66e-03	6.57e-05
 1.09809e+23	1.22e-13	1.33e-08	3.70e-05	4.64e-03	1.12e-01	4.10e-01	2.64e-01	1.21e-01	8.43e-02	4.15e-03	5.61e-05
 1.10973e+23	1.59e-13	1.67e-08	4.46e-05	5.31e-03	1.22e-01	4.21e-01	2.57e-01	1.14e-01	7.60e-02	3.54e-03	4.53e-05
 1.12164e+23	1.96e-13	1.99e-08	5.16e-05	5.90e-03	1.30e-01	4.30e-01	2.52e-01	1.09e-01	6.99e-02	3.12e-03	3.82e-05
 1.13389e+23	2.59e-13	2.53e-08	6.24e-05	6.76e-03	1.40e-01	4.41e-01	2.45e-01	1.02e-01	6.25e-02	2.63e-03	3.05e-05
 1.14646e+23	3.25e-13	3.06e-08	7.27e-05	7.53e-03	1.49e-01	4.49e-01	2.38e-01	9.67e-02	5.70e-02	2.29e-03	2.54e-05
 1.15945e+23	4.37e-13	3.91e-08	8.85e-05	8.65e-03	1.61e-01	4.58e-01	2.30e-01	8.97e-02	5.05e-02	1.91e-03	1.99e-05
 1.17257e+23	5.50e-13	4.73e-08	1.03e-04	9.60e-03	1.71e-01	4.64e-01	2.23e-01	8.45e-02	4.59e-02	1.66e-03	1.65e-05
 1.18584e+23	7.46e-13	6.09e-08	1.25e-04	1.10e-02	1.84e-01	4.72e-01	2.13e-01	7.80e-02	4.03e-02	1.37e-03	1.28e-05
 1.19925e+23	9.42e-13	7.36e-08	1.45e-04	1.22e-02	1.95e-01	4.76e-01	2.06e-01	7.31e-02	3.64e-02	1.18e-03	1.06e-05
 1.21286e+23	1.28e-12	9.48e-08	1.77e-04	1.39e-02	2.09e-01	4.81e-01	1.96e-01	6.69e-02	3.18e-02	9.68e-04	8.14e-06
 1.22614e+23	1.59e-12	1.13e-07	2.02e-04	1.52e-02	2.19e-01	4.84e-01	1.89e-01	6.28e-02	2.88e-02	8.41e-04	6.78e-06
 1.23900e+23	2.14e-12	1.43e-07	2.42e-04	1.72e-02	2.33e-01	4.86e-01	1.80e-01	5.75e-02	2.52e-02	6.94e-04	5.27e-06
 1.25231e+23	2.69e-12	1.73e-07	2.79e-04	1.89e-02	2.44e-01	4.87e-01	1.72e-01	5.35e-02	2.27e-02	5.96e-04	4.32e-06
 1.26368e+23	3.31e-12	2.04e-07	3.17e-04	2.06e-02	2.55e-01	4.88e-01	1.65e-01	5.01e-02	2.06e-02	5.18e-04	3.60e-06
 1.27593e+23	4.34e-12	2.53e-07	3.73e-04	2.29e-02	2.69e-01	4.87e-01	1.57e-01	4.60e-02	1.81e-02	4.31e-04	2.84e-06
 1.28821e+23	5.35e-12	2.99e-07	4.23e-04	2.49e-02	2.79e-01	4.86e-01	1.50e-01	4.29e-02	1.63e-02	3.73e-04	2.36e-06
 1.30052e+23	6.91e-12	3.67e-07	4.94e-04	2.75e-02	2.93e-01	4.83e-01	1.42e-01	3.93e-02	1.44e-02	3.12e-04	1.87e-06
 1.31332e+23	8.73e-12	4.42e-07	5.67e-04	3.00e-02	3.05e-01	4.80e-01	1.35e-01	3.63e-02	1.28e-02	2.65e-04	1.51e-06
 1.32473e+23	1.07e-11	5.22e-07	6.41e-04	3.25e-02	3.16e-01	4.77e-01	1.29e-01	3.37e-02	1.15e-02	2.28e-04	1.25e-06
 1.33755e+23	1.40e-11	6.42e-07	7.48e-04	3.58e-02	3.29e-01	4.72e-01	1.21e-01	3.07e-02	1.01e-02	1.89e-04	9.81e-07
 1.35107e+23	1.78e-11	7.76e-07	8.61e-04	3.91e-02	3.42e-01	4.67e-01	1.14e-01	2.81e-02	8.88e-03	1.58e-04	7.82e-07
 1.36338e+23	2.22e-11	9.25e-07	9.81e-04	4.24e-02	3.54e-01	4.61e-01	1.07e-01	2.59e-02	7.89e-03	1.34e-04	6.33e-07
 1.37727e+23	2.93e-11	1.15e-06	1.15e-03	4.69e-02	3.69e-01	4.53e-01	9.99e-02	2.33e-02	6.79e-03	1.09e-04	4.85e-07
 1.39159e+23	3.75e-11	1.40e-06	1.33e-03	5.11e-02	3.81e-01	4.46e-01	9.34e-02	2.11e-02	5.93e-03	9.03e-05	3.82e-07
 1.40430e+23	4.70e-11	1.67e-06	1.51e-03	5.53e-02	3.93e-01	4.38e-01	8.77e-02	1.93e-02	5.23e-03	7.59e-05	3.06e-07
 1.41868e+23	6.22e-11	2.08e-06	1.77e-03	6.09e-02	4.07e-01	4.27e-01	8.08e-02	1.73e-02	4.46e-03	6.09e-05	2.31e-07
 1.43359e+23	8.00e-11	2.53e-06	2.04e-03	6.63e-02	4.20e-01	4.18e-01	7.50e-02	1.56e-02	3.86e-03	4.99e-05	1.79e-07
 1.44697e+23	1.01e-10	3.03e-06	2.33e-03	7.17e-02	4.31e-01	4.08e-01	6.98e-02	1.41e-02	3.37e-03	4.14e-05	1.42e-07
 1.46213e+23	1.35e-10	3.81e-06	2.74e-03	7.90e-02	4.45e-01	3.95e-01	6.36e-02	1.24e-02	2.83e-03	3.26e-05	0.00e+00
 1.47779e+23	1.74e-10	4.62e-06	3.15e-03	8.57e-02	4.56e-01	3.83e-01	5.85e-02	1.11e-02	2.43e-03	2.65e-05	0.00e+00
 1.49409e+23	2.38e-10	5.88e-06	3.74e-03	9.46e-02	4.69e-01	3.68e-01	5.27e-02	9.70e-03	2.00e-03	2.04e-05	0.00e+00
 1.51060e+23	3.07e-10	7.16e-06	4.31e-03	1.02e-01	4.79e-01	3.55e-01	4.82e-02	8.64e-03	1.71e-03	1.64e-05	0.00e+00
 1.52512e+23	3.90e-10	8.61e-06	4.91e-03	1.10e-01	4.88e-01	3.43e-01	4.42e-02	7.73e-03	1.46e-03	1.33e-05	0.00e+00
 1.54175e+23	5.39e-10	1.10e-05	5.85e-03	1.21e-01	4.99e-01	3.26e-01	3.92e-02	6.64e-03	1.19e-03	1.00e-05	0.00e+00
 1.55856e+23	6.91e-10	1.33e-05	6.69e-03	1.31e-01	5.07e-01	3.13e-01	3.57e-02	5.90e-03	1.01e-03	8.02e-06	0.00e+00
 1.57560e+23	9.42e-10	1.69e-05	7.90e-03	1.43e-01	5.16e-01	2.96e-01	3.16e-02	5.06e-03	8.18e-04	6.05e-06	0.00e+00
 1.59295e+23	1.22e-09	2.06e-05	9.06e-03	1.54e-01	5.21e-01	2.82e-01	2.85e-02	4.45e-03	6.84e-04	4.76e-06	0.00e+00
 1.60838e+23	1.57e-09	2.50e-05	1.04e-02	1.65e-01	5.26e-01	2.68e-01	2.56e-02	3.91e-03	5.73e-04	3.75e-06	0.00e+00
 1.62610e+23	2.15e-09	3.17e-05	1.22e-02	1.80e-01	5.31e-01	2.51e-01	2.24e-02	3.32e-03	4.58e-04	2.78e-06	0.00e+00
 1.64418e+23	2.80e-09	3.87e-05	1.40e-02	1.93e-01	5.33e-01	2.37e-01	1.99e-02	2.88e-03	3.78e-04	2.15e-06	0.00e+00
 1.66028e+23	3.63e-09	4.70e-05	1.60e-02	2.06e-01	5.35e-01	2.23e-01	1.77e-02	2.51e-03	3.12e-04	1.67e-06	0.00e+00
 1.67878e+23	5.00e-09	5.99e-05	1.89e-02	2.23e-01	5.34e-01	2.06e-01	1.52e-02	2.10e-03	2.45e-04	1.21e-06	0.00e+00
 1.69758e+23	6.50e-09	7.30e-05	2.16e-02	2.38e-01	5.33e-01	1.92e-01	1.34e-02	1.81e-03	2.00e-04	9.21e-07	0.00e+00
 1.71678e+23	9.05e-09	9.35e-05	2.55e-02	2.57e-01	5.29e-01	1.76e-01	1.14e-02	1.49e-03	1.54e-04	6.51e-07	0.00e+00
 1.73565e+23	1.16e-08	1.12e-04	2.88e-02	2.71e-01	5.24e-01	1.64e-01	1.01e-02	1.29e-03	1.26e-04	5.01e-07	0.00e+00
 1.75098e+23	1.44e-08	1.32e-04	3.21e-02	2.85e-01	5.19e-01	1.53e-01	8.96e-03	1.13e-03	1.05e-04	3.94e-07	0.00e+00
 1.76780e+23	1.90e-08	1.63e-04	3.68e-02	3.02e-01	5.11e-01	1.41e-01	7.71e-03	9.51e-04	8.31e-05	2.89e-07	0.00e+00
 1.78475e+23	2.38e-08	1.92e-04	4.11e-02	3.16e-01	5.04e-01	1.31e-01	6.81e-03	8.26e-04	6.86e-05	2.25e-07	0.00e+00
 1.79957e+23	2.95e-08	2.25e-04	4.56e-02	3.30e-01	4.96e-01	1.21e-01	6.03e-03	7.19e-04	5.69e-05	1.76e-07	0.00e+00
 1.81653e+23	3.87e-08	2.75e-04	5.19e-02	3.47e-01	4.84e-01	1.10e-01	5.15e-03	6.01e-04	4.46e-05	1.28e-07	0.00e+00
 1.83382e+23	4.86e-08	3.24e-04	5.78e-02	3.62e-01	4.73e-01	1.01e-01	4.50e-03	5.16e-04	3.63e-05	0.00e+00	0.00e+00
 1.85154e+23	6.36e-08	3.95e-04	6.56e-02	3.79e-01	4.59e-01	9.15e-02	3.82e-03	4.28e-04	2.82e-05	0.00e+00	0.00e+00
 1.86957e+23	8.02e-08	4.68e-04	7.31e-02	3.94e-01	4.46e-01	8.33e-02	3.30e-03	3.62e-04	2.26e-05	0.00e+00	0.00e+00
 1.88530e+23	9.93e-08	5.46e-04	8.06e-02	4.07e-01	4.33e-01	7.62e-02	2.87e-03	3.10e-04	1.83e-05	0.00e+00	0.00e+00
 1.90308e+23	1.30e-07	6.64e-04	9.11e-02	4.22e-01	4.15e-01	6.78e-02	2.40e-03	2.54e-04	1.40e-05	0.00e+00	0.00e+00
 1.91970e+23	1.56e-07	7.57e-04	9.89e-02	4.33e-01	4.03e-01	6.24e-02	2.12e-03	2.21e-04	1.16e-05	0.00e+00	0.00e+00
 1.93481e+23	1.94e-07	8.87e-04	1.09e-01	4.45e-01	3.87e-01	5.62e-02	1.82e-03	1.86e-04	9.25e-06	0.00e+00	0.00e+00
 1.95023e+23	2.34e-07	1.01e-03	1.18e-01	4.54e-01	3.73e-01	5.14e-02	1.59e-03	1.60e-04	7.59e-06	0.00e+00	0.00e+00
 1.96389e+23	2.78e-07	1.15e-03	1.28e-01	4.63e-01	3.60e-01	4.70e-02	1.40e-03	1.38e-04	6.28e-06	0.00e+00	0.00e+00
 1.97948e+23	3.47e-07	1.35e-03	1.41e-01	4.72e-01	3.42e-01	4.19e-02	1.19e-03	1.15e-04	4.91e-06	0.00e+00	0.00e+00
 1.99523e+23	4.15e-07	1.53e-03	1.52e-01	4.79e-01	3.28e-01	3.81e-02	1.04e-03	9.85e-05	4.02e-06	0.00e+00	0.00e+00
 2.01116e+23	5.14e-07	1.78e-03	1.66e-01	4.87e-01	3.11e-01	3.37e-02	8.77e-04	8.12e-05	3.13e-06	0.00e+00	0.00e+00
 2.02735e+23	6.17e-07	2.02e-03	1.79e-01	4.92e-01	2.95e-01	3.03e-02	7.57e-04	6.87e-05	2.52e-06	0.00e+00	0.00e+00
 2.04160e+23	7.32e-07	2.28e-03	1.92e-01	4.96e-01	2.81e-01	2.73e-02	6.57e-04	5.85e-05	2.04e-06	0.00e+00	0.00e+00
 2.05787e+23	9.05e-07	2.65e-03	2.10e-01	5.00e-01	2.63e-01	2.39e-02	5.49e-04	4.76e-05	1.57e-06	0.00e+00	0.00e+00
 2.07441e+23	1.08e-06	3.00e-03	2.25e-01	5.02e-01	2.48e-01	2.13e-02	4.70e-04	3.99e-05	1.25e-06	0.00e+00	0.00e+00
 2.08902e+23	1.28e-06	3.37e-03	2.40e-01	5.03e-01	2.34e-01	1.90e-02	4.04e-04	3.36e-05	1.00e-06	0.00e+00	0.00e+00
 2.10575e+23	1.58e-06	3.90e-03	2.60e-01	5.02e-01	2.17e-01	1.64e-02	3.34e-04	2.69e-05	7.59e-07	0.00e+00	0.00e+00
 2.12275e+23	1.88e-06	4.39e-03	2.78e-01	5.00e-01	2.02e-01	1.45e-02	2.83e-04	2.23e-05	5.97e-07	0.00e+00	0.00e+00
 2.14011e+23	2.33e-06	5.08e-03	3.00e-01	4.96e-01	1.85e-01	1.24e-02	2.31e-04	1.76e-05	4.44e-07	0.00e+00	0.00e+00
 2.15766e+23	2.78e-06	5.72e-03	3.20e-01	4.92e-01	1.72e-01	1.08e-02	1.94e-04	1.44e-05	3.44e-07	0.00e+00	0.00e+00
 2.17544e+23	3.42e-06	6.58e-03	3.44e-01	4.84e-01	1.56e-01	9.09e-03	1.57e-04	1.12e-05	2.53e-07	0.00e+00	0.00e+00
 2.19353e+23	4.08e-06	7.40e-03	3.65e-01	4.77e-01	1.43e-01	7.84e-03	1.30e-04	9.02e-06	1.93e-07	0.00e+00	0.00e+00
 2.21201e+23	5.03e-06	8.51e-03	3.91e-01	4.65e-01	1.28e-01	6.52e-03	1.04e-04	6.90e-06	1.39e-07	0.00e+00	0.00e+00
 2.23085e+23	6.01e-06	9.57e-03	4.14e-01	4.55e-01	1.16e-01	5.54e-03	8.48e-05	5.46e-06	0.00e+00	0.00e+00	0.00e+00
 2.24756e+23	7.08e-06	1.07e-02	4.36e-01	4.43e-01	1.06e-01	4.74e-03	7.02e-05	4.36e-06	0.00e+00	0.00e+00	0.00e+00
 2.26669e+23	8.71e-06	1.22e-02	4.64e-01	4.27e-01	9.30e-02	3.87e-03	5.49e-05	3.26e-06	0.00e+00	0.00e+00	0.00e+00
 2.28628e+23	1.04e-05	1.36e-02	4.87e-01	4.13e-01	8.31e-02	3.23e-03	4.43e-05	2.53e-06	0.00e+00	0.00e+00	0.00e+00
 2.30129e+23	1.17e-05	1.48e-02	5.04e-01	4.02e-01	7.65e-02	2.84e-03	3.80e-05	2.10e-06	0.00e+00	0.00e+00	0.00e+00
 2.31559e+23	1.36e-05	1.62e-02	5.25e-01	3.88e-01	6.89e-02	2.42e-03	3.14e-05	1.67e-06	0.00e+00	0.00e+00	0.00e+00
 2.33019e+23	1.53e-05	1.75e-02	5.41e-01	3.76e-01	6.31e-02	2.11e-03	2.68e-05	1.38e-06	0.00e+00	0.00e+00	0.00e+00
 2.34520e+23	1.78e-05	1.93e-02	5.62e-01	3.60e-01	5.63e-02	1.77e-03	2.18e-05	1.08e-06	0.00e+00	0.00e+00	0.00e+00
 2.36034e+23	2.01e-05	2.08e-02	5.79e-01	3.47e-01	5.11e-02	1.54e-03	1.84e-05	8.85e-07	0.00e+00	0.00e+00	0.00e+00
 2.37565e+23	2.34e-05	2.28e-02	5.99e-01	3.31e-01	4.53e-02	1.28e-03	1.49e-05	6.86e-07	0.00e+00	0.00e+00	0.00e+00
 2.39121e+23	2.64e-05	2.46e-02	6.16e-01	3.18e-01	4.08e-02	1.10e-03	1.25e-05	5.53e-07	0.00e+00	0.00e+00	0.00e+00
 2.40710e+23	3.07e-05	2.70e-02	6.36e-01	3.00e-01	3.57e-02	9.04e-04	9.98e-06	4.22e-07	0.00e+00	0.00e+00	0.00e+00
 2.42321e+23	3.48e-05	2.92e-02	6.52e-01	2.86e-01	3.19e-02	7.66e-04	8.25e-06	3.36e-07	0.00e+00	0.00e+00	0.00e+00
 2.43961e+23	4.04e-05	3.19e-02	6.70e-01	2.69e-01	2.77e-02	6.27e-04	6.56e-06	2.54e-07	0.00e+00	0.00e+00	0.00e+00
 2.45643e+23	4.60e-05	3.45e-02	6.86e-01	2.55e-01	2.44e-02	5.23e-04	5.34e-06	1.98e-07	0.00e+00	0.00e+00	0.00e+00
 2.47380e+23	5.41e-05	3.80e-02	7.04e-01	2.36e-01	2.07e-02	4.16e-04	4.11e-06	1.44e-07	0.00e+00	0.00e+00	0.00e+00
 2.49112e+23	6.10e-05	4.09e-02	7.18e-01	2.23e-01	1.83e-02	3.49e-04	3.36e-06	0.00e+00	0.00e+00	0.00e+00	0.00e+00
 2.50839e+23	7.12e-05	4.47e-02	7.33e-01	2.06e-01	1.55e-02	2.78e-04	2.59e-06	0.00e+00	0.00e+00	0.00e+00	0.00e+00
 2.52622e+23	8.12e-05	4.83e-02	7.46e-01	1.92e-01	1.34e-02	2.28e-04	2.07e-06	0.00e+00	0.00e+00	0.00e+00	0.00e+00
 2.54477e+23	9.57e-05	5.31e-02	7.60e-01	1.75e-01	1.11e-02	1.77e-04	1.55e-06	0.00e+00	0.00e+00	0.00e+00	0.00e+00
 2.56336e+23	1.09e-04	5.73e-02	7.71e-01	1.62e-01	9.55e-03	1.44e-04	1.23e-06	0.00e+00	0.00e+00	0.00e+00	0.00e+00
 2.58200e+23	1.28e-04	6.27e-02	7.82e-01	1.47e-01	7.86e-03	1.11e-04	9.18e-07	0.00e+00	0.00e+00	0.00e+00	0.00e+00
 2.60090e+23	1.46e-04	6.77e-02	7.90e-01	1.35e-01	6.68e-03	8.99e-05	7.19e-07	0.00e+00	0.00e+00	0.00e+00	0.00e+00
 2.62013e+23	1.73e-04	7.42e-02	7.99e-01	1.21e-01	5.41e-03	6.83e-05	5.27e-07	0.00e+00	0.00e+00	0.00e+00	0.00e+00
 2.63938e+23	1.98e-04	8.01e-02	8.05e-01	1.10e-01	4.56e-03	5.47e-05	4.09e-07	0.00e+00	0.00e+00	0.00e+00	0.00e+00
 2.65866e+23	2.34e-04	8.77e-02	8.11e-01	9.78e-02	3.65e-03	4.12e-05	2.96e-07	0.00e+00	0.00e+00	0.00e+00	0.00e+00
 2.67800e+23	2.69e-04	9.47e-02	8.14e-01	8.84e-02	3.04e-03	3.27e-05	2.27e-07	0.00e+00	0.00e+00	0.00e+00	0.00e+00
 2.69741e+23	3.20e-04	1.04e-01	8.16e-01	7.75e-02	2.40e-03	2.43e-05	1.62e-07	0.00e+00	0.00e+00	0.00e+00	0.00e+00
 2.71685e+23	3.69e-04	1.12e-01	8.16e-01	6.94e-02	1.98e-03	1.91e-05	0.00e+00	0.00e+00	0.00e+00	0.00e+00	0.00e+00
 2.73632e+23	4.42e-04	1.23e-01	8.16e-01	5.99e-02	1.54e-03	1.40e-05	0.00e+00	0.00e+00	0.00e+00	0.00e+00	0.00e+00
 2.75574e+23	5.11e-04	1.32e-01	8.13e-01	5.31e-02	1.26e-03	1.09e-05	0.00e+00	0.00e+00	0.00e+00	0.00e+00	0.00e+00
 2.77509e+23	6.12e-04	1.44e-01	8.09e-01	4.53e-02	9.65e-04	7.89e-06	0.00e+00	0.00e+00	0.00e+00	0.00e+00	0.00e+00
 2.79460e+23	7.14e-04	1.56e-01	8.03e-01	3.95e-02	7.72e-04	6.01e-06	0.00e+00	0.00e+00	0.00e+00	0.00e+00	0.00e+00
 2.81431e+23	8.61e-04	1.70e-01	7.95e-01	3.30e-02	5.80e-04	4.25e-06	0.00e+00	0.00e+00	0.00e+00	0.00e+00	0.00e+00
 2.83416e+23	1.01e-03	1.84e-01	7.86e-01	2.82e-02	4.54e-04	3.15e-06	0.00e+00	0.00e+00	0.00e+00	0.00e+00	0.00e+00
 2.85420e+23	1.23e-03	2.01e-01	7.74e-01	2.30e-02	3.33e-04	2.15e-06	0.00e+00	0.00e+00	0.00e+00	0.00e+00	0.00e+00
 2.87450e+23	1.46e-03	2.18e-01	7.62e-01	1.90e-02	2.53e-04	1.53e-06	0.00e+00	0.00e+00	0.00e+00	0.00e+00	0.00e+00
 2.89199e+23	1.71e-03	2.33e-01	7.49e-01	1.58e-02	1.94e-04	1.10e-06	0.00e+00	0.00e+00	0.00e+00	0.00e+00	0.00e+00
 2.90714e+23	1.95e-03	2.47e-01	7.38e-01	1.35e-02	1.56e-04	8.34e-07	0.00e+00	0.00e+00	0.00e+00	0.00e+00	0.00e+00
 2.92237e+23	2.27e-03	2.63e-01	7.24e-01	1.11e-02	1.19e-04	5.87e-07	0.00e+00	0.00e+00	0.00e+00	0.00e+00	0.00e+00
 2.93824e+23	2.62e-03	2.79e-01	7.10e-01	9.08e-03	9.21e-05	4.17e-07	0.00e+00	0.00e+00	0.00e+00	0.00e+00	0.00e+00
 2.95243e+23	3.00e-03	2.94e-01	6.96e-01	7.46e-03	7.19e-05	2.97e-07	0.00e+00	0.00e+00	0.00e+00	0.00e+00	0.00e+00
 2.96840e+23	3.55e-03	3.13e-01	6.78e-01	5.75e-03	5.23e-05	1.90e-07	0.00e+00	0.00e+00	0.00e+00	0.00e+00	0.00e+00
 2.98474e+23	4.15e-03	3.30e-01	6.62e-01	4.42e-03	3.86e-05	0.00e+00	0.00e+00	0.00e+00	0.00e+00	0.00e+00	0.00e+00
 2.99790e+23	4.73e-03	3.44e-01	6.48e-01	3.49e-03	2.95e-05	0.00e+00	0.00e+00	0.00e+00	0.00e+00	0.00e+00	0.00e+00
 3.00912e+23	5.29e-03	3.56e-01	6.36e-01	2.80e-03	2.32e-05	0.00e+00	0.00e+00	0.00e+00	0.00e+00	0.00e+00	0.00e+00
 3.01943e+23	5.92e-03	3.68e-01	6.24e-01	2.23e-03	1.83e-05	0.00e+00	0.00e+00	0.00e+00	0.00e+00	0.00e+00	0.00e+00
 3.02873e+23	6.55e-03	3.77e-01	6.14e-01	1.80e-03	1.46e-05	0.00e+00	0.00e+00	0.00e+00	0.00e+00	0.00e+00	0.00e+00
 3.03697e+23	7.20e-03	3.86e-01	6.06e-01	1.46e-03	1.19e-05	0.00e+00	0.00e+00	0.00e+00	0.00e+00	0.00e+00	0.00e+00
 3.04444e+23	7.86e-03	3.93e-01	5.98e-01	1.19e-03	9.69e-06	0.00e+00	0.00e+00	0.00e+00	0.00e+00	0.00e+00	0.00e+00
 3.05137e+23	8.55e-03	4.00e-01	5.91e-01	9.75e-04	7.98e-06	0.00e+00	0.00e+00	0.00e+00	0.00e+00	0.00e+00	0.00e+00
 3.05785e+23	9.30e-03	4.06e-01	5.84e-01	8.00e-04	6.59e-06	0.00e+00	0.00e+00	0.00e+00	0.00e+00	0.00e+00	0.00e+00
 3.06391e+23	1.01e-02	4.11e-01	5.78e-01	6.58e-04	5.47e-06	0.00e+00	0.00e+00	0.00e+00	0.00e+00	0.00e+00	0.00e+00
 3.06974e+23	1.09e-02	4.14e-01	5.74e-01	5.44e-04	4.57e-06	0.00e+00	0.00e+00	0.00e+00	0.00e+00	0.00e+00	0.00e+00
 3.07550e+23	1.18e-02	4.18e-01	5.70e-01	4.47e-04	3.80e-06	0.00e+00	0.00e+00	0.00e+00	0.00e+00	0.00e+00	0.00e+00
 3.08088e+23	1.27e-02	4.20e-01	5.67e-01	3.72e-04	3.20e-06	0.00e+00	0.00e+00	0.00e+00	0.00e+00	0.00e+00	0.00e+00
 3.08454e+23	1.32e-02	4.19e-01	5.68e-01	3.29e-04	2.86e-06	0.00e+00	0.00e+00	0.00e+00	0.00e+00	0.00e+00	0.00e+00
