#depth	N	N+	N+2	N+3	N+4	N+5	N+6	N+7
 1.54284e+22	2.06e-21	5.75e-16	4.48e-12	3.91e-09	1.03e-06	1.51e-03	8.24e-02	9.16e-01
 3.42039e+22	1.26e-18	1.40e-13	4.24e-10	1.28e-07	1.09e-05	6.53e-03	1.62e-01	8.32e-01
 3.86515e+22	5.94e-18	5.31e-13	1.29e-09	3.07e-07	2.01e-05	9.57e-03	1.91e-01	7.99e-01
 4.03023e+22	1.20e-17	9.75e-13	2.16e-09	4.58e-07	2.67e-05	1.14e-02	2.07e-01	7.82e-01
 4.09901e+22	1.43e-17	1.13e-12	2.44e-09	5.04e-07	2.86e-05	1.19e-02	2.11e-01	7.78e-01
 4.13065e+22	1.78e-17	1.36e-12	2.86e-09	5.72e-07	3.12e-05	1.26e-02	2.16e-01	7.72e-01
 4.16448e+22	2.15e-17	1.61e-12	3.28e-09	6.38e-07	3.38e-05	1.32e-02	2.20e-01	7.67e-01
 4.20115e+22	2.70e-17	1.96e-12	3.88e-09	7.27e-07	3.71e-05	1.40e-02	2.26e-01	7.60e-01
 4.23922e+22	3.34e-17	2.35e-12	4.52e-09	8.21e-07	4.04e-05	1.48e-02	2.31e-01	7.54e-01
 4.27290e+22	3.98e-17	2.74e-12	5.13e-09	9.08e-07	4.34e-05	1.54e-02	2.35e-01	7.49e-01
 4.31047e+22	5.11e-17	3.39e-12	6.15e-09	1.05e-06	4.80e-05	1.64e-02	2.41e-01	7.42e-01
 4.34899e+22	6.10e-17	3.96e-12	6.99e-09	1.16e-06	5.17e-05	1.72e-02	2.46e-01	7.37e-01
 4.38874e+22	7.79e-17	4.88e-12	8.35e-09	1.34e-06	5.71e-05	1.83e-02	2.52e-01	7.29e-01
 4.42989e+22	9.42e-17	5.76e-12	9.59e-09	1.49e-06	6.18e-05	1.92e-02	2.58e-01	7.23e-01
 4.47285e+22	1.22e-16	7.19e-12	1.16e-08	1.73e-06	6.87e-05	2.05e-02	2.65e-01	7.15e-01
 4.51688e+22	1.46e-16	8.51e-12	1.33e-08	1.94e-06	7.45e-05	2.16e-02	2.70e-01	7.08e-01
 4.56229e+22	1.89e-16	1.07e-11	1.61e-08	2.25e-06	8.30e-05	2.31e-02	2.77e-01	7.00e-01
 4.60942e+22	2.33e-16	1.27e-11	1.87e-08	2.54e-06	9.04e-05	2.43e-02	2.83e-01	6.92e-01
 4.65879e+22	3.07e-16	1.62e-11	2.29e-08	2.98e-06	1.01e-04	2.61e-02	2.91e-01	6.83e-01
 4.70897e+22	3.78e-16	1.94e-11	2.66e-08	3.36e-06	1.11e-04	2.75e-02	2.97e-01	6.75e-01
 4.76019e+22	5.03e-16	2.48e-11	3.28e-08	3.97e-06	1.24e-04	2.96e-02	3.06e-01	6.64e-01
 4.81196e+22	6.20e-16	2.97e-11	3.81e-08	4.48e-06	1.36e-04	3.12e-02	3.12e-01	6.57e-01
 4.86444e+22	8.20e-16	3.79e-11	4.68e-08	5.27e-06	1.52e-04	3.35e-02	3.21e-01	6.46e-01
 4.91800e+22	1.03e-15	4.60e-11	5.51e-08	6.01e-06	1.67e-04	3.55e-02	3.28e-01	6.37e-01
 4.97296e+22	1.37e-15	5.89e-11	6.79e-08	7.09e-06	1.88e-04	3.81e-02	3.36e-01	6.25e-01
 5.02905e+22	1.74e-15	7.24e-11	8.08e-08	8.15e-06	2.08e-04	4.05e-02	3.44e-01	6.16e-01
 5.07898e+22	2.19e-15	8.85e-11	9.57e-08	9.33e-06	2.29e-04	4.29e-02	3.51e-01	6.06e-01
 5.13625e+22	2.97e-15	1.15e-10	1.20e-07	1.12e-05	2.60e-04	4.63e-02	3.61e-01	5.93e-01
 5.19062e+22	3.62e-15	1.37e-10	1.38e-07	1.25e-05	2.83e-04	4.87e-02	3.67e-01	5.84e-01
 5.24121e+22	4.78e-15	1.74e-10	1.70e-07	1.47e-05	3.18e-04	5.22e-02	3.76e-01	5.72e-01
 5.29186e+22	5.84e-15	2.07e-10	1.97e-07	1.66e-05	3.46e-04	5.49e-02	3.82e-01	5.63e-01
 5.34260e+22	7.64e-15	2.62e-10	2.39e-07	1.94e-05	3.87e-04	5.87e-02	3.91e-01	5.50e-01
 5.39455e+22	9.51e-15	3.17e-10	2.82e-07	2.21e-05	4.25e-04	6.20e-02	3.98e-01	5.40e-01
 5.44807e+22	1.27e-14	4.07e-10	3.49e-07	2.63e-05	4.80e-04	6.66e-02	4.07e-01	5.26e-01
 5.50187e+22	1.58e-14	4.92e-10	4.09e-07	2.99e-05	5.27e-04	7.03e-02	4.14e-01	5.16e-01
 5.55605e+22	2.10e-14	6.32e-10	5.07e-07	3.56e-05	5.96e-04	7.55e-02	4.23e-01	5.01e-01
 5.61129e+22	2.64e-14	7.72e-10	6.01e-07	4.09e-05	6.58e-04	8.00e-02	4.30e-01	4.90e-01
 5.66791e+22	3.56e-14	1.00e-09	7.52e-07	4.91e-05	7.50e-04	8.62e-02	4.39e-01	4.74e-01
 5.72563e+22	4.51e-14	1.23e-09	8.99e-07	5.68e-05	8.33e-04	9.15e-02	4.46e-01	4.62e-01
 5.78478e+22	6.12e-14	1.62e-09	1.13e-06	6.87e-05	9.55e-04	9.89e-02	4.55e-01	4.45e-01
 5.84454e+22	7.76e-14	1.99e-09	1.36e-06	7.98e-05	1.06e-03	1.05e-01	4.62e-01	4.32e-01
 5.89503e+22	9.63e-14	2.41e-09	1.60e-06	9.16e-05	1.17e-03	1.11e-01	4.68e-01	4.20e-01
 5.95000e+22	1.26e-13	3.07e-09	1.98e-06	1.09e-04	1.33e-03	1.19e-01	4.75e-01	4.04e-01
 6.00518e+22	1.56e-13	3.70e-09	2.33e-06	1.25e-04	1.47e-03	1.26e-01	4.81e-01	3.92e-01
 6.05910e+22	2.01e-13	4.63e-09	2.84e-06	1.48e-04	1.66e-03	1.34e-01	4.87e-01	3.77e-01
 6.11411e+22	2.48e-13	5.60e-09	3.36e-06	1.71e-04	1.84e-03	1.42e-01	4.92e-01	3.64e-01
 6.16805e+22	3.12e-13	6.90e-09	4.05e-06	2.00e-04	2.07e-03	1.51e-01	4.97e-01	3.49e-01
 6.22312e+22	3.85e-13	8.34e-09	4.79e-06	2.32e-04	2.30e-03	1.60e-01	5.01e-01	3.36e-01
 6.27739e+22	4.76e-13	1.01e-08	5.70e-06	2.69e-04	2.57e-03	1.70e-01	5.05e-01	3.22e-01
 6.33209e+22	5.82e-13	1.22e-08	6.73e-06	3.11e-04	2.86e-03	1.80e-01	5.09e-01	3.09e-01
 6.38613e+22	7.07e-13	1.45e-08	7.93e-06	3.60e-04	3.18e-03	1.90e-01	5.11e-01	2.96e-01
 6.44007e+22	8.51e-13	1.73e-08	9.28e-06	4.14e-04	3.53e-03	2.00e-01	5.13e-01	2.83e-01
 6.49407e+22	1.02e-12	2.04e-08	1.08e-05	4.75e-04	3.92e-03	2.11e-01	5.15e-01	2.70e-01
 6.54825e+22	1.21e-12	2.40e-08	1.26e-05	5.45e-04	4.34e-03	2.22e-01	5.16e-01	2.58e-01
 6.60268e+22	1.44e-12	2.82e-08	1.47e-05	6.24e-04	4.80e-03	2.33e-01	5.16e-01	2.45e-01
 6.65758e+22	1.69e-12	3.29e-08	1.70e-05	7.13e-04	5.31e-03	2.45e-01	5.16e-01	2.34e-01
 6.71305e+22	1.99e-12	3.83e-08	1.96e-05	8.13e-04	5.86e-03	2.57e-01	5.15e-01	2.22e-01
 6.76883e+22	2.31e-12	4.44e-08	2.25e-05	9.25e-04	6.46e-03	2.69e-01	5.13e-01	2.11e-01
 6.82549e+22	2.69e-12	5.14e-08	2.59e-05	1.05e-03	7.13e-03	2.82e-01	5.11e-01	1.99e-01
 6.88275e+22	3.11e-12	5.91e-08	2.97e-05	1.19e-03	7.85e-03	2.95e-01	5.08e-01	1.89e-01
 6.94113e+22	3.61e-12	6.81e-08	3.41e-05	1.36e-03	8.66e-03	3.08e-01	5.04e-01	1.78e-01
 7.00053e+22	4.14e-12	7.79e-08	3.89e-05	1.54e-03	9.52e-03	3.22e-01	5.00e-01	1.68e-01
 7.05496e+22	4.63e-12	8.71e-08	4.34e-05	1.70e-03	1.03e-02	3.33e-01	4.96e-01	1.60e-01
 7.11181e+22	5.32e-12	9.98e-08	4.97e-05	1.93e-03	1.14e-02	3.47e-01	4.90e-01	1.49e-01
 7.16957e+22	5.93e-12	1.11e-07	5.53e-05	2.14e-03	1.23e-02	3.59e-01	4.85e-01	1.42e-01
 7.22911e+22	6.81e-12	1.28e-07	6.34e-05	2.43e-03	1.36e-02	3.74e-01	4.78e-01	1.32e-01
 7.28877e+22	7.55e-12	1.42e-07	7.03e-05	2.68e-03	1.46e-02	3.86e-01	4.72e-01	1.25e-01
 7.34858e+22	8.58e-12	1.61e-07	8.01e-05	3.03e-03	1.61e-02	4.01e-01	4.64e-01	1.16e-01
 7.40863e+22	9.49e-12	1.78e-07	8.85e-05	3.32e-03	1.73e-02	4.12e-01	4.57e-01	1.10e-01
 7.46898e+22	1.07e-11	2.02e-07	1.00e-04	3.74e-03	1.89e-02	4.27e-01	4.48e-01	1.02e-01
 7.52996e+22	1.18e-11	2.23e-07	1.11e-04	4.09e-03	2.03e-02	4.39e-01	4.41e-01	9.62e-02
 7.59178e+22	1.34e-11	2.52e-07	1.26e-04	4.59e-03	2.22e-02	4.53e-01	4.31e-01	8.90e-02
 7.65443e+22	1.47e-11	2.78e-07	1.39e-04	5.02e-03	2.38e-02	4.65e-01	4.23e-01	8.37e-02
 7.71815e+22	1.66e-11	3.14e-07	1.57e-04	5.63e-03	2.60e-02	4.79e-01	4.12e-01	7.71e-02
 7.78305e+22	1.84e-11	3.47e-07	1.73e-04	6.15e-03	2.79e-02	4.90e-01	4.03e-01	7.22e-02
 7.84947e+22	2.07e-11	3.92e-07	1.97e-04	6.90e-03	3.04e-02	5.05e-01	3.92e-01	6.62e-02
 7.91742e+22	2.30e-11	4.35e-07	2.18e-04	7.54e-03	3.26e-02	5.16e-01	3.82e-01	6.18e-02
 7.98735e+22	2.60e-11	4.93e-07	2.48e-04	8.46e-03	3.56e-02	5.30e-01	3.70e-01	5.63e-02
 8.05861e+22	2.90e-11	5.49e-07	2.75e-04	9.25e-03	3.81e-02	5.40e-01	3.60e-01	5.23e-02
 8.11875e+22	3.17e-11	6.01e-07	3.02e-04	1.00e-02	4.05e-02	5.50e-01	3.51e-01	4.89e-02
 8.18412e+22	3.56e-11	6.75e-07	3.40e-04	1.11e-02	4.37e-02	5.61e-01	3.39e-01	4.47e-02
 8.24751e+22	3.88e-11	7.36e-07	3.70e-04	1.19e-02	4.61e-02	5.69e-01	3.30e-01	4.20e-02
 8.30835e+22	4.30e-11	8.17e-07	4.12e-04	1.30e-02	4.95e-02	5.79e-01	3.19e-01	3.85e-02
 8.36982e+22	4.72e-11	8.95e-07	4.50e-04	1.40e-02	5.21e-02	5.86e-01	3.11e-01	3.61e-02
 8.43209e+22	5.25e-11	9.97e-07	5.02e-04	1.53e-02	5.57e-02	5.95e-01	3.00e-01	3.31e-02
 8.49530e+22	5.78e-11	1.09e-06	5.49e-04	1.64e-02	5.86e-02	6.02e-01	2.91e-01	3.09e-02
 8.55972e+22	6.46e-11	1.22e-06	6.15e-04	1.79e-02	6.27e-02	6.10e-01	2.80e-01	2.82e-02
 8.62508e+22	7.16e-11	1.35e-06	6.74e-04	1.93e-02	6.60e-02	6.16e-01	2.72e-01	2.63e-02
 8.69167e+22	8.01e-11	1.51e-06	7.56e-04	2.11e-02	7.06e-02	6.23e-01	2.60e-01	2.39e-02
 8.75937e+22	8.93e-11	1.67e-06	8.31e-04	2.26e-02	7.42e-02	6.29e-01	2.52e-01	2.21e-02
 8.82852e+22	1.01e-10	1.88e-06	9.37e-04	2.48e-02	7.93e-02	6.35e-01	2.40e-01	2.00e-02
 8.89922e+22	1.13e-10	2.10e-06	1.03e-03	2.67e-02	8.33e-02	6.39e-01	2.32e-01	1.85e-02
 8.97193e+22	1.28e-10	2.38e-06	1.17e-03	2.92e-02	8.91e-02	6.44e-01	2.20e-01	1.66e-02
 9.04653e+22	1.44e-10	2.66e-06	1.30e-03	3.15e-02	9.38e-02	6.47e-01	2.11e-01	1.52e-02
 9.12359e+22	1.67e-10	3.05e-06	1.48e-03	3.47e-02	1.00e-01	6.50e-01	2.00e-01	1.35e-02
 9.20149e+22	1.89e-10	3.43e-06	1.65e-03	3.74e-02	1.05e-01	6.52e-01	1.91e-01	1.24e-02
 9.28048e+22	2.19e-10	3.94e-06	1.89e-03	4.11e-02	1.12e-01	6.54e-01	1.80e-01	1.10e-02
 9.36035e+22	2.50e-10	4.45e-06	2.10e-03	4.42e-02	1.18e-01	6.54e-01	1.72e-01	9.99e-03
 9.44137e+22	2.91e-10	5.15e-06	2.41e-03	4.86e-02	1.25e-01	6.53e-01	1.61e-01	8.80e-03
 9.52375e+22	3.35e-10	5.83e-06	2.70e-03	5.24e-02	1.31e-01	6.52e-01	1.53e-01	7.98e-03
 9.59656e+22	3.80e-10	6.56e-06	3.01e-03	5.63e-02	1.38e-01	6.50e-01	1.46e-01	7.21e-03
 9.67987e+22	4.51e-10	7.67e-06	3.46e-03	6.17e-02	1.46e-01	6.47e-01	1.36e-01	6.33e-03
 9.76463e+22	5.15e-10	8.67e-06	3.87e-03	6.64e-02	1.53e-01	6.43e-01	1.28e-01	5.67e-03
 9.83338e+22	5.83e-10	9.68e-06	4.27e-03	7.07e-02	1.58e-01	6.39e-01	1.22e-01	5.17e-03
 9.90486e+22	6.76e-10	1.10e-05	4.79e-03	7.61e-02	1.65e-01	6.34e-01	1.15e-01	4.64e-03
 9.97988e+22	7.70e-10	1.24e-05	5.30e-03	8.12e-02	1.72e-01	6.29e-01	1.09e-01	4.19e-03
 1.00486e+23	8.76e-10	1.39e-05	5.85e-03	8.64e-02	1.78e-01	6.23e-01	1.03e-01	3.80e-03
 1.01271e+23	1.03e-09	1.61e-05	6.63e-03	9.34e-02	1.86e-01	6.15e-01	9.62e-02	3.35e-03
 1.02077e+23	1.19e-09	1.82e-05	7.39e-03	9.98e-02	1.93e-01	6.07e-01	9.03e-02	2.98e-03
 1.02785e+23	1.36e-09	2.05e-05	8.17e-03	1.06e-01	1.99e-01	5.99e-01	8.51e-02	2.69e-03
 1.03581e+23	1.61e-09	2.37e-05	9.24e-03	1.14e-01	2.07e-01	5.88e-01	7.89e-02	2.36e-03
 1.04413e+23	1.87e-09	2.70e-05	1.03e-02	1.22e-01	2.14e-01	5.78e-01	7.35e-02	2.08e-03
 1.05164e+23	2.16e-09	3.05e-05	1.14e-02	1.30e-01	2.21e-01	5.68e-01	6.88e-02	1.86e-03
 1.06013e+23	2.60e-09	3.57e-05	1.30e-02	1.40e-01	2.29e-01	5.54e-01	6.32e-02	1.61e-03
 1.06889e+23	3.03e-09	4.09e-05	1.46e-02	1.49e-01	2.36e-01	5.41e-01	5.83e-02	1.41e-03
 1.07669e+23	3.53e-09	4.65e-05	1.62e-02	1.58e-01	2.42e-01	5.28e-01	5.42e-02	1.24e-03
 1.08552e+23	4.29e-09	5.47e-05	1.84e-02	1.70e-01	2.49e-01	5.12e-01	4.93e-02	1.06e-03
 1.09470e+23	5.08e-09	6.31e-05	2.06e-02	1.81e-01	2.56e-01	4.96e-01	4.51e-02	9.17e-04
 1.10298e+23	5.89e-09	7.22e-05	2.30e-02	1.92e-01	2.62e-01	4.81e-01	4.14e-02	7.99e-04
 1.11236e+23	7.26e-09	8.57e-05	2.63e-02	2.06e-01	2.68e-01	4.61e-01	3.70e-02	6.68e-04
 1.12200e+23	8.64e-09	9.90e-05	2.94e-02	2.19e-01	2.74e-01	4.44e-01	3.36e-02	5.72e-04
 1.13064e+23	1.03e-08	1.14e-04	3.27e-02	2.31e-01	2.78e-01	4.27e-01	3.05e-02	4.91e-04
 1.14057e+23	1.28e-08	1.36e-04	3.75e-02	2.47e-01	2.83e-01	4.05e-01	2.68e-02	4.01e-04
 1.15058e+23	1.53e-08	1.57e-04	4.18e-02	2.61e-01	2.87e-01	3.86e-01	2.41e-02	3.39e-04
 1.16071e+23	1.92e-08	1.89e-04	4.77e-02	2.78e-01	2.90e-01	3.63e-01	2.10e-02	2.75e-04
 1.17101e+23	2.31e-08	2.19e-04	5.31e-02	2.92e-01	2.91e-01	3.44e-01	1.87e-02	2.30e-04
 1.18152e+23	2.93e-08	2.63e-04	6.07e-02	3.10e-01	2.92e-01	3.20e-01	1.61e-02	1.83e-04
 1.19214e+23	3.55e-08	3.05e-04	6.73e-02	3.24e-01	2.92e-01	3.01e-01	1.42e-02	1.52e-04
 1.20289e+23	4.52e-08	3.68e-04	7.67e-02	3.42e-01	2.91e-01	2.77e-01	1.20e-02	1.19e-04
 1.21374e+23	5.48e-08	4.26e-04	8.48e-02	3.56e-01	2.89e-01	2.59e-01	1.05e-02	9.72e-05
 1.22473e+23	7.03e-08	5.15e-04	9.61e-02	3.73e-01	2.85e-01	2.36e-01	8.80e-03	7.49e-05
 1.23587e+23	8.57e-08	5.97e-04	1.06e-01	3.87e-01	2.81e-01	2.18e-01	7.60e-03	6.05e-05
 1.24551e+23	1.04e-07	6.87e-04	1.16e-01	3.99e-01	2.76e-01	2.02e-01	6.59e-03	4.93e-05
 1.25635e+23	1.32e-07	8.23e-04	1.30e-01	4.13e-01	2.69e-01	1.82e-01	5.44e-03	3.74e-05
 1.26693e+23	1.58e-07	9.36e-04	1.41e-01	4.23e-01	2.63e-01	1.68e-01	4.73e-03	3.06e-05
 1.27574e+23	1.88e-07	1.06e-03	1.52e-01	4.31e-01	2.57e-01	1.55e-01	4.11e-03	2.51e-05
 1.28578e+23	2.34e-07	1.24e-03	1.67e-01	4.41e-01	2.48e-01	1.39e-01	3.42e-03	1.93e-05
 1.29583e+23	2.79e-07	1.41e-03	1.79e-01	4.48e-01	2.40e-01	1.28e-01	2.94e-03	1.57e-05
 1.30589e+23	3.47e-07	1.64e-03	1.96e-01	4.56e-01	2.30e-01	1.14e-01	2.43e-03	1.20e-05
 1.31614e+23	4.16e-07	1.87e-03	2.10e-01	4.61e-01	2.22e-01	1.04e-01	2.06e-03	9.54e-06
 1.32664e+23	5.22e-07	2.18e-03	2.29e-01	4.65e-01	2.10e-01	9.14e-02	1.67e-03	7.14e-06
 1.33721e+23	6.26e-07	2.47e-03	2.44e-01	4.68e-01	2.01e-01	8.24e-02	1.41e-03	5.63e-06
 1.34788e+23	7.84e-07	2.89e-03	2.65e-01	4.70e-01	1.89e-01	7.20e-02	1.13e-03	4.16e-06
 1.35868e+23	9.43e-07	3.27e-03	2.82e-01	4.70e-01	1.80e-01	6.44e-02	9.41e-04	3.24e-06
 1.36733e+23	1.09e-06	3.61e-03	2.96e-01	4.69e-01	1.72e-01	5.86e-02	8.08e-04	2.63e-06
 1.37627e+23	1.31e-06	4.08e-03	3.14e-01	4.67e-01	1.62e-01	5.21e-02	6.69e-04	2.03e-06
 1.38541e+23	1.53e-06	4.52e-03	3.29e-01	4.64e-01	1.54e-01	4.70e-02	5.69e-04	1.63e-06
 1.39354e+23	1.77e-06	4.98e-03	3.44e-01	4.61e-01	1.47e-01	4.25e-02	4.85e-04	1.31e-06
 1.40284e+23	2.13e-06	5.63e-03	3.63e-01	4.56e-01	1.37e-01	3.74e-02	3.95e-04	9.95e-07
 1.41224e+23	2.48e-06	6.22e-03	3.80e-01	4.51e-01	1.30e-01	3.35e-02	3.32e-04	7.87e-07
 1.42048e+23	2.87e-06	6.84e-03	3.95e-01	4.45e-01	1.22e-01	3.01e-02	2.81e-04	6.27e-07
 1.42989e+23	3.44e-06	7.70e-03	4.15e-01	4.37e-01	1.14e-01	2.62e-02	2.27e-04	4.70e-07
 1.43946e+23	3.99e-06	8.48e-03	4.31e-01	4.30e-01	1.06e-01	2.34e-02	1.89e-04	3.68e-07
 1.44793e+23	4.61e-06	9.31e-03	4.47e-01	4.23e-01	9.98e-02	2.08e-02	1.58e-04	2.89e-07
 1.45764e+23	5.52e-06	1.05e-02	4.67e-01	4.12e-01	9.18e-02	1.80e-02	1.26e-04	2.13e-07
 1.46750e+23	6.40e-06	1.15e-02	4.84e-01	4.03e-01	8.55e-02	1.59e-02	1.04e-04	1.65e-07
 1.47756e+23	7.68e-06	1.29e-02	5.04e-01	3.91e-01	7.80e-02	1.36e-02	8.13e-05	0.00e+00
 1.48771e+23	8.93e-06	1.42e-02	5.21e-01	3.81e-01	7.22e-02	1.19e-02	6.64e-05	0.00e+00
 1.49664e+23	1.03e-05	1.56e-02	5.37e-01	3.70e-01	6.69e-02	1.05e-02	5.44e-05	0.00e+00
 1.50689e+23	1.24e-05	1.76e-02	5.57e-01	3.56e-01	6.05e-02	8.85e-03	4.22e-05	0.00e+00
 1.51729e+23	1.44e-05	1.93e-02	5.72e-01	3.45e-01	5.57e-02	7.71e-03	3.41e-05	0.00e+00
 1.52789e+23	1.73e-05	2.17e-02	5.91e-01	3.31e-01	5.01e-02	6.48e-03	2.62e-05	0.00e+00
 1.53869e+23	2.02e-05	2.39e-02	6.07e-01	3.18e-01	4.57e-02	5.58e-03	2.08e-05	0.00e+00
 1.54977e+23	2.45e-05	2.69e-02	6.25e-01	3.03e-01	4.07e-02	4.64e-03	1.57e-05	0.00e+00
 1.56104e+23	2.87e-05	2.96e-02	6.40e-01	2.90e-01	3.68e-02	3.96e-03	1.23e-05	0.00e+00
 1.57105e+23	3.34e-05	3.25e-02	6.53e-01	2.77e-01	3.34e-02	3.39e-03	9.74e-06	0.00e+00
 1.57730e+23	3.48e-05	3.33e-02	6.57e-01	2.74e-01	3.25e-02	3.25e-03	9.11e-06	0.00e+00
 1.57910e+23	3.51e-05	3.35e-02	6.58e-01	2.73e-01	3.23e-02	3.21e-03	8.96e-06	0.00e+00
 1.58038e+23	3.59e-05	3.40e-02	6.60e-01	2.71e-01	3.18e-02	3.14e-03	8.65e-06	0.00e+00
 1.58204e+23	3.70e-05	3.46e-02	6.62e-01	2.69e-01	3.12e-02	3.05e-03	8.28e-06	0.00e+00
 1.58420e+23	3.83e-05	3.53e-02	6.65e-01	2.66e-01	3.05e-02	2.94e-03	7.83e-06	0.00e+00
 1.58700e+23	4.01e-05	3.63e-02	6.69e-01	2.62e-01	2.96e-02	2.80e-03	7.28e-06	0.00e+00
 1.59064e+23	4.26e-05	3.77e-02	6.74e-01	2.57e-01	2.84e-02	2.63e-03	6.61e-06	0.00e+00
 1.59538e+23	4.62e-05	3.97e-02	6.81e-01	2.50e-01	2.69e-02	2.41e-03	5.80e-06	0.00e+00
 1.60154e+23	5.14e-05	4.23e-02	6.89e-01	2.42e-01	2.50e-02	2.16e-03	4.89e-06	0.00e+00
 1.60955e+23	5.86e-05	4.59e-02	6.98e-01	2.31e-01	2.28e-02	1.87e-03	3.95e-06	0.00e+00
 1.61800e+23	6.60e-05	4.92e-02	7.06e-01	2.22e-01	2.10e-02	1.64e-03	3.24e-06	0.00e+00
 1.62585e+23	7.41e-05	5.28e-02	7.14e-01	2.12e-01	1.93e-02	1.45e-03	2.67e-06	0.00e+00
 1.63488e+23	8.60e-05	5.77e-02	7.23e-01	2.01e-01	1.73e-02	1.23e-03	2.08e-06	0.00e+00
 1.64397e+23	9.65e-05	6.18e-02	7.29e-01	1.92e-01	1.59e-02	1.07e-03	1.70e-06	0.00e+00
 1.65314e+23	1.12e-04	6.75e-02	7.36e-01	1.81e-01	1.42e-02	9.07e-04	1.32e-06	0.00e+00
 1.66248e+23	1.26e-04	7.24e-02	7.42e-01	1.72e-01	1.29e-02	7.88e-04	1.07e-06	0.00e+00
 1.67204e+23	1.46e-04	7.90e-02	7.47e-01	1.61e-01	1.15e-02	6.61e-04	8.19e-07	0.00e+00
 1.68185e+23	1.65e-04	8.50e-02	7.51e-01	1.53e-01	1.04e-02	5.68e-04	6.51e-07	0.00e+00
 1.69200e+23	1.94e-04	9.33e-02	7.55e-01	1.42e-01	9.16e-03	4.68e-04	4.86e-07	0.00e+00
 1.70222e+23	2.20e-04	1.00e-01	7.58e-01	1.33e-01	8.24e-03	4.00e-04	3.84e-07	0.00e+00
 1.71254e+23	2.56e-04	1.10e-01	7.59e-01	1.23e-01	7.24e-03	3.29e-04	2.86e-07	0.00e+00
 1.72321e+23	2.93e-04	1.18e-01	7.59e-01	1.15e-01	6.44e-03	2.76e-04	2.21e-07	0.00e+00
 1.73436e+23	3.46e-04	1.30e-01	7.58e-01	1.05e-01	5.58e-03	2.22e-04	1.60e-07	0.00e+00
 1.74564e+23	3.97e-04	1.41e-01	7.56e-01	9.75e-02	4.93e-03	1.85e-04	0.00e+00	0.00e+00
 1.75710e+23	4.69e-04	1.55e-01	7.52e-01	8.83e-02	4.23e-03	1.47e-04	0.00e+00	0.00e+00
 1.76866e+23	5.38e-04	1.67e-01	7.48e-01	8.13e-02	3.73e-03	1.22e-04	0.00e+00	0.00e+00
 1.78032e+23	6.40e-04	1.84e-01	7.39e-01	7.28e-02	3.17e-03	9.54e-05	0.00e+00	0.00e+00
 1.79206e+23	7.32e-04	1.98e-01	7.32e-01	6.66e-02	2.78e-03	7.85e-05	0.00e+00	0.00e+00
 1.80217e+23	8.35e-04	2.12e-01	7.23e-01	6.09e-02	2.45e-03	6.48e-05	0.00e+00	0.00e+00
 1.81362e+23	9.86e-04	2.33e-01	7.10e-01	5.41e-02	2.08e-03	5.05e-05	0.00e+00	0.00e+00
 1.82557e+23	1.14e-03	2.51e-01	6.97e-01	4.85e-02	1.80e-03	4.04e-05	0.00e+00	0.00e+00
 1.83818e+23	1.38e-03	2.78e-01	6.77e-01	4.20e-02	1.49e-03	3.02e-05	0.00e+00	0.00e+00
 1.85078e+23	1.60e-03	3.00e-01	6.60e-01	3.72e-02	1.28e-03	2.39e-05	0.00e+00	0.00e+00
 1.86340e+23	1.93e-03	3.31e-01	6.35e-01	3.16e-02	1.05e-03	1.75e-05	0.00e+00	0.00e+00
 1.87615e+23	2.25e-03	3.57e-01	6.12e-01	2.75e-02	8.88e-04	1.35e-05	0.00e+00	0.00e+00
 1.88910e+23	2.75e-03	3.95e-01	5.79e-01	2.27e-02	7.10e-04	9.51e-06	0.00e+00	0.00e+00
 1.90208e+23	3.22e-03	4.25e-01	5.52e-01	1.94e-02	5.95e-04	7.18e-06	0.00e+00	0.00e+00
 1.91513e+23	3.96e-03	4.69e-01	5.11e-01	1.55e-02	4.66e-04	4.86e-06	0.00e+00	0.00e+00
 1.92839e+23	4.69e-03	5.05e-01	4.77e-01	1.28e-02	3.79e-04	3.49e-06	0.00e+00	0.00e+00
 1.94193e+23	5.85e-03	5.56e-01	4.28e-01	9.71e-03	2.85e-04	2.21e-06	0.00e+00	0.00e+00
 1.95568e+23	7.01e-03	5.98e-01	3.87e-01	7.61e-03	2.23e-04	1.48e-06	0.00e+00	0.00e+00
 1.96619e+23	8.08e-03	6.31e-01	3.55e-01	6.22e-03	1.82e-04	1.07e-06	0.00e+00	0.00e+00
 1.97493e+23	9.17e-03	6.61e-01	3.25e-01	5.12e-03	1.50e-04	7.86e-07	0.00e+00	0.00e+00
 1.98490e+23	1.08e-02	7.00e-01	2.85e-01	3.89e-03	1.14e-04	5.09e-07	0.00e+00	0.00e+00
 1.99539e+23	1.27e-02	7.35e-01	2.50e-01	2.97e-03	8.71e-05	3.33e-07	0.00e+00	0.00e+00
 2.00506e+23	1.48e-02	7.68e-01	2.15e-01	2.23e-03	6.53e-05	2.13e-07	0.00e+00	0.00e+00
 2.01618e+23	1.80e-02	8.06e-01	1.74e-01	1.50e-03	4.39e-05	0.00e+00	0.00e+00	0.00e+00
 2.02753e+23	2.18e-02	8.38e-01	1.39e-01	1.01e-03	2.92e-05	0.00e+00	0.00e+00	0.00e+00
 2.03675e+23	2.56e-02	8.61e-01	1.13e-01	7.06e-04	2.00e-05	0.00e+00	0.00e+00	0.00e+00
 2.04484e+23	3.00e-02	8.79e-01	9.01e-02	4.92e-04	1.35e-05	0.00e+00	0.00e+00	0.00e+00
 2.05249e+23	3.52e-02	8.93e-01	7.10e-02	3.41e-04	8.91e-06	0.00e+00	0.00e+00	0.00e+00
 2.05965e+23	4.13e-02	9.03e-01	5.51e-02	2.36e-04	5.74e-06	0.00e+00	0.00e+00	0.00e+00
 2.06619e+23	4.85e-02	9.09e-01	4.24e-02	1.65e-04	3.66e-06	0.00e+00	0.00e+00	0.00e+00
 2.07205e+23	5.70e-02	9.10e-01	3.25e-02	1.17e-04	2.33e-06	0.00e+00	0.00e+00	0.00e+00
 2.07725e+23	6.66e-02	9.08e-01	2.50e-02	8.58e-05	1.50e-06	0.00e+00	0.00e+00	0.00e+00
 2.08193e+23	7.76e-02	9.03e-01	1.94e-02	6.45e-05	9.74e-07	0.00e+00	0.00e+00	0.00e+00
 2.08624e+23	9.07e-02	8.94e-01	1.50e-02	4.93e-05	6.33e-07	0.00e+00	0.00e+00	0.00e+00
 2.09022e+23	1.06e-01	8.82e-01	1.16e-02	3.85e-05	4.15e-07	0.00e+00	0.00e+00	0.00e+00
 2.09383e+23	1.23e-01	8.68e-01	9.01e-03	3.07e-05	2.78e-07	0.00e+00	0.00e+00	0.00e+00
 2.09714e+23	1.43e-01	8.50e-01	7.07e-03	2.50e-05	1.90e-07	0.00e+00	0.00e+00	0.00e+00
 2.10014e+23	1.64e-01	8.31e-01	5.63e-03	2.08e-05	1.33e-07	0.00e+00	0.00e+00	0.00e+00
 2.10218e+23	1.80e-01	8.16e-01	4.83e-03	1.85e-05	0.00e+00	0.00e+00	0.00e+00	0.00e+00
 2.10328e+23	1.89e-01	8.07e-01	4.44e-03	1.74e-05	0.00e+00	0.00e+00	0.00e+00	0.00e+00
 2.10431e+23	1.98e-01	7.98e-01	4.08e-03	1.64e-05	0.00e+00	0.00e+00	0.00e+00	0.00e+00
 2.10562e+23	2.11e-01	7.85e-01	3.65e-03	1.51e-05	0.00e+00	0.00e+00	0.00e+00	0.00e+00
 2.10710e+23	2.27e-01	7.70e-01	3.22e-03	1.39e-05	0.00e+00	0.00e+00	0.00e+00	0.00e+00
 2.10857e+23	2.42e-01	7.55e-01	2.86e-03	1.28e-05	0.00e+00	0.00e+00	0.00e+00	0.00e+00
 2.11008e+23	2.60e-01	7.38e-01	2.51e-03	1.17e-05	0.00e+00	0.00e+00	0.00e+00	0.00e+00
 2.11170e+23	2.80e-01	7.18e-01	2.18e-03	1.07e-05	0.00e+00	0.00e+00	0.00e+00	0.00e+00
 2.11332e+23	3.00e-01	6.98e-01	1.89e-03	9.81e-06	0.00e+00	0.00e+00	0.00e+00	0.00e+00
 2.11488e+23	3.19e-01	6.79e-01	1.66e-03	9.05e-06	0.00e+00	0.00e+00	0.00e+00	0.00e+00
 2.11609e+23	3.35e-01	6.63e-01	1.50e-03	8.52e-06	0.00e+00	0.00e+00	0.00e+00	0.00e+00
 2.11690e+23	3.46e-01	6.53e-01	1.40e-03	8.18e-06	0.00e+00	0.00e+00	0.00e+00	0.00e+00
 2.11769e+23	3.56e-01	6.42e-01	1.31e-03	7.87e-06	0.00e+00	0.00e+00	0.00e+00	0.00e+00
 2.11863e+23	3.69e-01	6.30e-01	1.21e-03	7.50e-06	0.00e+00	0.00e+00	0.00e+00	0.00e+00
 2.11969e+23	3.84e-01	6.15e-01	1.10e-03	7.12e-06	0.00e+00	0.00e+00	0.00e+00	0.00e+00
 2.12072e+23	3.98e-01	6.01e-01	1.01e-03	6.78e-06	0.00e+00	0.00e+00	0.00e+00	0.00e+00
 2.12170e+23	4.11e-01	5.88e-01	9.27e-04	6.47e-06	0.00e+00	0.00e+00	0.00e+00	0.00e+00
 2.12269e+23	4.24e-01	5.75e-01	8.52e-04	6.18e-06	0.00e+00	0.00e+00	0.00e+00	0.00e+00
 2.12373e+23	4.39e-01	5.61e-01	7.80e-04	5.89e-06	0.00e+00	0.00e+00	0.00e+00	0.00e+00
 2.12483e+23	4.53e-01	5.46e-01	7.10e-04	5.61e-06	0.00e+00	0.00e+00	0.00e+00	0.00e+00
 2.12593e+23	4.68e-01	5.31e-01	6.47e-04	5.34e-06	0.00e+00	0.00e+00	0.00e+00	0.00e+00
 2.12702e+23	4.83e-01	5.17e-01	5.91e-04	5.09e-06	0.00e+00	0.00e+00	0.00e+00	0.00e+00
 2.12815e+23	4.97e-01	5.02e-01	5.38e-04	4.84e-06	0.00e+00	0.00e+00	0.00e+00	0.00e+00
 2.12933e+23	5.12e-01	4.87e-01	4.88e-04	4.61e-06	0.00e+00	0.00e+00	0.00e+00	0.00e+00
 2.13055e+23	5.28e-01	4.72e-01	4.42e-04	4.38e-06	0.00e+00	0.00e+00	0.00e+00	0.00e+00
 2.13177e+23	5.43e-01	4.57e-01	4.00e-04	4.17e-06	0.00e+00	0.00e+00	0.00e+00	0.00e+00
 2.13303e+23	5.58e-01	4.42e-01	3.62e-04	3.96e-06	0.00e+00	0.00e+00	0.00e+00	0.00e+00
 2.13434e+23	5.73e-01	4.27e-01	3.26e-04	3.76e-06	0.00e+00	0.00e+00	0.00e+00	0.00e+00
 2.13569e+23	5.89e-01	4.11e-01	2.94e-04	3.57e-06	0.00e+00	0.00e+00	0.00e+00	0.00e+00
 2.13706e+23	6.04e-01	3.96e-01	2.65e-04	3.38e-06	0.00e+00	0.00e+00	0.00e+00	0.00e+00
 2.13847e+23	6.19e-01	3.81e-01	2.38e-04	3.21e-06	0.00e+00	0.00e+00	0.00e+00	0.00e+00
 2.13995e+23	6.34e-01	3.66e-01	2.13e-04	3.04e-06	0.00e+00	0.00e+00	0.00e+00	0.00e+00
 2.14146e+23	6.49e-01	3.51e-01	1.92e-04	2.88e-06	0.00e+00	0.00e+00	0.00e+00	0.00e+00
 2.14302e+23	6.63e-01	3.36e-01	1.72e-04	2.72e-06	0.00e+00	0.00e+00	0.00e+00	0.00e+00
 2.14464e+23	6.78e-01	3.22e-01	1.54e-04	2.57e-06	0.00e+00	0.00e+00	0.00e+00	0.00e+00
 2.14630e+23	6.92e-01	3.07e-01	1.38e-04	2.43e-06	0.00e+00	0.00e+00	0.00e+00	0.00e+00
 2.14801e+23	7.07e-01	2.93e-01	1.24e-04	2.30e-06	0.00e+00	0.00e+00	0.00e+00	0.00e+00
 2.14980e+23	7.21e-01	2.79e-01	1.11e-04	2.17e-06	0.00e+00	0.00e+00	0.00e+00	0.00e+00
 2.15164e+23	7.34e-01	2.66e-01	9.95e-05	2.04e-06	0.00e+00	0.00e+00	0.00e+00	0.00e+00
 2.15350e+23	7.47e-01	2.53e-01	8.98e-05	1.93e-06	0.00e+00	0.00e+00	0.00e+00	0.00e+00
 2.15539e+23	7.59e-01	2.41e-01	8.12e-05	1.83e-06	0.00e+00	0.00e+00	0.00e+00	0.00e+00
 2.15736e+23	7.71e-01	2.29e-01	7.34e-05	1.72e-06	0.00e+00	0.00e+00	0.00e+00	0.00e+00
 2.15940e+23	7.83e-01	2.17e-01	6.66e-05	1.63e-06	0.00e+00	0.00e+00	0.00e+00	0.00e+00
 2.16148e+23	7.95e-01	2.05e-01	6.07e-05	1.54e-06	0.00e+00	0.00e+00	0.00e+00	0.00e+00
 2.16357e+23	8.05e-01	1.95e-01	5.56e-05	1.46e-06	0.00e+00	0.00e+00	0.00e+00	0.00e+00
 2.16573e+23	8.15e-01	1.85e-01	5.11e-05	1.38e-06	0.00e+00	0.00e+00	0.00e+00	0.00e+00
 2.16800e+23	8.25e-01	1.75e-01	4.70e-05	1.30e-06	0.00e+00	0.00e+00	0.00e+00	0.00e+00
 2.17032e+23	8.35e-01	1.65e-01	4.35e-05	1.24e-06	0.00e+00	0.00e+00	0.00e+00	0.00e+00
 2.17271e+23	8.44e-01	1.56e-01	4.04e-05	1.17e-06	0.00e+00	0.00e+00	0.00e+00	0.00e+00
 2.17521e+23	8.53e-01	1.47e-01	3.75e-05	1.11e-06	0.00e+00	0.00e+00	0.00e+00	0.00e+00
 2.17781e+23	8.61e-01	1.39e-01	3.50e-05	1.05e-06	0.00e+00	0.00e+00	0.00e+00	0.00e+00
 2.18051e+23	8.70e-01	1.30e-01	3.28e-05	9.91e-07	0.00e+00	0.00e+00	0.00e+00	0.00e+00
 2.18329e+23	8.78e-01	1.22e-01	3.07e-05	9.37e-07	0.00e+00	0.00e+00	0.00e+00	0.00e+00
 2.18608e+23	8.85e-01	1.15e-01	2.90e-05	8.89e-07	0.00e+00	0.00e+00	0.00e+00	0.00e+00
 2.18878e+23	8.91e-01	1.09e-01	2.75e-05	8.47e-07	0.00e+00	0.00e+00	0.00e+00	0.00e+00
 2.19139e+23	8.97e-01	1.03e-01	2.63e-05	8.09e-07	0.00e+00	0.00e+00	0.00e+00	0.00e+00
 2.19391e+23	9.03e-01	9.71e-02	2.52e-05	7.75e-07	0.00e+00	0.00e+00	0.00e+00	0.00e+00
 2.19633e+23	9.08e-01	9.21e-02	2.42e-05	7.44e-07	0.00e+00	0.00e+00	0.00e+00	0.00e+00
 2.19863e+23	9.13e-01	8.75e-02	2.34e-05	7.17e-07	0.00e+00	0.00e+00	0.00e+00	0.00e+00
 2.20077e+23	9.16e-01	8.35e-02	2.27e-05	6.93e-07	0.00e+00	0.00e+00	0.00e+00	0.00e+00
 2.20285e+23	9.20e-01	7.97e-02	2.21e-05	6.70e-07	0.00e+00	0.00e+00	0.00e+00	0.00e+00
 2.20493e+23	9.24e-01	7.61e-02	2.14e-05	6.48e-07	0.00e+00	0.00e+00	0.00e+00	0.00e+00
 2.20695e+23	9.27e-01	7.27e-02	2.09e-05	6.29e-07	0.00e+00	0.00e+00	0.00e+00	0.00e+00
 2.20891e+23	9.30e-01	6.96e-02	2.04e-05	6.11e-07	0.00e+00	0.00e+00	0.00e+00	0.00e+00
 2.21079e+23	9.33e-01	6.68e-02	1.99e-05	5.94e-07	0.00e+00	0.00e+00	0.00e+00	0.00e+00
 2.21261e+23	9.36e-01	6.41e-02	1.95e-05	5.79e-07	0.00e+00	0.00e+00	0.00e+00	0.00e+00
 2.21437e+23	9.38e-01	6.17e-02	1.91e-05	5.66e-07	0.00e+00	0.00e+00	0.00e+00	0.00e+00
 2.21608e+23	9.41e-01	5.94e-02	1.88e-05	5.54e-07	0.00e+00	0.00e+00	0.00e+00	0.00e+00
 2.21773e+23	9.43e-01	5.73e-02	1.85e-05	5.43e-07	0.00e+00	0.00e+00	0.00e+00	0.00e+00
 2.21932e+23	9.45e-01	5.54e-02	1.82e-05	5.33e-07	0.00e+00	0.00e+00	0.00e+00	0.00e+00
 2.22086e+23	9.46e-01	5.36e-02	1.79e-05	5.25e-07	0.00e+00	0.00e+00	0.00e+00	0.00e+00
 2.22231e+23	9.48e-01	5.21e-02	1.77e-05	5.17e-07	0.00e+00	0.00e+00	0.00e+00	0.00e+00
 2.22374e+23	9.49e-01	5.05e-02	1.74e-05	5.11e-07	0.00e+00	0.00e+00	0.00e+00	0.00e+00
 2.22514e+23	9.51e-01	4.91e-02	1.72e-05	5.05e-07	0.00e+00	0.00e+00	0.00e+00	0.00e+00
 2.22641e+23	9.52e-01	4.80e-02	1.70e-05	5.01e-07	0.00e+00	0.00e+00	0.00e+00	0.00e+00
 2.22756e+23	9.53e-01	4.70e-02	1.69e-05	4.99e-07	0.00e+00	0.00e+00	0.00e+00	0.00e+00
 2.22862e+23	9.54e-01	4.61e-02	1.67e-05	4.97e-07	0.00e+00	0.00e+00	0.00e+00	0.00e+00
 2.22958e+23	9.55e-01	4.54e-02	1.66e-05	4.96e-07	0.00e+00	0.00e+00	0.00e+00	0.00e+00
 2.23045e+23	9.55e-01	4.48e-02	1.65e-05	4.95e-07	0.00e+00	0.00e+00	0.00e+00	0.00e+00
 2.23124e+23	9.56e-01	4.42e-02	1.64e-05	4.95e-07	0.00e+00	0.00e+00	0.00e+00	0.00e+00
 2.23196e+23	9.56e-01	4.38e-02	1.63e-05	4.96e-07	0.00e+00	0.00e+00	0.00e+00	0.00e+00
 2.23275e+23	9.57e-01	4.32e-02	1.62e-05	4.96e-07	0.00e+00	0.00e+00	0.00e+00	0.00e+00
 2.23361e+23	9.57e-01	4.26e-02	1.61e-05	4.96e-07	0.00e+00	0.00e+00	0.00e+00	0.00e+00
 2.23439e+23	9.58e-01	4.22e-02	1.60e-05	4.96e-07	0.00e+00	0.00e+00	0.00e+00	0.00e+00
 2.23509e+23	9.58e-01	4.18e-02	1.60e-05	4.99e-07	0.00e+00	0.00e+00	0.00e+00	0.00e+00
 2.23574e+23	9.58e-01	4.15e-02	1.59e-05	4.99e-07	0.00e+00	0.00e+00	0.00e+00	0.00e+00
 2.23644e+23	9.59e-01	4.11e-02	1.58e-05	4.99e-07	0.00e+00	0.00e+00	0.00e+00	0.00e+00
 2.23736e+23	9.59e-01	4.06e-02	1.57e-05	5.01e-07	0.00e+00	0.00e+00	0.00e+00	0.00e+00
 2.23835e+23	9.60e-01	4.01e-02	1.56e-05	5.02e-07	0.00e+00	0.00e+00	0.00e+00	0.00e+00
 2.23925e+23	9.60e-01	3.97e-02	1.55e-05	5.04e-07	0.00e+00	0.00e+00	0.00e+00	0.00e+00
 2.24007e+23	9.61e-01	3.94e-02	1.54e-05	5.05e-07	0.00e+00	0.00e+00	0.00e+00	0.00e+00
 2.24082e+23	9.61e-01	3.91e-02	1.54e-05	5.09e-07	0.00e+00	0.00e+00	0.00e+00	0.00e+00
 2.24150e+23	9.61e-01	3.89e-02	1.53e-05	5.08e-07	0.00e+00	0.00e+00	0.00e+00	0.00e+00
 2.24224e+23	9.61e-01	3.86e-02	1.52e-05	5.10e-07	0.00e+00	0.00e+00	0.00e+00	0.00e+00
 2.24304e+23	9.62e-01	3.83e-02	1.51e-05	5.10e-07	0.00e+00	0.00e+00	0.00e+00	0.00e+00
 2.24392e+23	9.62e-01	3.80e-02	1.50e-05	5.12e-07	0.00e+00	0.00e+00	0.00e+00	0.00e+00
 2.24487e+23	9.62e-01	3.76e-02	1.49e-05	5.12e-07	0.00e+00	0.00e+00	0.00e+00	0.00e+00
 2.24574e+23	9.63e-01	3.74e-02	1.49e-05	5.14e-07	0.00e+00	0.00e+00	0.00e+00	0.00e+00
 2.24652e+23	9.63e-01	3.72e-02	1.48e-05	5.17e-07	0.00e+00	0.00e+00	0.00e+00	0.00e+00
 2.24724e+23	9.63e-01	3.70e-02	1.47e-05	5.17e-07	0.00e+00	0.00e+00	0.00e+00	0.00e+00
 2.24803e+23	9.63e-01	3.67e-02	1.47e-05	5.20e-07	0.00e+00	0.00e+00	0.00e+00	0.00e+00
 2.24887e+23	9.63e-01	3.65e-02	1.46e-05	5.21e-07	0.00e+00	0.00e+00	0.00e+00	0.00e+00
 2.24980e+23	9.64e-01	3.62e-02	1.45e-05	5.23e-07	0.00e+00	0.00e+00	0.00e+00	0.00e+00
 2.25080e+23	9.64e-01	3.59e-02	1.44e-05	5.25e-07	0.00e+00	0.00e+00	0.00e+00	0.00e+00
 2.25171e+23	9.64e-01	3.57e-02	1.43e-05	5.26e-07	0.00e+00	0.00e+00	0.00e+00	0.00e+00
 2.25271e+23	9.65e-01	3.54e-02	1.43e-05	5.30e-07	0.00e+00	0.00e+00	0.00e+00	0.00e+00
 2.25379e+23	9.65e-01	3.52e-02	1.43e-05	5.34e-07	0.00e+00	0.00e+00	0.00e+00	0.00e+00
 2.25477e+23	9.65e-01	3.50e-02	1.42e-05	5.37e-07	0.00e+00	0.00e+00	0.00e+00	0.00e+00
 2.25567e+23	9.65e-01	3.48e-02	1.42e-05	5.40e-07	0.00e+00	0.00e+00	0.00e+00	0.00e+00
 2.25648e+23	9.65e-01	3.46e-02	1.42e-05	5.44e-07	0.00e+00	0.00e+00	0.00e+00	0.00e+00
 2.25722e+23	9.65e-01	3.45e-02	1.41e-05	5.47e-07	0.00e+00	0.00e+00	0.00e+00	0.00e+00
 2.25803e+23	9.66e-01	3.43e-02	1.41e-05	5.51e-07	0.00e+00	0.00e+00	0.00e+00	0.00e+00
 2.25891e+23	9.66e-01	3.42e-02	1.41e-05	5.54e-07	0.00e+00	0.00e+00	0.00e+00	0.00e+00
 2.25970e+23	9.66e-01	3.40e-02	1.40e-05	5.57e-07	0.00e+00	0.00e+00	0.00e+00	0.00e+00
 2.26057e+23	9.66e-01	3.38e-02	1.40e-05	5.60e-07	0.00e+00	0.00e+00	0.00e+00	0.00e+00
 2.26152e+23	9.66e-01	3.36e-02	1.40e-05	5.63e-07	0.00e+00	0.00e+00	0.00e+00	0.00e+00
 2.26237e+23	9.67e-01	3.34e-02	1.39e-05	5.66e-07	0.00e+00	0.00e+00	0.00e+00	0.00e+00
 2.26315e+23	9.67e-01	3.33e-02	1.39e-05	5.71e-07	0.00e+00	0.00e+00	0.00e+00	0.00e+00
 2.26386e+23	9.67e-01	3.32e-02	1.39e-05	5.73e-07	0.00e+00	0.00e+00	0.00e+00	0.00e+00
 2.26464e+23	9.67e-01	3.30e-02	1.39e-05	5.74e-07	0.00e+00	0.00e+00	0.00e+00	0.00e+00
 2.26565e+23	9.67e-01	3.28e-02	1.38e-05	5.77e-07	0.00e+00	0.00e+00	0.00e+00	0.00e+00
 2.26674e+23	9.67e-01	3.25e-02	1.38e-05	5.79e-07	0.00e+00	0.00e+00	0.00e+00	0.00e+00
 2.26774e+23	9.68e-01	3.23e-02	1.37e-05	5.82e-07	0.00e+00	0.00e+00	0.00e+00	0.00e+00
 2.26864e+23	9.68e-01	3.22e-02	1.37e-05	5.86e-07	0.00e+00	0.00e+00	0.00e+00	0.00e+00
 2.26946e+23	9.68e-01	3.20e-02	1.37e-05	5.85e-07	0.00e+00	0.00e+00	0.00e+00	0.00e+00
 2.27037e+23	9.68e-01	3.18e-02	1.36e-05	5.85e-07	0.00e+00	0.00e+00	0.00e+00	0.00e+00
 2.27154e+23	9.69e-01	3.15e-02	1.36e-05	5.85e-07	0.00e+00	0.00e+00	0.00e+00	0.00e+00
 2.27280e+23	9.69e-01	3.11e-02	1.35e-05	5.84e-07	0.00e+00	0.00e+00	0.00e+00	0.00e+00
 2.27395e+23	9.69e-01	3.09e-02	1.35e-05	5.86e-07	0.00e+00	0.00e+00	0.00e+00	0.00e+00
 2.27500e+23	9.69e-01	3.07e-02	1.34e-05	5.89e-07	0.00e+00	0.00e+00	0.00e+00	0.00e+00
 2.27596e+23	9.69e-01	3.06e-02	1.34e-05	5.90e-07	0.00e+00	0.00e+00	0.00e+00	0.00e+00
 2.27700e+23	9.70e-01	3.03e-02	1.33e-05	5.89e-07	0.00e+00	0.00e+00	0.00e+00	0.00e+00
 2.27813e+23	9.70e-01	3.01e-02	1.33e-05	5.89e-07	0.00e+00	0.00e+00	0.00e+00	0.00e+00
 2.27916e+23	9.70e-01	2.99e-02	1.32e-05	5.89e-07	0.00e+00	0.00e+00	0.00e+00	0.00e+00
 2.28028e+23	9.70e-01	2.96e-02	1.32e-05	5.89e-07	0.00e+00	0.00e+00	0.00e+00	0.00e+00
 2.28149e+23	9.71e-01	2.94e-02	1.31e-05	5.89e-07	0.00e+00	0.00e+00	0.00e+00	0.00e+00
 2.28260e+23	9.71e-01	2.92e-02	1.31e-05	5.92e-07	0.00e+00	0.00e+00	0.00e+00	0.00e+00
 2.28360e+23	9.71e-01	2.90e-02	1.31e-05	5.89e-07	0.00e+00	0.00e+00	0.00e+00	0.00e+00
 2.28471e+23	9.71e-01	2.87e-02	1.30e-05	5.90e-07	0.00e+00	0.00e+00	0.00e+00	0.00e+00
 2.28590e+23	9.72e-01	2.85e-02	1.30e-05	5.89e-07	0.00e+00	0.00e+00	0.00e+00	0.00e+00
 2.28698e+23	9.72e-01	2.83e-02	1.29e-05	5.87e-07	0.00e+00	0.00e+00	0.00e+00	0.00e+00
 2.28816e+23	9.72e-01	2.80e-02	1.29e-05	5.87e-07	0.00e+00	0.00e+00	0.00e+00	0.00e+00
 2.28945e+23	9.72e-01	2.77e-02	1.28e-05	5.86e-07	0.00e+00	0.00e+00	0.00e+00	0.00e+00
 2.29061e+23	9.72e-01	2.76e-02	1.28e-05	5.88e-07	0.00e+00	0.00e+00	0.00e+00	0.00e+00
 2.29167e+23	9.73e-01	2.74e-02	1.27e-05	5.85e-07	0.00e+00	0.00e+00	0.00e+00	0.00e+00
 2.29283e+23	9.73e-01	2.71e-02	1.27e-05	5.84e-07	0.00e+00	0.00e+00	0.00e+00	0.00e+00
 2.29409e+23	9.73e-01	2.69e-02	1.26e-05	5.84e-07	0.00e+00	0.00e+00	0.00e+00	0.00e+00
 2.29523e+23	9.73e-01	2.67e-02	1.25e-05	5.81e-07	0.00e+00	0.00e+00	0.00e+00	0.00e+00
 2.29648e+23	9.74e-01	2.64e-02	1.25e-05	5.79e-07	0.00e+00	0.00e+00	0.00e+00	0.00e+00
 2.29783e+23	9.74e-01	2.61e-02	1.24e-05	5.76e-07	0.00e+00	0.00e+00	0.00e+00	0.00e+00
 2.29906e+23	9.74e-01	2.59e-02	1.24e-05	5.75e-07	0.00e+00	0.00e+00	0.00e+00	0.00e+00
 2.30018e+23	9.74e-01	2.57e-02	1.23e-05	5.76e-07	0.00e+00	0.00e+00	0.00e+00	0.00e+00
 2.30120e+23	9.74e-01	2.56e-02	1.23e-05	5.73e-07	0.00e+00	0.00e+00	0.00e+00	0.00e+00
 2.30231e+23	9.75e-01	2.53e-02	1.22e-05	5.71e-07	0.00e+00	0.00e+00	0.00e+00	0.00e+00
 2.30352e+23	9.75e-01	2.51e-02	1.22e-05	5.70e-07	0.00e+00	0.00e+00	0.00e+00	0.00e+00
 2.30461e+23	9.75e-01	2.49e-02	1.21e-05	5.67e-07	0.00e+00	0.00e+00	0.00e+00	0.00e+00
 2.30581e+23	9.75e-01	2.47e-02	1.21e-05	5.64e-07	0.00e+00	0.00e+00	0.00e+00	0.00e+00
 2.30711e+23	9.76e-01	2.44e-02	1.20e-05	5.63e-07	0.00e+00	0.00e+00	0.00e+00	0.00e+00
 2.30829e+23	9.76e-01	2.42e-02	1.20e-05	5.59e-07	0.00e+00	0.00e+00	0.00e+00	0.00e+00
 2.30958e+23	9.76e-01	2.40e-02	1.19e-05	5.55e-07	0.00e+00	0.00e+00	0.00e+00	0.00e+00
 2.31097e+23	9.76e-01	2.37e-02	1.18e-05	5.51e-07	0.00e+00	0.00e+00	0.00e+00	0.00e+00
 2.31250e+23	9.77e-01	2.34e-02	1.18e-05	5.47e-07	0.00e+00	0.00e+00	0.00e+00	0.00e+00
 2.31415e+23	9.77e-01	2.31e-02	1.17e-05	5.43e-07	0.00e+00	0.00e+00	0.00e+00	0.00e+00
 2.31566e+23	9.77e-01	2.28e-02	1.16e-05	5.40e-07	0.00e+00	0.00e+00	0.00e+00	0.00e+00
 2.31702e+23	9.77e-01	2.26e-02	1.16e-05	5.37e-07	0.00e+00	0.00e+00	0.00e+00	0.00e+00
 2.31852e+23	9.78e-01	2.23e-02	1.15e-05	5.32e-07	0.00e+00	0.00e+00	0.00e+00	0.00e+00
 2.32014e+23	9.78e-01	2.21e-02	1.14e-05	5.29e-07	0.00e+00	0.00e+00	0.00e+00	0.00e+00
 2.32161e+23	9.78e-01	2.19e-02	1.14e-05	5.24e-07	0.00e+00	0.00e+00	0.00e+00	0.00e+00
 2.32322e+23	9.78e-01	2.15e-02	1.13e-05	5.19e-07	0.00e+00	0.00e+00	0.00e+00	0.00e+00
 2.32496e+23	9.79e-01	2.13e-02	1.12e-05	5.15e-07	0.00e+00	0.00e+00	0.00e+00	0.00e+00
 2.32655e+23	9.79e-01	2.10e-02	1.12e-05	5.10e-07	0.00e+00	0.00e+00	0.00e+00	0.00e+00
 2.32828e+23	9.79e-01	2.07e-02	1.11e-05	5.03e-07	0.00e+00	0.00e+00	0.00e+00	0.00e+00
 2.33016e+23	9.80e-01	2.04e-02	1.10e-05	4.99e-07	0.00e+00	0.00e+00	0.00e+00	0.00e+00
 2.33186e+23	9.80e-01	2.02e-02	1.09e-05	4.94e-07	0.00e+00	0.00e+00	0.00e+00	0.00e+00
 2.33373e+23	9.80e-01	1.98e-02	1.08e-05	4.86e-07	0.00e+00	0.00e+00	0.00e+00	0.00e+00
 2.33575e+23	9.80e-01	1.95e-02	1.07e-05	4.80e-07	0.00e+00	0.00e+00	0.00e+00	0.00e+00
 2.33758e+23	9.81e-01	1.93e-02	1.07e-05	4.76e-07	0.00e+00	0.00e+00	0.00e+00	0.00e+00
 2.33925e+23	9.81e-01	1.91e-02	1.06e-05	4.71e-07	0.00e+00	0.00e+00	0.00e+00	0.00e+00
 2.34109e+23	9.81e-01	1.88e-02	1.05e-05	4.64e-07	0.00e+00	0.00e+00	0.00e+00	0.00e+00
 2.34306e+23	9.81e-01	1.85e-02	1.04e-05	4.59e-07	0.00e+00	0.00e+00	0.00e+00	0.00e+00
 2.34486e+23	9.82e-01	1.83e-02	1.04e-05	4.54e-07	0.00e+00	0.00e+00	0.00e+00	0.00e+00
 2.34683e+23	9.82e-01	1.79e-02	1.03e-05	4.46e-07	0.00e+00	0.00e+00	0.00e+00	0.00e+00
 2.34896e+23	9.82e-01	1.77e-02	1.02e-05	4.41e-07	0.00e+00	0.00e+00	0.00e+00	0.00e+00
 2.35089e+23	9.83e-01	1.74e-02	1.01e-05	4.35e-07	0.00e+00	0.00e+00	0.00e+00	0.00e+00
 2.35302e+23	9.83e-01	1.71e-02	1.00e-05	4.26e-07	0.00e+00	0.00e+00	0.00e+00	0.00e+00
 2.35531e+23	9.83e-01	1.68e-02	9.92e-06	4.21e-07	0.00e+00	0.00e+00	0.00e+00	0.00e+00
 2.35739e+23	9.83e-01	1.66e-02	9.83e-06	4.15e-07	0.00e+00	0.00e+00	0.00e+00	0.00e+00
 2.35967e+23	9.84e-01	1.62e-02	9.73e-06	4.05e-07	0.00e+00	0.00e+00	0.00e+00	0.00e+00
 2.36214e+23	9.84e-01	1.59e-02	9.63e-06	3.98e-07	0.00e+00	0.00e+00	0.00e+00	0.00e+00
 2.36438e+23	9.84e-01	1.57e-02	9.54e-06	3.93e-07	0.00e+00	0.00e+00	0.00e+00	0.00e+00
 2.36643e+23	9.84e-01	1.55e-02	9.46e-06	3.87e-07	0.00e+00	0.00e+00	0.00e+00	0.00e+00
 2.36866e+23	9.85e-01	1.52e-02	9.36e-06	3.78e-07	0.00e+00	0.00e+00	0.00e+00	0.00e+00
 2.37108e+23	9.85e-01	1.49e-02	9.27e-06	3.72e-07	0.00e+00	0.00e+00	0.00e+00	0.00e+00
 2.37328e+23	9.85e-01	1.47e-02	9.18e-06	3.66e-07	0.00e+00	0.00e+00	0.00e+00	0.00e+00
 2.37569e+23	9.86e-01	1.44e-02	9.08e-06	3.57e-07	0.00e+00	0.00e+00	0.00e+00	0.00e+00
 2.37829e+23	9.86e-01	1.41e-02	8.98e-06	3.50e-07	0.00e+00	0.00e+00	0.00e+00	0.00e+00
 2.38065e+23	9.86e-01	1.39e-02	8.89e-06	3.45e-07	0.00e+00	0.00e+00	0.00e+00	0.00e+00
 2.38281e+23	9.86e-01	1.37e-02	8.81e-06	3.39e-07	0.00e+00	0.00e+00	0.00e+00	0.00e+00
 2.38517e+23	9.87e-01	1.34e-02	8.71e-06	3.31e-07	0.00e+00	0.00e+00	0.00e+00	0.00e+00
 2.38771e+23	9.87e-01	1.32e-02	8.62e-06	3.25e-07	0.00e+00	0.00e+00	0.00e+00	0.00e+00
 2.39050e+23	9.87e-01	1.29e-02	8.50e-06	3.15e-07	0.00e+00	0.00e+00	0.00e+00	0.00e+00
 2.39395e+23	9.88e-01	1.25e-02	8.36e-06	3.04e-07	0.00e+00	0.00e+00	0.00e+00	0.00e+00
 2.39765e+23	9.88e-01	1.21e-02	8.23e-06	2.95e-07	0.00e+00	0.00e+00	0.00e+00	0.00e+00
 2.40134e+23	9.88e-01	1.18e-02	8.10e-06	2.86e-07	0.00e+00	0.00e+00	0.00e+00	0.00e+00
 2.40505e+23	9.88e-01	1.15e-02	7.96e-06	2.77e-07	0.00e+00	0.00e+00	0.00e+00	0.00e+00
 2.40882e+23	9.89e-01	1.12e-02	7.83e-06	2.68e-07	0.00e+00	0.00e+00	0.00e+00	0.00e+00
 2.41263e+23	9.89e-01	1.09e-02	7.70e-06	2.60e-07	0.00e+00	0.00e+00	0.00e+00	0.00e+00
 2.41647e+23	9.89e-01	1.06e-02	7.57e-06	2.51e-07	0.00e+00	0.00e+00	0.00e+00	0.00e+00
 2.42036e+23	9.90e-01	1.03e-02	7.44e-06	2.43e-07	0.00e+00	0.00e+00	0.00e+00	0.00e+00
 2.42429e+23	9.90e-01	1.00e-02	7.31e-06	2.35e-07	0.00e+00	0.00e+00	0.00e+00	0.00e+00
 2.42827e+23	9.90e-01	9.75e-03	7.18e-06	2.27e-07	0.00e+00	0.00e+00	0.00e+00	0.00e+00
 2.43228e+23	9.91e-01	9.48e-03	7.05e-06	2.19e-07	0.00e+00	0.00e+00	0.00e+00	0.00e+00
 2.43632e+23	9.91e-01	9.22e-03	6.92e-06	2.12e-07	0.00e+00	0.00e+00	0.00e+00	0.00e+00
 2.44040e+23	9.91e-01	8.96e-03	6.80e-06	2.04e-07	0.00e+00	0.00e+00	0.00e+00	0.00e+00
 2.44452e+23	9.91e-01	8.72e-03	6.67e-06	1.97e-07	0.00e+00	0.00e+00	0.00e+00	0.00e+00
 2.44866e+23	9.92e-01	8.47e-03	6.55e-06	1.90e-07	0.00e+00	0.00e+00	0.00e+00	0.00e+00
 2.45284e+23	9.92e-01	8.24e-03	6.42e-06	1.84e-07	0.00e+00	0.00e+00	0.00e+00	0.00e+00
 2.45704e+23	9.92e-01	8.01e-03	6.30e-06	1.77e-07	0.00e+00	0.00e+00	0.00e+00	0.00e+00
 2.46127e+23	9.92e-01	7.78e-03	6.18e-06	1.71e-07	0.00e+00	0.00e+00	0.00e+00	0.00e+00
 2.46554e+23	9.92e-01	7.56e-03	6.06e-06	1.64e-07	0.00e+00	0.00e+00	0.00e+00	0.00e+00
 2.46984e+23	9.93e-01	7.35e-03	5.94e-06	1.58e-07	0.00e+00	0.00e+00	0.00e+00	0.00e+00
 2.47417e+23	9.93e-01	7.14e-03	5.82e-06	1.52e-07	0.00e+00	0.00e+00	0.00e+00	0.00e+00
 2.47854e+23	9.93e-01	6.94e-03	5.71e-06	1.47e-07	0.00e+00	0.00e+00	0.00e+00	0.00e+00
 2.48293e+23	9.93e-01	6.74e-03	5.59e-06	1.41e-07	0.00e+00	0.00e+00	0.00e+00	0.00e+00
 2.48740e+23	9.93e-01	6.54e-03	5.47e-06	1.36e-07	0.00e+00	0.00e+00	0.00e+00	0.00e+00
 2.49197e+23	9.94e-01	6.35e-03	5.36e-06	1.30e-07	0.00e+00	0.00e+00	0.00e+00	0.00e+00
 2.49660e+23	9.94e-01	6.16e-03	5.24e-06	0.00e+00	0.00e+00	0.00e+00	0.00e+00	0.00e+00
 2.50128e+23	9.94e-01	5.98e-03	5.12e-06	0.00e+00	0.00e+00	0.00e+00	0.00e+00	0.00e+00
 2.50601e+23	9.94e-01	5.80e-03	5.01e-06	0.00e+00	0.00e+00	0.00e+00	0.00e+00	0.00e+00
 2.51079e+23	9.94e-01	5.63e-03	4.90e-06	0.00e+00	0.00e+00	0.00e+00	0.00e+00	0.00e+00
 2.51562e+23	9.95e-01	5.46e-03	4.78e-06	0.00e+00	0.00e+00	0.00e+00	0.00e+00	0.00e+00
 2.52050e+23	9.95e-01	5.30e-03	4.67e-06	0.00e+00	0.00e+00	0.00e+00	0.00e+00	0.00e+00
 2.52547e+23	9.95e-01	5.13e-03	4.56e-06	0.00e+00	0.00e+00	0.00e+00	0.00e+00	0.00e+00
 2.53051e+23	9.95e-01	4.97e-03	4.45e-06	0.00e+00	0.00e+00	0.00e+00	0.00e+00	0.00e+00
 2.53568e+23	9.95e-01	4.81e-03	4.33e-06	0.00e+00	0.00e+00	0.00e+00	0.00e+00	0.00e+00
 2.54098e+23	9.95e-01	4.66e-03	4.22e-06	0.00e+00	0.00e+00	0.00e+00	0.00e+00	0.00e+00
 2.54637e+23	9.95e-01	4.50e-03	4.11e-06	0.00e+00	0.00e+00	0.00e+00	0.00e+00	0.00e+00
 2.55185e+23	9.96e-01	4.35e-03	3.99e-06	0.00e+00	0.00e+00	0.00e+00	0.00e+00	0.00e+00
 2.55743e+23	9.96e-01	4.21e-03	3.88e-06	0.00e+00	0.00e+00	0.00e+00	0.00e+00	0.00e+00
 2.56311e+23	9.96e-01	4.06e-03	3.77e-06	0.00e+00	0.00e+00	0.00e+00	0.00e+00	0.00e+00
 2.56890e+23	9.96e-01	3.92e-03	3.66e-06	0.00e+00	0.00e+00	0.00e+00	0.00e+00	0.00e+00
 2.57481e+23	9.96e-01	3.78e-03	3.55e-06	0.00e+00	0.00e+00	0.00e+00	0.00e+00	0.00e+00
 2.58086e+23	9.96e-01	3.65e-03	3.43e-06	0.00e+00	0.00e+00	0.00e+00	0.00e+00	0.00e+00
