#depth	S	S+	S+2	S+3	S+4	S+5	S+6	S+7	S+8	S+9	S+10	S+11	S+12	S+13	S+14	S+15	S+16
 1.54284e+22	0.00e+00	1.30e-21	6.46e-18	2.98e-15	6.43e-13	8.69e-11	1.24e-07	1.28e-05	4.09e-04	4.05e-03	2.56e-02	6.97e-02	9.55e-02	1.33e-01	4.53e-01	1.93e-01	2.63e-02
 3.42039e+22	4.91e-32	2.27e-18	4.44e-15	6.88e-13	4.80e-11	2.28e-09	3.60e-06	3.48e-04	7.97e-03	4.36e-02	1.59e-01	2.48e-01	1.73e-01	1.15e-01	2.08e-01	4.15e-02	2.69e-03
 3.86515e+22	4.16e-31	1.43e-17	2.25e-14	2.70e-12	1.45e-10	5.40e-09	7.39e-06	6.86e-04	1.42e-02	6.65e-02	2.08e-01	2.82e-01	1.67e-01	9.34e-02	1.44e-01	2.33e-02	1.23e-03
 4.03023e+22	5.46e-31	3.34e-17	4.76e-14	5.08e-12	2.42e-10	8.10e-09	1.02e-05	9.23e-04	1.82e-02	7.92e-02	2.30e-01	2.92e-01	1.60e-01	8.28e-02	1.18e-01	1.74e-02	8.36e-04
 4.09901e+22	6.91e-31	4.10e-17	5.71e-14	5.94e-12	2.74e-10	8.96e-09	1.11e-05	9.92e-04	1.93e-02	8.25e-02	2.35e-01	2.94e-01	1.58e-01	8.02e-02	1.13e-01	1.62e-02	7.59e-04
 4.13065e+22	9.35e-31	5.34e-17	7.20e-14	7.23e-12	3.22e-10	1.02e-08	1.22e-05	1.09e-03	2.08e-02	8.69e-02	2.42e-01	2.96e-01	1.56e-01	7.70e-02	1.06e-01	1.47e-02	6.69e-04
 4.16448e+22	1.22e-30	6.72e-17	8.84e-14	8.60e-12	3.71e-10	1.14e-08	1.33e-05	1.18e-03	2.22e-02	9.08e-02	2.48e-01	2.97e-01	1.53e-01	7.41e-02	9.96e-02	1.35e-02	5.99e-04
 4.20115e+22	1.68e-30	8.88e-17	1.13e-13	1.06e-11	4.41e-10	1.31e-08	1.49e-05	1.29e-03	2.40e-02	9.57e-02	2.54e-01	2.98e-01	1.50e-01	7.07e-02	9.27e-02	1.22e-02	5.22e-04
 4.23922e+22	2.25e-30	1.14e-16	1.42e-13	1.29e-11	5.16e-10	1.48e-08	1.64e-05	1.41e-03	2.57e-02	1.00e-01	2.60e-01	2.99e-01	1.47e-01	6.77e-02	8.68e-02	1.10e-02	4.60e-04
 4.27290e+22	2.87e-30	1.42e-16	1.72e-13	1.52e-11	5.93e-10	1.66e-08	1.79e-05	1.52e-03	2.73e-02	1.04e-01	2.65e-01	3.00e-01	1.44e-01	6.51e-02	8.19e-02	1.02e-02	4.13e-04
 4.31047e+22	4.04e-30	1.91e-16	2.24e-13	1.90e-11	7.11e-10	1.91e-08	2.00e-05	1.68e-03	2.96e-02	1.10e-01	2.72e-01	3.00e-01	1.40e-01	6.16e-02	7.55e-02	9.05e-03	3.55e-04
 4.34899e+22	5.20e-30	2.38e-16	2.72e-13	2.25e-11	8.20e-10	2.15e-08	2.18e-05	1.81e-03	3.14e-02	1.14e-01	2.77e-01	3.00e-01	1.37e-01	5.91e-02	7.10e-02	8.29e-03	3.17e-04
 4.38874e+22	7.29e-30	3.21e-16	3.54e-13	2.82e-11	9.87e-10	2.49e-08	2.45e-05	2.00e-03	3.40e-02	1.20e-01	2.83e-01	2.99e-01	1.33e-01	5.57e-02	6.53e-02	7.35e-03	2.71e-04
 4.42989e+22	9.53e-30	4.06e-16	4.37e-13	3.38e-11	1.15e-09	2.82e-08	2.69e-05	2.17e-03	3.62e-02	1.25e-01	2.88e-01	2.98e-01	1.30e-01	5.31e-02	6.10e-02	6.68e-03	2.40e-04
 4.47285e+22	1.36e-29	5.55e-16	5.77e-13	4.30e-11	1.40e-09	3.30e-08	3.04e-05	2.41e-03	3.93e-02	1.32e-01	2.94e-01	2.96e-01	1.25e-01	4.98e-02	5.57e-02	5.87e-03	2.03e-04
 4.51688e+22	1.80e-29	7.06e-16	7.17e-13	5.18e-11	1.64e-09	3.75e-08	3.36e-05	2.62e-03	4.19e-02	1.37e-01	2.98e-01	2.94e-01	1.21e-01	4.73e-02	5.18e-02	5.30e-03	1.78e-04
 4.56229e+22	2.59e-29	9.72e-16	9.53e-13	6.62e-11	2.01e-09	4.42e-08	3.80e-05	2.91e-03	4.54e-02	1.44e-01	3.04e-01	2.91e-01	1.17e-01	4.41e-02	4.69e-02	4.62e-03	1.49e-04
 4.60942e+22	3.48e-29	1.26e-15	1.20e-12	8.08e-11	2.37e-09	5.06e-08	4.23e-05	3.17e-03	4.85e-02	1.50e-01	3.08e-01	2.89e-01	1.13e-01	4.17e-02	4.33e-02	4.14e-03	1.30e-04
 4.65879e+22	5.13e-29	1.76e-15	1.62e-12	1.05e-10	2.94e-09	6.03e-08	4.83e-05	3.55e-03	5.27e-02	1.58e-01	3.13e-01	2.85e-01	1.08e-01	3.85e-02	3.89e-02	3.56e-03	1.07e-04
 4.70897e+22	6.91e-29	2.29e-15	2.05e-12	1.29e-10	3.49e-09	6.93e-08	5.38e-05	3.87e-03	5.63e-02	1.64e-01	3.16e-01	2.81e-01	1.03e-01	3.62e-02	3.58e-02	3.17e-03	9.23e-05
 4.76019e+22	1.03e-28	3.24e-15	2.80e-12	1.68e-10	4.36e-09	8.29e-08	6.16e-05	4.33e-03	6.12e-02	1.72e-01	3.20e-01	2.76e-01	9.82e-02	3.33e-02	3.19e-02	2.71e-03	7.55e-05
 4.81196e+22	1.39e-28	4.20e-15	3.53e-12	2.06e-10	5.17e-09	9.53e-08	6.86e-05	4.72e-03	6.52e-02	1.78e-01	3.23e-01	2.72e-01	9.42e-02	3.12e-02	2.92e-02	2.40e-03	6.49e-05
 4.86444e+22	2.06e-28	5.93e-15	4.81e-12	2.69e-10	6.46e-09	1.14e-07	7.87e-05	5.28e-03	7.07e-02	1.86e-01	3.26e-01	2.66e-01	8.91e-02	2.86e-02	2.60e-02	2.05e-03	5.29e-05
 4.91800e+22	2.83e-28	7.83e-15	6.17e-12	3.33e-10	7.73e-09	1.32e-07	8.79e-05	5.77e-03	7.54e-02	1.93e-01	3.28e-01	2.61e-01	8.50e-02	2.66e-02	2.36e-02	1.79e-03	4.48e-05
 4.97296e+22	4.21e-28	1.11e-14	8.45e-12	4.37e-10	9.70e-09	1.59e-07	1.01e-04	6.45e-03	8.17e-02	2.02e-01	3.30e-01	2.54e-01	7.99e-02	2.43e-02	2.08e-02	1.52e-03	3.63e-05
 5.02905e+22	5.87e-28	1.49e-14	1.10e-11	5.49e-10	1.17e-08	1.85e-07	1.13e-04	7.07e-03	8.72e-02	2.09e-01	3.31e-01	2.48e-01	7.57e-02	2.24e-02	1.88e-02	1.31e-03	3.03e-05
 5.07898e+22	8.11e-28	1.99e-14	1.42e-11	6.84e-10	1.41e-08	2.15e-07	1.27e-04	7.73e-03	9.29e-02	2.15e-01	3.31e-01	2.42e-01	7.18e-02	2.07e-02	1.69e-02	1.14e-03	2.54e-05
 5.13625e+22	1.24e-27	2.89e-14	1.98e-11	9.12e-10	1.79e-08	2.61e-07	1.47e-04	8.66e-03	1.01e-01	2.24e-01	3.31e-01	2.34e-01	6.69e-02	1.87e-02	1.47e-02	9.48e-04	2.01e-05
 5.19062e+22	1.63e-27	3.70e-14	2.47e-11	1.10e-09	2.10e-08	2.97e-07	1.62e-04	9.35e-03	1.06e-01	2.30e-01	3.31e-01	2.29e-01	6.37e-02	1.74e-02	1.34e-02	8.38e-04	1.72e-05
 5.24121e+22	2.37e-27	5.20e-14	3.34e-11	1.43e-09	2.60e-08	3.53e-07	1.84e-04	1.03e-02	1.14e-01	2.37e-01	3.29e-01	2.21e-01	5.95e-02	1.58e-02	1.18e-02	7.05e-04	1.38e-05
 5.29186e+22	3.13e-27	6.67e-14	4.18e-11	1.73e-09	3.05e-08	4.02e-07	2.03e-04	1.11e-02	1.20e-01	2.43e-01	3.28e-01	2.15e-01	5.65e-02	1.47e-02	1.07e-02	6.20e-04	1.18e-05
 5.34260e+22	4.50e-27	9.29e-14	5.61e-11	2.23e-09	3.76e-08	4.77e-07	2.30e-04	1.23e-02	1.28e-01	2.50e-01	3.26e-01	2.08e-01	5.27e-02	1.33e-02	9.45e-03	5.22e-04	9.49e-06
 5.39455e+22	6.05e-27	1.22e-13	7.15e-11	2.75e-09	4.47e-08	5.49e-07	2.55e-04	1.33e-02	1.35e-01	2.56e-01	3.24e-01	2.01e-01	4.97e-02	1.23e-02	8.49e-03	4.52e-04	7.93e-06
 5.44807e+22	8.90e-27	1.75e-13	9.83e-11	3.61e-09	5.60e-08	6.60e-07	2.92e-04	1.47e-02	1.44e-01	2.63e-01	3.20e-01	1.93e-01	4.60e-02	1.10e-02	7.37e-03	3.74e-04	6.25e-06
 5.50187e+22	1.19e-26	2.29e-13	1.25e-10	4.44e-09	6.66e-08	7.61e-07	3.24e-04	1.60e-02	1.52e-01	2.68e-01	3.17e-01	1.87e-01	4.32e-02	1.01e-02	6.60e-03	3.23e-04	5.21e-06
 5.55605e+22	1.74e-26	3.29e-13	1.72e-10	5.85e-09	8.38e-08	9.18e-07	3.72e-04	1.77e-02	1.62e-01	2.75e-01	3.12e-01	1.78e-01	3.98e-02	9.05e-03	5.70e-03	2.65e-04	4.08e-06
 5.61129e+22	2.36e-26	4.39e-13	2.23e-10	7.30e-09	1.01e-07	1.07e-06	4.16e-04	1.92e-02	1.70e-01	2.80e-01	3.08e-01	1.72e-01	3.71e-02	8.25e-03	5.05e-03	2.26e-04	3.34e-06
 5.66791e+22	3.48e-26	6.41e-13	3.12e-10	9.76e-09	1.28e-07	1.30e-06	4.81e-04	2.14e-02	1.82e-01	2.86e-01	3.02e-01	1.63e-01	3.39e-02	7.30e-03	4.30e-03	1.83e-04	2.56e-06
 5.72563e+22	4.75e-26	8.68e-13	4.09e-10	1.23e-08	1.56e-07	1.53e-06	5.42e-04	2.34e-02	1.92e-01	2.90e-01	2.96e-01	1.56e-01	3.14e-02	6.60e-03	3.78e-03	1.54e-04	2.07e-06
 5.78478e+22	7.05e-26	1.29e-12	5.82e-10	1.67e-08	2.02e-07	1.90e-06	6.33e-04	2.62e-02	2.05e-01	2.96e-01	2.88e-01	1.47e-01	2.83e-02	5.78e-03	3.18e-03	1.22e-04	1.56e-06
 5.84454e+22	9.59e-26	1.76e-12	7.67e-10	2.12e-08	2.47e-07	2.25e-06	7.17e-04	2.87e-02	2.16e-01	2.99e-01	2.82e-01	1.40e-01	2.61e-02	5.19e-03	2.76e-03	1.02e-04	1.24e-06
 5.89503e+22	1.26e-25	2.33e-12	9.89e-10	2.65e-08	2.98e-07	2.63e-06	8.05e-04	3.12e-02	2.26e-01	3.02e-01	2.75e-01	1.33e-01	2.41e-02	4.69e-03	2.43e-03	8.57e-05	1.00e-06
 5.95000e+22	1.78e-25	3.35e-12	1.37e-09	3.51e-08	3.80e-07	3.23e-06	9.34e-04	3.47e-02	2.40e-01	3.05e-01	2.67e-01	1.25e-01	2.17e-02	4.12e-03	2.05e-03	6.86e-05	7.61e-07
 6.00518e+22	2.33e-25	4.44e-12	1.76e-09	4.39e-08	4.60e-07	3.80e-06	1.05e-03	3.78e-02	2.51e-01	3.07e-01	2.59e-01	1.19e-01	2.00e-02	3.71e-03	1.79e-03	5.74e-05	6.11e-07
 6.05910e+22	3.18e-25	6.24e-12	2.39e-09	5.76e-08	5.81e-07	4.63e-06	1.22e-03	4.19e-02	2.64e-01	3.09e-01	2.50e-01	1.11e-01	1.80e-02	3.25e-03	1.51e-03	4.60e-05	4.65e-07
 6.11411e+22	4.13e-25	8.33e-12	3.10e-09	7.26e-08	7.10e-07	5.51e-06	1.38e-03	4.58e-02	2.76e-01	3.09e-01	2.42e-01	1.05e-01	1.64e-02	2.90e-03	1.30e-03	3.80e-05	3.67e-07
 6.16805e+22	5.42e-25	1.15e-11	4.15e-09	9.42e-08	8.90e-07	6.70e-06	1.59e-03	5.06e-02	2.90e-01	3.09e-01	2.32e-01	9.75e-02	1.47e-02	2.54e-03	1.10e-03	3.05e-05	2.80e-07
 6.22312e+22	6.94e-25	1.54e-11	5.41e-09	1.20e-07	1.10e-06	8.04e-06	1.82e-03	5.56e-02	3.03e-01	3.09e-01	2.23e-01	9.11e-02	1.33e-02	2.24e-03	9.36e-04	2.48e-05	2.17e-07
 6.27739e+22	8.89e-25	2.07e-11	7.11e-09	1.53e-07	1.37e-06	9.73e-06	2.10e-03	6.13e-02	3.16e-01	3.07e-01	2.14e-01	8.46e-02	1.19e-02	1.96e-03	7.89e-04	1.99e-05	1.66e-07
 6.33209e+22	1.12e-24	2.75e-11	9.23e-09	1.95e-07	1.69e-06	1.17e-05	2.40e-03	6.73e-02	3.30e-01	3.05e-01	2.04e-01	7.85e-02	1.06e-02	1.71e-03	6.66e-04	1.60e-05	1.27e-07
 6.38613e+22	1.40e-24	3.64e-11	1.19e-08	2.47e-07	2.08e-06	1.41e-05	2.75e-03	7.39e-02	3.43e-01	3.03e-01	1.94e-01	7.26e-02	9.48e-03	1.49e-03	5.61e-04	1.28e-05	0.00e+00
 6.44007e+22	1.72e-24	4.75e-11	1.53e-08	3.11e-07	2.56e-06	1.70e-05	3.15e-03	8.09e-02	3.55e-01	2.99e-01	1.84e-01	6.70e-02	8.44e-03	1.30e-03	4.71e-04	1.03e-05	0.00e+00
 6.49407e+22	2.10e-24	6.18e-11	1.96e-08	3.92e-07	3.15e-06	2.04e-05	3.60e-03	8.86e-02	3.68e-01	2.95e-01	1.75e-01	6.16e-02	7.48e-03	1.12e-03	3.94e-04	8.19e-06	0.00e+00
 6.54825e+22	2.55e-24	7.96e-11	2.49e-08	4.91e-07	3.86e-06	2.45e-05	4.12e-03	9.69e-02	3.80e-01	2.90e-01	1.65e-01	5.64e-02	6.62e-03	9.72e-04	3.29e-04	6.51e-06	0.00e+00
 6.60268e+22	3.06e-24	1.02e-10	3.15e-08	6.14e-07	4.72e-06	2.95e-05	4.70e-03	1.06e-01	3.91e-01	2.84e-01	1.55e-01	5.15e-02	5.83e-03	8.37e-04	2.74e-04	5.16e-06	0.00e+00
 6.65758e+22	3.66e-24	1.29e-10	3.96e-08	7.65e-07	5.77e-06	3.53e-05	5.36e-03	1.15e-01	4.02e-01	2.78e-01	1.46e-01	4.69e-02	5.12e-03	7.19e-04	2.27e-04	4.08e-06	0.00e+00
 6.71305e+22	4.37e-24	1.64e-10	4.96e-08	9.50e-07	7.03e-06	4.23e-05	6.10e-03	1.25e-01	4.13e-01	2.72e-01	1.36e-01	4.25e-02	4.48e-03	6.14e-04	1.87e-04	3.21e-06	0.00e+00
 6.76883e+22	5.17e-24	2.05e-10	6.17e-08	1.17e-06	8.54e-06	5.06e-05	6.93e-03	1.36e-01	4.22e-01	2.64e-01	1.27e-01	3.84e-02	3.91e-03	5.24e-04	1.54e-04	2.52e-06	0.00e+00
 6.82549e+22	6.13e-24	2.55e-10	7.68e-08	1.46e-06	1.04e-05	6.06e-05	7.89e-03	1.48e-01	4.31e-01	2.57e-01	1.18e-01	3.46e-02	3.40e-03	4.43e-04	1.26e-04	1.96e-06	0.00e+00
 6.88275e+22	7.24e-24	3.15e-10	9.47e-08	1.79e-06	1.25e-05	7.22e-05	8.93e-03	1.59e-01	4.39e-01	2.48e-01	1.10e-01	3.10e-02	2.95e-03	3.76e-04	1.03e-04	1.53e-06	0.00e+00
 6.94113e+22	9.19e-24	3.90e-10	1.17e-07	2.21e-06	1.52e-05	8.65e-05	1.01e-02	1.72e-01	4.46e-01	2.40e-01	1.01e-01	2.77e-02	2.53e-03	3.15e-04	8.38e-05	1.18e-06	0.00e+00
 7.00053e+22	1.09e-23	4.76e-10	1.43e-07	2.70e-06	1.84e-05	1.03e-04	1.15e-02	1.86e-01	4.52e-01	2.31e-01	9.30e-02	2.47e-02	2.18e-03	2.64e-04	6.80e-05	9.08e-07	0.00e+00
 7.05496e+22	1.26e-23	5.61e-10	1.69e-07	3.19e-06	2.14e-05	1.19e-04	1.27e-02	1.97e-01	4.56e-01	2.23e-01	8.66e-02	2.23e-02	1.92e-03	2.27e-04	5.69e-05	7.30e-07	0.00e+00
 7.11181e+22	1.51e-23	6.84e-10	2.08e-07	3.93e-06	2.60e-05	1.43e-04	1.44e-02	2.12e-01	4.60e-01	2.13e-01	7.89e-02	1.96e-02	1.63e-03	1.87e-04	4.53e-05	5.50e-07	0.00e+00
 7.16957e+22	1.76e-23	8.01e-10	2.45e-07	4.63e-06	3.02e-05	1.64e-04	1.58e-02	2.24e-01	4.62e-01	2.05e-01	7.32e-02	1.77e-02	1.42e-03	1.60e-04	3.77e-05	4.39e-07	0.00e+00
 7.22911e+22	2.13e-23	9.73e-10	3.01e-07	5.69e-06	3.66e-05	1.97e-04	1.79e-02	2.41e-01	4.64e-01	1.95e-01	6.61e-02	1.54e-02	1.19e-03	1.31e-04	2.97e-05	3.27e-07	0.00e+00
 7.28877e+22	2.49e-23	1.13e-09	3.51e-07	6.66e-06	4.23e-05	2.26e-04	1.97e-02	2.53e-01	4.64e-01	1.87e-01	6.11e-02	1.39e-02	1.04e-03	1.12e-04	2.47e-05	2.61e-07	0.00e+00
 7.34858e+22	3.02e-23	1.35e-09	4.26e-07	8.12e-06	5.09e-05	2.70e-04	2.22e-02	2.70e-01	4.63e-01	1.76e-01	5.50e-02	1.20e-02	8.72e-04	9.06e-05	1.93e-05	1.94e-07	0.00e+00
 7.40863e+22	3.54e-23	1.55e-09	4.94e-07	9.43e-06	5.84e-05	3.08e-04	2.42e-02	2.83e-01	4.61e-01	1.69e-01	5.07e-02	1.08e-02	7.61e-04	7.72e-05	1.61e-05	1.54e-07	0.00e+00
 7.46898e+22	4.31e-23	1.84e-09	5.95e-07	1.14e-05	6.97e-05	3.65e-04	2.71e-02	3.00e-01	4.58e-01	1.59e-01	4.55e-02	9.33e-03	6.36e-04	6.26e-05	1.26e-05	0.00e+00	0.00e+00
 7.52996e+22	5.07e-23	2.11e-09	6.88e-07	1.32e-05	7.98e-05	4.15e-04	2.95e-02	3.13e-01	4.55e-01	1.51e-01	4.18e-02	8.33e-03	5.52e-04	5.31e-05	1.04e-05	0.00e+00	0.00e+00
 7.59178e+22	6.18e-23	2.49e-09	8.26e-07	1.59e-05	9.48e-05	4.90e-04	3.29e-02	3.30e-01	4.50e-01	1.42e-01	3.73e-02	7.18e-03	4.59e-04	4.28e-05	8.13e-06	0.00e+00	0.00e+00
 7.65443e+22	7.29e-23	2.84e-09	9.53e-07	1.84e-05	1.08e-04	5.56e-04	3.58e-02	3.43e-01	4.45e-01	1.35e-01	3.41e-02	6.38e-03	3.97e-04	3.61e-05	6.69e-06	0.00e+00	0.00e+00
 7.71815e+22	8.95e-23	3.34e-09	1.14e-06	2.22e-05	1.28e-04	6.55e-04	3.97e-02	3.61e-01	4.37e-01	1.25e-01	3.03e-02	5.46e-03	3.28e-04	2.89e-05	5.18e-06	0.00e+00	0.00e+00
 7.78305e+22	1.06e-22	3.81e-09	1.32e-06	2.56e-05	1.46e-04	7.44e-04	4.31e-02	3.74e-01	4.31e-01	1.18e-01	2.75e-02	4.83e-03	2.81e-04	2.43e-05	4.23e-06	0.00e+00	0.00e+00
 7.84947e+22	1.31e-22	4.48e-09	1.58e-06	3.08e-05	1.73e-04	8.76e-04	4.78e-02	3.91e-01	4.21e-01	1.10e-01	2.43e-02	4.10e-03	2.31e-04	1.92e-05	3.25e-06	0.00e+00	0.00e+00
 7.91742e+22	1.57e-22	5.13e-09	1.83e-06	3.57e-05	1.98e-04	9.95e-04	5.18e-02	4.05e-01	4.13e-01	1.03e-01	2.19e-02	3.60e-03	1.97e-04	1.60e-05	2.63e-06	0.00e+00	0.00e+00
 7.98735e+22	1.95e-22	6.05e-09	2.20e-06	4.30e-05	2.34e-04	1.17e-03	5.74e-02	4.22e-01	4.02e-01	9.48e-02	1.92e-02	3.03e-03	1.59e-04	1.25e-05	1.99e-06	0.00e+00	0.00e+00
 8.05861e+22	2.36e-22	6.97e-09	2.56e-06	4.99e-05	2.67e-04	1.33e-03	6.20e-02	4.35e-01	3.93e-01	8.88e-02	1.73e-02	2.65e-03	1.35e-04	1.04e-05	1.60e-06	0.00e+00	0.00e+00
 8.11875e+22	2.77e-22	7.86e-09	2.92e-06	5.69e-05	3.00e-04	1.49e-03	6.65e-02	4.46e-01	3.84e-01	8.34e-02	1.57e-02	2.34e-03	1.16e-04	8.70e-06	1.31e-06	0.00e+00	0.00e+00
 8.18412e+22	3.40e-22	9.15e-09	3.45e-06	6.72e-05	3.48e-04	1.72e-03	7.26e-02	4.60e-01	3.72e-01	7.69e-02	1.38e-02	1.99e-03	9.55e-05	6.94e-06	1.02e-06	0.00e+00	0.00e+00
 8.24751e+22	3.96e-22	1.03e-08	3.90e-06	7.57e-05	3.87e-04	1.90e-03	7.71e-02	4.70e-01	3.64e-01	7.25e-02	1.26e-02	1.77e-03	8.31e-05	5.92e-06	8.47e-07	0.00e+00	0.00e+00
 8.30835e+22	4.75e-22	1.17e-08	4.53e-06	8.80e-05	4.42e-04	2.17e-03	8.34e-02	4.82e-01	3.52e-01	6.70e-02	1.12e-02	1.52e-03	6.91e-05	4.78e-06	6.65e-07	0.00e+00	0.00e+00
 8.36982e+22	5.60e-22	1.33e-08	5.14e-06	9.91e-05	4.90e-04	2.39e-03	8.82e-02	4.91e-01	3.43e-01	6.31e-02	1.02e-02	1.36e-03	6.01e-05	4.07e-06	5.54e-07	0.00e+00	0.00e+00
 8.43209e+22	6.78e-22	1.53e-08	6.00e-06	1.15e-04	5.59e-04	2.71e-03	9.52e-02	5.02e-01	3.31e-01	5.81e-02	9.00e-03	1.16e-03	4.98e-05	3.28e-06	4.34e-07	0.00e+00	0.00e+00
 8.49530e+22	8.03e-22	1.73e-08	6.82e-06	1.30e-04	6.19e-04	2.99e-03	1.01e-01	5.10e-01	3.22e-01	5.45e-02	8.18e-03	1.03e-03	4.30e-05	2.78e-06	3.59e-07	0.00e+00	0.00e+00
 8.55972e+22	9.79e-22	2.01e-08	7.99e-06	1.52e-04	7.06e-04	3.40e-03	1.08e-01	5.20e-01	3.09e-01	5.00e-02	7.19e-03	8.76e-04	3.55e-05	2.23e-06	2.79e-07	0.00e+00	0.00e+00
 8.62508e+22	1.17e-21	2.30e-08	9.13e-06	1.71e-04	7.83e-04	3.74e-03	1.14e-01	5.27e-01	3.00e-01	4.68e-02	6.52e-03	7.74e-04	3.05e-05	1.88e-06	2.30e-07	0.00e+00	0.00e+00
 8.69167e+22	1.44e-21	2.68e-08	1.07e-05	2.00e-04	8.93e-04	4.25e-03	1.23e-01	5.36e-01	2.87e-01	4.27e-02	5.69e-03	6.55e-04	2.50e-05	1.49e-06	1.77e-07	0.00e+00	0.00e+00
 8.75937e+22	1.74e-21	3.08e-08	1.23e-05	2.27e-04	9.91e-04	4.68e-03	1.30e-01	5.42e-01	2.77e-01	3.98e-02	5.14e-03	5.76e-04	2.14e-05	1.25e-06	1.45e-07	0.00e+00	0.00e+00
 8.82852e+22	2.16e-21	3.62e-08	1.46e-05	2.66e-04	1.13e-03	5.32e-03	1.39e-01	5.49e-01	2.64e-01	3.61e-02	4.46e-03	4.83e-04	1.74e-05	9.85e-07	0.00e+00	0.00e+00	0.00e+00
 8.89922e+22	2.64e-21	4.21e-08	1.68e-05	3.02e-04	1.26e-03	5.86e-03	1.47e-01	5.54e-01	2.54e-01	3.34e-02	4.00e-03	4.22e-04	1.47e-05	8.19e-07	0.00e+00	0.00e+00	0.00e+00
 8.97193e+22	3.33e-21	5.02e-08	2.01e-05	3.56e-04	1.44e-03	6.67e-03	1.58e-01	5.59e-01	2.41e-01	3.01e-02	3.45e-03	3.51e-04	1.18e-05	6.38e-07	0.00e+00	0.00e+00	0.00e+00
 9.04653e+22	4.11e-21	5.87e-08	2.34e-05	4.08e-04	1.60e-03	7.37e-03	1.66e-01	5.63e-01	2.30e-01	2.77e-02	3.07e-03	3.04e-04	9.94e-06	5.24e-07	0.00e+00	0.00e+00	0.00e+00
 9.12359e+22	5.33e-21	7.14e-08	2.83e-05	4.84e-04	1.84e-03	8.40e-03	1.78e-01	5.66e-01	2.17e-01	2.48e-02	2.62e-03	2.50e-04	7.90e-06	4.04e-07	0.00e+00	0.00e+00	0.00e+00
 9.20149e+22	6.66e-21	8.44e-08	3.31e-05	5.55e-04	2.05e-03	9.26e-03	1.87e-01	5.68e-01	2.07e-01	2.28e-02	2.32e-03	2.16e-04	6.61e-06	3.31e-07	0.00e+00	0.00e+00	0.00e+00
 9.28048e+22	8.70e-21	1.03e-07	4.02e-05	6.60e-04	2.35e-03	1.05e-02	2.00e-01	5.70e-01	1.94e-01	2.03e-02	1.98e-03	1.77e-04	5.22e-06	2.53e-07	0.00e+00	0.00e+00	0.00e+00
 9.36035e+22	1.10e-20	1.23e-07	4.72e-05	7.57e-04	2.62e-03	1.16e-02	2.10e-01	5.70e-01	1.85e-01	1.85e-02	1.75e-03	1.52e-04	4.35e-06	2.06e-07	0.00e+00	0.00e+00	0.00e+00
 9.44137e+22	1.46e-20	1.53e-07	5.77e-05	9.02e-04	3.01e-03	1.32e-02	2.24e-01	5.69e-01	1.72e-01	1.64e-02	1.48e-03	1.24e-04	3.41e-06	1.57e-07	0.00e+00	0.00e+00	0.00e+00
 9.52375e+22	1.87e-20	1.84e-07	6.81e-05	1.04e-03	3.35e-03	1.45e-02	2.35e-01	5.67e-01	1.63e-01	1.49e-02	1.30e-03	1.05e-04	2.82e-06	1.27e-07	0.00e+00	0.00e+00	0.00e+00
 9.59656e+22	2.35e-20	2.19e-07	7.99e-05	1.19e-03	3.72e-03	1.59e-02	2.46e-01	5.65e-01	1.54e-01	1.35e-02	1.14e-03	8.97e-05	2.33e-06	0.00e+00	0.00e+00	0.00e+00	0.00e+00
 9.67987e+22	3.21e-20	2.76e-07	9.85e-05	1.42e-03	4.26e-03	1.80e-02	2.60e-01	5.60e-01	1.43e-01	1.19e-02	9.58e-04	7.29e-05	1.82e-06	0.00e+00	0.00e+00	0.00e+00	0.00e+00
 9.76463e+22	4.10e-20	3.32e-07	1.16e-04	1.64e-03	4.74e-03	1.98e-02	2.72e-01	5.56e-01	1.34e-01	1.08e-02	8.32e-04	6.14e-05	1.49e-06	0.00e+00	0.00e+00	0.00e+00	0.00e+00
 9.83338e+22	5.13e-20	3.92e-07	1.35e-04	1.85e-03	5.19e-03	2.15e-02	2.82e-01	5.52e-01	1.27e-01	9.86e-03	7.40e-04	5.32e-05	1.25e-06	0.00e+00	0.00e+00	0.00e+00	0.00e+00
 9.90486e+22	6.71e-20	4.79e-07	1.60e-04	2.14e-03	5.78e-03	2.35e-02	2.94e-01	5.46e-01	1.19e-01	8.87e-03	6.43e-04	4.48e-05	1.03e-06	0.00e+00	0.00e+00	0.00e+00	0.00e+00
 9.97988e+22	8.49e-20	5.71e-07	1.87e-04	2.43e-03	6.35e-03	2.55e-02	3.05e-01	5.40e-01	1.12e-01	8.07e-03	5.66e-04	3.84e-05	8.55e-07	0.00e+00	0.00e+00	0.00e+00	0.00e+00
 1.00486e+23	1.07e-19	6.80e-07	2.17e-04	2.76e-03	6.96e-03	2.77e-02	3.15e-01	5.33e-01	1.06e-01	7.34e-03	4.99e-04	3.30e-05	7.14e-07	0.00e+00	0.00e+00	0.00e+00	0.00e+00
 1.01271e+23	1.45e-19	8.50e-07	2.63e-04	3.22e-03	7.81e-03	3.05e-02	3.29e-01	5.24e-01	9.81e-02	6.51e-03	4.26e-04	2.72e-05	5.70e-07	0.00e+00	0.00e+00	0.00e+00	0.00e+00
 1.02077e+23	1.87e-19	1.03e-06	3.10e-04	3.69e-03	8.61e-03	3.33e-02	3.41e-01	5.16e-01	9.15e-02	5.84e-03	3.69e-04	2.29e-05	4.65e-07	0.00e+00	0.00e+00	0.00e+00	0.00e+00
 1.02785e+23	2.39e-19	1.23e-06	3.62e-04	4.18e-03	9.42e-03	3.59e-02	3.51e-01	5.07e-01	8.58e-02	5.29e-03	3.25e-04	1.96e-05	3.87e-07	0.00e+00	0.00e+00	0.00e+00	0.00e+00
 1.03581e+23	3.25e-19	1.55e-06	4.39e-04	4.89e-03	1.05e-02	3.94e-02	3.64e-01	4.96e-01	7.92e-02	4.68e-03	2.76e-04	1.61e-05	3.08e-07	0.00e+00	0.00e+00	0.00e+00	0.00e+00
 1.04413e+23	4.28e-19	1.90e-06	5.21e-04	5.61e-03	1.16e-02	4.29e-02	3.76e-01	4.86e-01	7.33e-02	4.16e-03	2.37e-04	1.35e-05	2.49e-07	0.00e+00	0.00e+00	0.00e+00	0.00e+00
 1.05164e+23	5.57e-19	2.30e-06	6.11e-04	6.38e-03	1.27e-02	4.62e-02	3.87e-01	4.75e-01	6.83e-02	3.74e-03	2.07e-04	1.14e-05	2.05e-07	0.00e+00	0.00e+00	0.00e+00	0.00e+00
 1.06013e+23	7.79e-19	2.94e-06	7.49e-04	7.51e-03	1.43e-02	5.07e-02	4.00e-01	4.61e-01	6.23e-02	3.27e-03	1.73e-04	9.22e-06	1.60e-07	0.00e+00	0.00e+00	0.00e+00	0.00e+00
 1.06889e+23	1.04e-18	3.64e-06	8.94e-04	8.64e-03	1.57e-02	5.51e-02	4.11e-01	4.48e-01	5.72e-02	2.88e-03	1.48e-04	7.61e-06	1.28e-07	0.00e+00	0.00e+00	0.00e+00	0.00e+00
 1.07669e+23	1.38e-18	4.45e-06	1.06e-03	9.84e-03	1.72e-02	5.93e-02	4.21e-01	4.36e-01	5.28e-02	2.57e-03	1.27e-04	6.39e-06	0.00e+00	0.00e+00	0.00e+00	0.00e+00	0.00e+00
 1.08552e+23	1.96e-18	5.74e-06	1.30e-03	1.16e-02	1.93e-02	6.49e-02	4.32e-01	4.20e-01	4.78e-02	2.22e-03	1.06e-04	5.11e-06	0.00e+00	0.00e+00	0.00e+00	0.00e+00	0.00e+00
 1.09470e+23	2.68e-18	7.19e-06	1.56e-03	1.34e-02	2.13e-02	7.03e-02	4.42e-01	4.06e-01	4.34e-02	1.95e-03	8.92e-05	4.17e-06	0.00e+00	0.00e+00	0.00e+00	0.00e+00	0.00e+00
 1.10298e+23	3.28e-18	8.88e-06	1.85e-03	1.53e-02	2.33e-02	7.55e-02	4.51e-01	3.91e-01	3.97e-02	1.72e-03	7.60e-05	3.45e-06	0.00e+00	0.00e+00	0.00e+00	0.00e+00	0.00e+00
 1.11236e+23	4.79e-18	1.17e-05	2.31e-03	1.81e-02	2.61e-02	8.26e-02	4.61e-01	3.73e-01	3.53e-02	1.46e-03	6.18e-05	2.70e-06	0.00e+00	0.00e+00	0.00e+00	0.00e+00	0.00e+00
 1.12200e+23	6.61e-18	1.46e-05	2.77e-03	2.09e-02	2.86e-02	8.90e-02	4.69e-01	3.57e-01	3.19e-02	1.27e-03	5.17e-05	2.19e-06	0.00e+00	0.00e+00	0.00e+00	0.00e+00	0.00e+00
 1.13064e+23	9.05e-18	1.82e-05	3.31e-03	2.39e-02	3.13e-02	9.53e-02	4.75e-01	3.41e-01	2.88e-02	1.10e-03	4.35e-05	1.78e-06	0.00e+00	0.00e+00	0.00e+00	0.00e+00	0.00e+00
 1.14057e+23	1.36e-17	2.43e-05	4.15e-03	2.84e-02	3.50e-02	1.04e-01	4.81e-01	3.21e-01	2.51e-02	9.19e-04	3.46e-05	1.36e-06	0.00e+00	0.00e+00	0.00e+00	0.00e+00	0.00e+00
 1.15058e+23	1.88e-17	3.04e-05	4.96e-03	3.25e-02	3.82e-02	1.11e-01	4.85e-01	3.04e-01	2.24e-02	7.92e-04	2.86e-05	1.09e-06	0.00e+00	0.00e+00	0.00e+00	0.00e+00	0.00e+00
 1.16071e+23	2.84e-17	4.04e-05	6.21e-03	3.84e-02	4.25e-02	1.20e-01	4.88e-01	2.84e-01	1.95e-02	6.57e-04	2.27e-05	8.30e-07	0.00e+00	0.00e+00	0.00e+00	0.00e+00	0.00e+00
 1.17101e+23	3.99e-17	5.09e-05	7.45e-03	4.40e-02	4.63e-02	1.28e-01	4.89e-01	2.67e-01	1.72e-02	5.60e-04	1.86e-05	6.58e-07	0.00e+00	0.00e+00	0.00e+00	0.00e+00	0.00e+00
 1.18152e+23	6.15e-17	6.81e-05	9.34e-03	5.20e-02	5.13e-02	1.38e-01	4.88e-01	2.46e-01	1.47e-02	4.57e-04	1.44e-05	4.90e-07	0.00e+00	0.00e+00	0.00e+00	0.00e+00	0.00e+00
 1.19214e+23	8.68e-17	8.57e-05	1.12e-02	5.93e-02	5.56e-02	1.46e-01	4.85e-01	2.29e-01	1.28e-02	3.87e-04	1.17e-05	3.85e-07	0.00e+00	0.00e+00	0.00e+00	0.00e+00	0.00e+00
 1.20289e+23	1.35e-16	1.15e-04	1.40e-02	6.98e-02	6.12e-02	1.56e-01	4.79e-01	2.08e-01	1.08e-02	3.11e-04	8.93e-06	2.82e-07	0.00e+00	0.00e+00	0.00e+00	0.00e+00	0.00e+00
 1.21374e+23	1.91e-16	1.44e-04	1.66e-02	7.90e-02	6.59e-02	1.64e-01	4.73e-01	1.92e-01	9.36e-03	2.61e-04	7.19e-06	2.20e-07	0.00e+00	0.00e+00	0.00e+00	0.00e+00	0.00e+00
 1.22473e+23	3.01e-16	1.92e-04	2.07e-02	9.23e-02	7.19e-02	1.74e-01	4.61e-01	1.72e-01	7.74e-03	2.07e-04	5.40e-06	1.59e-07	0.00e+00	0.00e+00	0.00e+00	0.00e+00	0.00e+00
 1.23587e+23	4.30e-16	2.41e-04	2.45e-02	1.04e-01	7.68e-02	1.81e-01	4.50e-01	1.57e-01	6.62e-03	1.72e-04	4.28e-06	0.00e+00	0.00e+00	0.00e+00	0.00e+00	0.00e+00	0.00e+00
 1.24551e+23	6.04e-16	2.98e-04	2.88e-02	1.16e-01	8.15e-02	1.87e-01	4.38e-01	1.43e-01	5.68e-03	1.43e-04	3.42e-06	0.00e+00	0.00e+00	0.00e+00	0.00e+00	0.00e+00	0.00e+00
 1.25635e+23	9.44e-16	3.90e-04	3.51e-02	1.33e-01	8.74e-02	1.94e-01	4.19e-01	1.26e-01	4.61e-03	1.12e-04	2.53e-06	0.00e+00	0.00e+00	0.00e+00	0.00e+00	0.00e+00	0.00e+00
 1.26693e+23	1.30e-15	4.73e-04	4.04e-02	1.46e-01	9.16e-02	1.99e-01	4.05e-01	1.14e-01	3.96e-03	9.36e-05	2.03e-06	0.00e+00	0.00e+00	0.00e+00	0.00e+00	0.00e+00	0.00e+00
 1.27574e+23	1.78e-15	5.67e-04	4.62e-02	1.59e-01	9.55e-02	2.02e-01	3.89e-01	1.03e-01	3.40e-03	7.83e-05	1.63e-06	0.00e+00	0.00e+00	0.00e+00	0.00e+00	0.00e+00	0.00e+00
 1.28578e+23	2.68e-15	7.15e-04	5.46e-02	1.77e-01	1.00e-01	2.06e-01	3.68e-01	9.05e-02	2.77e-03	6.19e-05	1.23e-06	0.00e+00	0.00e+00	0.00e+00	0.00e+00	0.00e+00	0.00e+00
 1.29583e+23	3.71e-15	8.54e-04	6.20e-02	1.92e-01	1.04e-01	2.08e-01	3.50e-01	8.09e-02	2.34e-03	5.11e-05	9.71e-07	0.00e+00	0.00e+00	0.00e+00	0.00e+00	0.00e+00	0.00e+00
 1.30589e+23	5.61e-15	1.06e-03	7.23e-02	2.11e-01	1.07e-01	2.09e-01	3.27e-01	6.99e-02	1.89e-03	4.00e-05	7.21e-07	0.00e+00	0.00e+00	0.00e+00	0.00e+00	0.00e+00	0.00e+00
 1.31614e+23	7.95e-15	1.27e-03	8.17e-02	2.27e-01	1.10e-01	2.09e-01	3.08e-01	6.16e-02	1.57e-03	3.25e-05	5.60e-07	0.00e+00	0.00e+00	0.00e+00	0.00e+00	0.00e+00	0.00e+00
 1.32664e+23	1.23e-14	1.57e-03	9.48e-02	2.47e-01	1.13e-01	2.07e-01	2.83e-01	5.21e-02	1.24e-03	2.49e-05	4.06e-07	0.00e+00	0.00e+00	0.00e+00	0.00e+00	0.00e+00	0.00e+00
 1.33721e+23	1.79e-14	1.86e-03	1.06e-01	2.63e-01	1.15e-01	2.05e-01	2.63e-01	4.53e-02	1.02e-03	2.00e-05	3.11e-07	0.00e+00	0.00e+00	0.00e+00	0.00e+00	0.00e+00	0.00e+00
 1.34788e+23	2.84e-14	2.28e-03	1.22e-01	2.83e-01	1.16e-01	2.01e-01	2.38e-01	3.77e-02	7.87e-04	1.51e-05	2.21e-07	0.00e+00	0.00e+00	0.00e+00	0.00e+00	0.00e+00	0.00e+00
 1.35868e+23	4.31e-14	2.68e-03	1.35e-01	2.98e-01	1.17e-01	1.96e-01	2.18e-01	3.23e-02	6.35e-04	1.19e-05	1.67e-07	0.00e+00	0.00e+00	0.00e+00	0.00e+00	0.00e+00	0.00e+00
 1.36733e+23	6.01e-14	3.05e-03	1.47e-01	3.10e-01	1.17e-01	1.92e-01	2.03e-01	2.83e-02	5.31e-04	9.82e-06	1.32e-07	0.00e+00	0.00e+00	0.00e+00	0.00e+00	0.00e+00	0.00e+00
 1.37627e+23	9.18e-14	3.56e-03	1.62e-01	3.24e-01	1.16e-01	1.85e-01	1.84e-01	2.40e-02	4.25e-04	7.70e-06	0.00e+00	0.00e+00	0.00e+00	0.00e+00	0.00e+00	0.00e+00	0.00e+00
 1.38541e+23	1.38e-13	4.04e-03	1.75e-01	3.35e-01	1.16e-01	1.80e-01	1.69e-01	2.08e-02	3.51e-04	6.24e-06	0.00e+00	0.00e+00	0.00e+00	0.00e+00	0.00e+00	0.00e+00	0.00e+00
 1.39354e+23	2.00e-13	4.55e-03	1.88e-01	3.45e-01	1.15e-01	1.74e-01	1.55e-01	1.80e-02	2.90e-04	5.08e-06	0.00e+00	0.00e+00	0.00e+00	0.00e+00	0.00e+00	0.00e+00	0.00e+00
 1.40284e+23	3.56e-13	5.27e-03	2.06e-01	3.57e-01	1.13e-01	1.66e-01	1.38e-01	1.49e-02	2.27e-04	3.90e-06	0.00e+00	0.00e+00	0.00e+00	0.00e+00	0.00e+00	0.00e+00	0.00e+00
 1.41224e+23	6.28e-13	5.94e-03	2.21e-01	3.65e-01	1.11e-01	1.59e-01	1.26e-01	1.27e-02	1.85e-04	3.12e-06	0.00e+00	0.00e+00	0.00e+00	0.00e+00	0.00e+00	0.00e+00	0.00e+00
 1.42048e+23	1.04e-12	6.64e-03	2.35e-01	3.72e-01	1.09e-01	1.52e-01	1.14e-01	1.09e-02	1.51e-04	2.50e-06	0.00e+00	0.00e+00	0.00e+00	0.00e+00	0.00e+00	0.00e+00	0.00e+00
 1.42989e+23	2.35e-12	7.60e-03	2.54e-01	3.80e-01	1.06e-01	1.43e-01	1.00e-01	8.91e-03	1.17e-04	1.90e-06	0.00e+00	0.00e+00	0.00e+00	0.00e+00	0.00e+00	0.00e+00	0.00e+00
 1.43946e+23	5.83e-12	8.49e-03	2.70e-01	3.85e-01	1.03e-01	1.35e-01	9.00e-02	7.50e-03	9.36e-05	1.50e-06	0.00e+00	0.00e+00	0.00e+00	0.00e+00	0.00e+00	0.00e+00	0.00e+00
 1.44793e+23	1.27e-11	9.44e-03	2.86e-01	3.89e-01	1.01e-01	1.28e-01	8.07e-02	6.33e-03	7.54e-05	1.19e-06	0.00e+00	0.00e+00	0.00e+00	0.00e+00	0.00e+00	0.00e+00	0.00e+00
 1.45764e+23	3.57e-11	1.07e-02	3.06e-01	3.92e-01	9.69e-02	1.19e-01	7.01e-02	5.08e-03	5.73e-05	8.86e-07	0.00e+00	0.00e+00	0.00e+00	0.00e+00	0.00e+00	0.00e+00	0.00e+00
 1.46750e+23	6.68e-11	1.19e-02	3.23e-01	3.94e-01	9.36e-02	1.11e-01	6.21e-02	4.22e-03	4.54e-05	6.90e-07	0.00e+00	0.00e+00	0.00e+00	0.00e+00	0.00e+00	0.00e+00	0.00e+00
 1.47756e+23	9.82e-11	1.35e-02	3.43e-01	3.95e-01	8.94e-02	1.02e-01	5.33e-02	3.34e-03	3.40e-05	5.05e-07	0.00e+00	0.00e+00	0.00e+00	0.00e+00	0.00e+00	0.00e+00	0.00e+00
 1.48771e+23	1.27e-10	1.49e-02	3.61e-01	3.94e-01	8.58e-02	9.52e-02	4.68e-02	2.75e-03	2.66e-05	3.89e-07	0.00e+00	0.00e+00	0.00e+00	0.00e+00	0.00e+00	0.00e+00	0.00e+00
 1.49664e+23	1.70e-10	1.65e-02	3.77e-01	3.92e-01	8.23e-02	8.85e-02	4.12e-02	2.26e-03	2.10e-05	3.02e-07	0.00e+00	0.00e+00	0.00e+00	0.00e+00	0.00e+00	0.00e+00	0.00e+00
 1.50689e+23	2.00e-10	1.85e-02	3.99e-01	3.88e-01	7.79e-02	8.03e-02	3.49e-02	1.76e-03	1.55e-05	2.17e-07	0.00e+00	0.00e+00	0.00e+00	0.00e+00	0.00e+00	0.00e+00	0.00e+00
 1.51729e+23	2.78e-10	2.04e-02	4.16e-01	3.84e-01	7.42e-02	7.40e-02	3.04e-02	1.43e-03	1.20e-05	1.66e-07	0.00e+00	0.00e+00	0.00e+00	0.00e+00	0.00e+00	0.00e+00	0.00e+00
 1.52789e+23	3.41e-10	2.29e-02	4.37e-01	3.77e-01	6.98e-02	6.65e-02	2.55e-02	1.10e-03	8.79e-06	0.00e+00	0.00e+00	0.00e+00	0.00e+00	0.00e+00	0.00e+00	0.00e+00	0.00e+00
 1.53869e+23	5.53e-10	2.52e-02	4.54e-01	3.71e-01	6.60e-02	6.06e-02	2.20e-02	8.84e-04	6.72e-06	0.00e+00	0.00e+00	0.00e+00	0.00e+00	0.00e+00	0.00e+00	0.00e+00	0.00e+00
 1.54977e+23	8.68e-10	2.82e-02	4.76e-01	3.62e-01	6.16e-02	5.38e-02	1.82e-02	6.69e-04	4.82e-06	0.00e+00	0.00e+00	0.00e+00	0.00e+00	0.00e+00	0.00e+00	0.00e+00	0.00e+00
 1.56104e+23	1.22e-09	3.10e-02	4.93e-01	3.53e-01	5.79e-02	4.87e-02	1.55e-02	5.28e-04	3.65e-06	0.00e+00	0.00e+00	0.00e+00	0.00e+00	0.00e+00	0.00e+00	0.00e+00	0.00e+00
 1.57105e+23	1.91e-09	3.39e-02	5.09e-01	3.45e-01	5.45e-02	4.40e-02	1.32e-02	4.19e-04	2.77e-06	0.00e+00	0.00e+00	0.00e+00	0.00e+00	0.00e+00	0.00e+00	0.00e+00	0.00e+00
 1.57730e+23	2.19e-09	3.47e-02	5.14e-01	3.42e-01	5.36e-02	4.27e-02	1.27e-02	3.93e-04	2.56e-06	0.00e+00	0.00e+00	0.00e+00	0.00e+00	0.00e+00	0.00e+00	0.00e+00	0.00e+00
 1.57910e+23	2.24e-09	3.49e-02	5.15e-01	3.42e-01	5.33e-02	4.24e-02	1.25e-02	3.86e-04	2.51e-06	0.00e+00	0.00e+00	0.00e+00	0.00e+00	0.00e+00	0.00e+00	0.00e+00	0.00e+00
 1.58038e+23	2.36e-09	3.54e-02	5.17e-01	3.40e-01	5.28e-02	4.18e-02	1.22e-02	3.73e-04	2.42e-06	0.00e+00	0.00e+00	0.00e+00	0.00e+00	0.00e+00	0.00e+00	0.00e+00	0.00e+00
 1.58204e+23	2.53e-09	3.60e-02	5.20e-01	3.38e-01	5.22e-02	4.10e-02	1.19e-02	3.57e-04	2.30e-06	0.00e+00	0.00e+00	0.00e+00	0.00e+00	0.00e+00	0.00e+00	0.00e+00	0.00e+00
 1.58420e+23	2.77e-09	3.67e-02	5.24e-01	3.36e-01	5.15e-02	4.00e-02	1.15e-02	3.38e-04	2.15e-06	0.00e+00	0.00e+00	0.00e+00	0.00e+00	0.00e+00	0.00e+00	0.00e+00	0.00e+00
 1.58700e+23	3.15e-09	3.77e-02	5.29e-01	3.33e-01	5.05e-02	3.87e-02	1.09e-02	3.15e-04	1.98e-06	0.00e+00	0.00e+00	0.00e+00	0.00e+00	0.00e+00	0.00e+00	0.00e+00	0.00e+00
 1.59064e+23	3.68e-09	3.90e-02	5.35e-01	3.29e-01	4.92e-02	3.71e-02	1.02e-02	2.87e-04	1.78e-06	0.00e+00	0.00e+00	0.00e+00	0.00e+00	0.00e+00	0.00e+00	0.00e+00	0.00e+00
 1.59538e+23	4.49e-09	4.08e-02	5.43e-01	3.24e-01	4.75e-02	3.50e-02	9.38e-03	2.53e-04	1.53e-06	0.00e+00	0.00e+00	0.00e+00	0.00e+00	0.00e+00	0.00e+00	0.00e+00	0.00e+00
 1.60154e+23	5.89e-09	4.33e-02	5.54e-01	3.16e-01	4.54e-02	3.25e-02	8.37e-03	2.14e-04	1.26e-06	0.00e+00	0.00e+00	0.00e+00	0.00e+00	0.00e+00	0.00e+00	0.00e+00	0.00e+00
 1.60955e+23	8.33e-09	4.65e-02	5.67e-01	3.07e-01	4.28e-02	2.95e-02	7.25e-03	1.74e-04	9.93e-07	0.00e+00	0.00e+00	0.00e+00	0.00e+00	0.00e+00	0.00e+00	0.00e+00	0.00e+00
 1.61800e+23	1.13e-08	4.96e-02	5.78e-01	2.98e-01	4.06e-02	2.70e-02	6.36e-03	1.44e-04	7.97e-07	0.00e+00	0.00e+00	0.00e+00	0.00e+00	0.00e+00	0.00e+00	0.00e+00	0.00e+00
 1.62585e+23	1.56e-08	5.28e-02	5.89e-01	2.90e-01	3.85e-02	2.47e-02	5.60e-03	1.19e-04	6.42e-07	0.00e+00	0.00e+00	0.00e+00	0.00e+00	0.00e+00	0.00e+00	0.00e+00	0.00e+00
 1.63488e+23	2.18e-08	5.72e-02	6.02e-01	2.78e-01	3.59e-02	2.20e-02	4.74e-03	9.35e-05	4.87e-07	0.00e+00	0.00e+00	0.00e+00	0.00e+00	0.00e+00	0.00e+00	0.00e+00	0.00e+00
 1.64397e+23	2.90e-08	6.08e-02	6.11e-01	2.70e-01	3.39e-02	2.00e-02	4.15e-03	7.72e-05	3.91e-07	0.00e+00	0.00e+00	0.00e+00	0.00e+00	0.00e+00	0.00e+00	0.00e+00	0.00e+00
 1.65314e+23	4.56e-08	6.56e-02	6.23e-01	2.58e-01	3.15e-02	1.78e-02	3.51e-03	6.05e-05	2.97e-07	0.00e+00	0.00e+00	0.00e+00	0.00e+00	0.00e+00	0.00e+00	0.00e+00	0.00e+00
 1.66248e+23	7.26e-08	6.97e-02	6.33e-01	2.49e-01	2.97e-02	1.61e-02	3.05e-03	4.95e-05	2.36e-07	0.00e+00	0.00e+00	0.00e+00	0.00e+00	0.00e+00	0.00e+00	0.00e+00	0.00e+00
 1.67204e+23	1.26e-07	7.51e-02	6.43e-01	2.37e-01	2.75e-02	1.42e-02	2.57e-03	3.85e-05	1.79e-07	0.00e+00	0.00e+00	0.00e+00	0.00e+00	0.00e+00	0.00e+00	0.00e+00	0.00e+00
 1.68185e+23	2.09e-07	8.01e-02	6.52e-01	2.27e-01	2.57e-02	1.27e-02	2.21e-03	3.11e-05	1.40e-07	0.00e+00	0.00e+00	0.00e+00	0.00e+00	0.00e+00	0.00e+00	0.00e+00	0.00e+00
 1.69200e+23	4.03e-07	8.65e-02	6.62e-01	2.15e-01	2.37e-02	1.11e-02	1.83e-03	2.37e-05	0.00e+00	0.00e+00	0.00e+00	0.00e+00	0.00e+00	0.00e+00	0.00e+00	0.00e+00	0.00e+00
 1.70222e+23	6.64e-07	9.21e-02	6.69e-01	2.05e-01	2.21e-02	9.91e-03	1.57e-03	1.90e-05	0.00e+00	0.00e+00	0.00e+00	0.00e+00	0.00e+00	0.00e+00	0.00e+00	0.00e+00	0.00e+00
 1.71254e+23	1.24e-06	9.91e-02	6.78e-01	1.93e-01	2.03e-02	8.61e-03	1.30e-03	1.45e-05	0.00e+00	0.00e+00	0.00e+00	0.00e+00	0.00e+00	0.00e+00	0.00e+00	0.00e+00	0.00e+00
 1.72321e+23	3.25e-06	1.06e-01	6.84e-01	1.83e-01	1.88e-02	7.60e-03	1.10e-03	1.15e-05	0.00e+00	0.00e+00	0.00e+00	0.00e+00	0.00e+00	0.00e+00	0.00e+00	0.00e+00	0.00e+00
 1.73436e+23	6.97e-06	1.14e-01	6.91e-01	1.70e-01	1.71e-02	6.50e-03	8.97e-04	8.56e-06	0.00e+00	0.00e+00	0.00e+00	0.00e+00	0.00e+00	0.00e+00	0.00e+00	0.00e+00	0.00e+00
 1.74564e+23	1.18e-05	1.22e-01	6.96e-01	1.61e-01	1.57e-02	5.71e-03	7.56e-04	6.71e-06	0.00e+00	0.00e+00	0.00e+00	0.00e+00	0.00e+00	0.00e+00	0.00e+00	0.00e+00	0.00e+00
 1.75710e+23	1.84e-05	1.31e-01	7.01e-01	1.48e-01	1.42e-02	4.84e-03	6.11e-04	4.97e-06	0.00e+00	0.00e+00	0.00e+00	0.00e+00	0.00e+00	0.00e+00	0.00e+00	0.00e+00	0.00e+00
 1.76866e+23	2.54e-05	1.40e-01	7.03e-01	1.39e-01	1.31e-02	4.23e-03	5.14e-04	3.88e-06	0.00e+00	0.00e+00	0.00e+00	0.00e+00	0.00e+00	0.00e+00	0.00e+00	0.00e+00	0.00e+00
 1.78032e+23	3.35e-05	1.51e-01	7.06e-01	1.27e-01	1.18e-02	3.55e-03	4.12e-04	2.84e-06	0.00e+00	0.00e+00	0.00e+00	0.00e+00	0.00e+00	0.00e+00	0.00e+00	0.00e+00	0.00e+00
 1.79206e+23	4.12e-05	1.60e-01	7.07e-01	1.19e-01	1.08e-02	3.10e-03	3.46e-04	2.23e-06	0.00e+00	0.00e+00	0.00e+00	0.00e+00	0.00e+00	0.00e+00	0.00e+00	0.00e+00	0.00e+00
 1.80217e+23	4.85e-05	1.69e-01	7.07e-01	1.11e-01	9.93e-03	2.71e-03	2.92e-04	1.76e-06	0.00e+00	0.00e+00	0.00e+00	0.00e+00	0.00e+00	0.00e+00	0.00e+00	0.00e+00	0.00e+00
 1.81362e+23	5.87e-05	1.81e-01	7.07e-01	1.01e-01	8.93e-03	2.28e-03	2.36e-04	1.30e-06	0.00e+00	0.00e+00	0.00e+00	0.00e+00	0.00e+00	0.00e+00	0.00e+00	0.00e+00	0.00e+00
 1.82557e+23	6.97e-05	1.92e-01	7.05e-01	9.28e-02	8.10e-03	1.96e-03	1.95e-04	9.99e-07	0.00e+00	0.00e+00	0.00e+00	0.00e+00	0.00e+00	0.00e+00	0.00e+00	0.00e+00	0.00e+00
 1.83818e+23	8.40e-05	2.07e-01	7.01e-01	8.29e-02	7.16e-03	1.61e-03	1.53e-04	7.13e-07	0.00e+00	0.00e+00	0.00e+00	0.00e+00	0.00e+00	0.00e+00	0.00e+00	0.00e+00	0.00e+00
 1.85078e+23	9.74e-05	2.19e-01	6.97e-01	7.57e-02	6.48e-03	1.37e-03	1.26e-04	5.48e-07	0.00e+00	0.00e+00	0.00e+00	0.00e+00	0.00e+00	0.00e+00	0.00e+00	0.00e+00	0.00e+00
 1.86340e+23	1.16e-04	2.35e-01	6.91e-01	6.68e-02	5.70e-03	1.12e-03	9.84e-05	3.90e-07	0.00e+00	0.00e+00	0.00e+00	0.00e+00	0.00e+00	0.00e+00	0.00e+00	0.00e+00	0.00e+00
 1.87615e+23	1.33e-04	2.49e-01	6.85e-01	6.03e-02	5.12e-03	9.50e-04	8.05e-05	2.96e-07	0.00e+00	0.00e+00	0.00e+00	0.00e+00	0.00e+00	0.00e+00	0.00e+00	0.00e+00	0.00e+00
 1.88910e+23	1.58e-04	2.68e-01	6.75e-01	5.22e-02	4.44e-03	7.61e-04	6.16e-05	2.05e-07	0.00e+00	0.00e+00	0.00e+00	0.00e+00	0.00e+00	0.00e+00	0.00e+00	0.00e+00	0.00e+00
 1.90208e+23	1.80e-04	2.83e-01	6.66e-01	4.66e-02	3.97e-03	6.42e-04	5.02e-05	1.55e-07	0.00e+00	0.00e+00	0.00e+00	0.00e+00	0.00e+00	0.00e+00	0.00e+00	0.00e+00	0.00e+00
 1.91513e+23	2.12e-04	3.03e-01	6.53e-01	3.97e-02	3.41e-03	5.08e-04	3.80e-05	0.00e+00	0.00e+00	0.00e+00	0.00e+00	0.00e+00	0.00e+00	0.00e+00	0.00e+00	0.00e+00	0.00e+00
 1.92839e+23	2.42e-04	3.20e-01	6.41e-01	3.47e-02	3.01e-03	4.21e-04	3.04e-05	0.00e+00	0.00e+00	0.00e+00	0.00e+00	0.00e+00	0.00e+00	0.00e+00	0.00e+00	0.00e+00	0.00e+00
 1.94193e+23	2.87e-04	3.45e-01	6.23e-01	2.88e-02	2.53e-03	3.25e-04	2.25e-05	0.00e+00	0.00e+00	0.00e+00	0.00e+00	0.00e+00	0.00e+00	0.00e+00	0.00e+00	0.00e+00	0.00e+00
 1.95568e+23	3.28e-04	3.64e-01	6.08e-01	2.46e-02	2.19e-03	2.63e-04	1.76e-05	0.00e+00	0.00e+00	0.00e+00	0.00e+00	0.00e+00	0.00e+00	0.00e+00	0.00e+00	0.00e+00	0.00e+00
 1.96619e+23	3.65e-04	3.81e-01	5.95e-01	2.16e-02	1.94e-03	2.22e-04	1.45e-05	0.00e+00	0.00e+00	0.00e+00	0.00e+00	0.00e+00	0.00e+00	0.00e+00	0.00e+00	0.00e+00	0.00e+00
 1.97493e+23	3.99e-04	3.96e-01	5.83e-01	1.91e-02	1.74e-03	1.89e-04	1.21e-05	0.00e+00	0.00e+00	0.00e+00	0.00e+00	0.00e+00	0.00e+00	0.00e+00	0.00e+00	0.00e+00	0.00e+00
 1.98490e+23	4.52e-04	4.17e-01	5.65e-01	1.61e-02	1.48e-03	1.52e-04	9.40e-06	0.00e+00	0.00e+00	0.00e+00	0.00e+00	0.00e+00	0.00e+00	0.00e+00	0.00e+00	0.00e+00	0.00e+00
 1.99539e+23	5.03e-04	4.37e-01	5.48e-01	1.37e-02	1.28e-03	1.23e-04	7.46e-06	0.00e+00	0.00e+00	0.00e+00	0.00e+00	0.00e+00	0.00e+00	0.00e+00	0.00e+00	0.00e+00	0.00e+00
 2.00506e+23	5.61e-04	4.57e-01	5.29e-01	1.16e-02	1.09e-03	9.93e-05	5.88e-06	0.00e+00	0.00e+00	0.00e+00	0.00e+00	0.00e+00	0.00e+00	0.00e+00	0.00e+00	0.00e+00	0.00e+00
 2.01618e+23	6.42e-04	4.86e-01	5.04e-01	9.18e-03	8.74e-04	7.43e-05	4.30e-06	0.00e+00	0.00e+00	0.00e+00	0.00e+00	0.00e+00	0.00e+00	0.00e+00	0.00e+00	0.00e+00	0.00e+00
 2.02753e+23	7.20e-04	5.12e-01	4.79e-01	7.32e-03	7.03e-04	5.60e-05	3.18e-06	0.00e+00	0.00e+00	0.00e+00	0.00e+00	0.00e+00	0.00e+00	0.00e+00	0.00e+00	0.00e+00	0.00e+00
 2.03675e+23	7.88e-04	5.35e-01	4.58e-01	5.96e-03	5.75e-04	4.35e-05	2.44e-06	0.00e+00	0.00e+00	0.00e+00	0.00e+00	0.00e+00	0.00e+00	0.00e+00	0.00e+00	0.00e+00	0.00e+00
 2.04484e+23	8.58e-04	5.58e-01	4.36e-01	4.84e-03	4.67e-04	3.36e-05	1.88e-06	0.00e+00	0.00e+00	0.00e+00	0.00e+00	0.00e+00	0.00e+00	0.00e+00	0.00e+00	0.00e+00	0.00e+00
 2.05249e+23	9.25e-04	5.81e-01	4.13e-01	3.91e-03	3.76e-04	2.59e-05	1.44e-06	0.00e+00	0.00e+00	0.00e+00	0.00e+00	0.00e+00	0.00e+00	0.00e+00	0.00e+00	0.00e+00	0.00e+00
 2.05965e+23	9.88e-04	6.05e-01	3.91e-01	3.14e-03	2.99e-04	1.97e-05	1.10e-06	0.00e+00	0.00e+00	0.00e+00	0.00e+00	0.00e+00	0.00e+00	0.00e+00	0.00e+00	0.00e+00	0.00e+00
 2.06619e+23	1.04e-03	6.27e-01	3.69e-01	2.52e-03	2.38e-04	1.51e-05	8.50e-07	0.00e+00	0.00e+00	0.00e+00	0.00e+00	0.00e+00	0.00e+00	0.00e+00	0.00e+00	0.00e+00	0.00e+00
 2.07205e+23	1.09e-03	6.49e-01	3.48e-01	2.03e-03	1.88e-04	1.16e-05	6.60e-07	0.00e+00	0.00e+00	0.00e+00	0.00e+00	0.00e+00	0.00e+00	0.00e+00	0.00e+00	0.00e+00	0.00e+00
 2.07725e+23	1.13e-03	6.69e-01	3.28e-01	1.65e-03	1.51e-04	8.98e-06	5.20e-07	0.00e+00	0.00e+00	0.00e+00	0.00e+00	0.00e+00	0.00e+00	0.00e+00	0.00e+00	0.00e+00	0.00e+00
 2.08193e+23	1.15e-03	6.87e-01	3.10e-01	1.36e-03	1.22e-04	7.06e-06	4.16e-07	0.00e+00	0.00e+00	0.00e+00	0.00e+00	0.00e+00	0.00e+00	0.00e+00	0.00e+00	0.00e+00	0.00e+00
 2.08624e+23	1.16e-03	7.05e-01	2.93e-01	1.12e-03	9.82e-05	5.58e-06	3.36e-07	0.00e+00	0.00e+00	0.00e+00	0.00e+00	0.00e+00	0.00e+00	0.00e+00	0.00e+00	0.00e+00	0.00e+00
 2.09022e+23	1.17e-03	7.21e-01	2.77e-01	9.33e-04	8.00e-05	4.45e-06	2.74e-07	0.00e+00	0.00e+00	0.00e+00	0.00e+00	0.00e+00	0.00e+00	0.00e+00	0.00e+00	0.00e+00	0.00e+00
 2.09383e+23	1.16e-03	7.36e-01	2.62e-01	7.88e-04	6.62e-05	3.62e-06	2.28e-07	0.00e+00	0.00e+00	0.00e+00	0.00e+00	0.00e+00	0.00e+00	0.00e+00	0.00e+00	0.00e+00	0.00e+00
 2.09714e+23	1.15e-03	7.49e-01	2.49e-01	6.74e-04	5.54e-05	2.98e-06	1.92e-07	0.00e+00	0.00e+00	0.00e+00	0.00e+00	0.00e+00	0.00e+00	0.00e+00	0.00e+00	0.00e+00	0.00e+00
 2.10014e+23	1.12e-03	7.60e-01	2.38e-01	5.87e-04	4.73e-05	2.52e-06	1.65e-07	0.00e+00	0.00e+00	0.00e+00	0.00e+00	0.00e+00	0.00e+00	0.00e+00	0.00e+00	0.00e+00	0.00e+00
 2.10218e+23	1.10e-03	7.66e-01	2.32e-01	5.37e-04	4.29e-05	2.26e-06	1.50e-07	0.00e+00	0.00e+00	0.00e+00	0.00e+00	0.00e+00	0.00e+00	0.00e+00	0.00e+00	0.00e+00	0.00e+00
 2.10328e+23	1.09e-03	7.70e-01	2.29e-01	5.12e-04	4.06e-05	2.14e-06	1.43e-07	0.00e+00	0.00e+00	0.00e+00	0.00e+00	0.00e+00	0.00e+00	0.00e+00	0.00e+00	0.00e+00	0.00e+00
 2.10431e+23	1.08e-03	7.73e-01	2.25e-01	4.89e-04	3.85e-05	2.02e-06	1.36e-07	0.00e+00	0.00e+00	0.00e+00	0.00e+00	0.00e+00	0.00e+00	0.00e+00	0.00e+00	0.00e+00	0.00e+00
 2.10562e+23	1.06e-03	7.77e-01	2.21e-01	4.61e-04	3.61e-05	1.88e-06	1.27e-07	0.00e+00	0.00e+00	0.00e+00	0.00e+00	0.00e+00	0.00e+00	0.00e+00	0.00e+00	0.00e+00	0.00e+00
 2.10710e+23	1.05e-03	7.82e-01	2.17e-01	4.32e-04	3.35e-05	1.74e-06	0.00e+00	0.00e+00	0.00e+00	0.00e+00	0.00e+00	0.00e+00	0.00e+00	0.00e+00	0.00e+00	0.00e+00	0.00e+00
 2.10857e+23	1.02e-03	7.85e-01	2.14e-01	4.08e-04	3.15e-05	1.62e-06	0.00e+00	0.00e+00	0.00e+00	0.00e+00	0.00e+00	0.00e+00	0.00e+00	0.00e+00	0.00e+00	0.00e+00	0.00e+00
 2.11008e+23	9.98e-04	7.89e-01	2.10e-01	3.84e-04	2.94e-05	1.51e-06	0.00e+00	0.00e+00	0.00e+00	0.00e+00	0.00e+00	0.00e+00	0.00e+00	0.00e+00	0.00e+00	0.00e+00	0.00e+00
 2.11170e+23	9.75e-04	7.92e-01	2.06e-01	3.60e-04	2.75e-05	1.40e-06	0.00e+00	0.00e+00	0.00e+00	0.00e+00	0.00e+00	0.00e+00	0.00e+00	0.00e+00	0.00e+00	0.00e+00	0.00e+00
 2.11332e+23	9.46e-04	7.95e-01	2.04e-01	3.40e-04	2.58e-05	1.31e-06	0.00e+00	0.00e+00	0.00e+00	0.00e+00	0.00e+00	0.00e+00	0.00e+00	0.00e+00	0.00e+00	0.00e+00	0.00e+00
 2.11488e+23	9.16e-04	7.97e-01	2.02e-01	3.22e-04	2.45e-05	1.24e-06	0.00e+00	0.00e+00	0.00e+00	0.00e+00	0.00e+00	0.00e+00	0.00e+00	0.00e+00	0.00e+00	0.00e+00	0.00e+00
 2.11609e+23	8.95e-04	7.98e-01	2.01e-01	3.10e-04	2.35e-05	1.19e-06	0.00e+00	0.00e+00	0.00e+00	0.00e+00	0.00e+00	0.00e+00	0.00e+00	0.00e+00	0.00e+00	0.00e+00	0.00e+00
 2.11690e+23	8.81e-04	7.98e-01	2.00e-01	3.03e-04	2.30e-05	1.16e-06	0.00e+00	0.00e+00	0.00e+00	0.00e+00	0.00e+00	0.00e+00	0.00e+00	0.00e+00	0.00e+00	0.00e+00	0.00e+00
 2.11769e+23	8.68e-04	7.99e-01	2.00e-01	2.95e-04	2.24e-05	1.13e-06	0.00e+00	0.00e+00	0.00e+00	0.00e+00	0.00e+00	0.00e+00	0.00e+00	0.00e+00	0.00e+00	0.00e+00	0.00e+00
