#depth	O	O+	O+2	O+3	O+4	O+5	O+6	O+7	O+8	O[1]	O[2]	O[3]
 1.54284e+22	1.16e-08	9.91e-05	2.54e-02	3.21e-01	3.60e-01	2.01e-01	8.97e-02	2.11e-03	1.23e-05	1.16e-08	3.57e-17	4.33e-17
 3.51121e+22	4.79e-08	2.71e-04	4.85e-02	4.23e-01	3.39e-01	1.43e-01	4.61e-02	7.41e-04	2.97e-06	4.79e-08	1.68e-16	2.03e-16
 4.14952e+22	9.42e-08	4.33e-04	6.46e-02	4.67e-01	3.18e-01	1.17e-01	3.23e-02	4.29e-04	1.43e-06	9.42e-08	3.63e-16	4.38e-16
 4.51446e+22	1.51e-07	5.98e-04	7.83e-02	4.96e-01	3.00e-01	1.00e-01	2.47e-02	2.87e-04	8.37e-07	1.51e-07	6.20e-16	7.48e-16
 4.72827e+22	1.82e-07	6.79e-04	8.44e-02	5.07e-01	2.92e-01	9.35e-02	2.21e-02	2.43e-04	6.71e-07	1.82e-07	7.67e-16	9.26e-16
 4.87001e+22	2.32e-07	7.99e-04	9.28e-02	5.19e-01	2.82e-01	8.56e-02	1.91e-02	1.96e-04	5.04e-07	2.32e-07	1.01e-15	1.22e-15
 5.02083e+22	2.88e-07	9.22e-04	1.01e-01	5.30e-01	2.73e-01	7.89e-02	1.68e-02	1.61e-04	3.90e-07	2.88e-07	1.28e-15	1.55e-15
 5.18346e+22	3.74e-07	1.10e-03	1.11e-01	5.42e-01	2.61e-01	7.10e-02	1.42e-02	1.26e-04	2.82e-07	3.74e-07	1.73e-15	2.09e-15
 5.34872e+22	4.68e-07	1.28e-03	1.21e-01	5.51e-01	2.50e-01	6.47e-02	1.23e-02	1.01e-04	2.12e-07	4.68e-07	2.23e-15	2.68e-15
 5.49196e+22	5.74e-07	1.46e-03	1.30e-01	5.58e-01	2.40e-01	5.94e-02	1.07e-02	8.31e-05	1.64e-07	5.74e-07	2.80e-15	3.37e-15
 5.65272e+22	7.43e-07	1.73e-03	1.43e-01	5.66e-01	2.28e-01	5.29e-02	9.01e-03	6.43e-05	0.00e+00	7.43e-07	3.75e-15	4.51e-15
 5.81045e+22	9.00e-07	1.96e-03	1.53e-01	5.70e-01	2.18e-01	4.85e-02	7.88e-03	5.28e-05	0.00e+00	9.00e-07	4.66e-15	5.60e-15
 5.93845e+22	1.07e-06	2.20e-03	1.63e-01	5.74e-01	2.09e-01	4.46e-02	6.95e-03	4.40e-05	0.00e+00	1.07e-06	5.68e-15	6.81e-15
 6.07907e+22	1.33e-06	2.53e-03	1.76e-01	5.77e-01	1.99e-01	4.02e-02	5.95e-03	3.51e-05	0.00e+00	1.33e-06	7.25e-15	8.69e-15
 6.22202e+22	1.58e-06	2.84e-03	1.87e-01	5.79e-01	1.90e-01	3.68e-02	5.21e-03	2.89e-05	0.00e+00	1.58e-06	8.86e-15	1.06e-14
 6.34839e+22	1.88e-06	3.17e-03	1.98e-01	5.80e-01	1.81e-01	3.37e-02	4.58e-03	2.40e-05	0.00e+00	1.88e-06	1.08e-14	1.29e-14
 6.49303e+22	2.33e-06	3.64e-03	2.12e-01	5.79e-01	1.71e-01	3.00e-02	3.88e-03	1.89e-05	0.00e+00	2.33e-06	1.38e-14	1.65e-14
 6.63956e+22	2.78e-06	4.08e-03	2.25e-01	5.78e-01	1.62e-01	2.73e-02	3.37e-03	1.54e-05	0.00e+00	2.78e-06	1.68e-14	2.01e-14
 6.76849e+22	3.29e-06	4.54e-03	2.38e-01	5.76e-01	1.54e-01	2.48e-02	2.94e-03	1.26e-05	0.00e+00	3.29e-06	2.04e-14	2.44e-14
 6.91607e+22	4.06e-06	5.20e-03	2.54e-01	5.72e-01	1.44e-01	2.19e-02	2.47e-03	9.84e-06	0.00e+00	4.06e-06	2.61e-14	3.11e-14
 7.06595e+22	4.84e-06	5.82e-03	2.68e-01	5.68e-01	1.36e-01	1.98e-02	2.13e-03	7.95e-06	0.00e+00	4.84e-06	3.19e-14	3.80e-14
 7.19785e+22	5.73e-06	6.49e-03	2.82e-01	5.63e-01	1.28e-01	1.79e-02	1.84e-03	6.46e-06	0.00e+00	5.73e-06	3.88e-14	4.62e-14
 7.34834e+22	7.09e-06	7.43e-03	3.01e-01	5.55e-01	1.19e-01	1.57e-02	1.54e-03	4.98e-06	0.00e+00	7.09e-06	4.97e-14	5.91e-14
 7.50133e+22	8.43e-06	8.30e-03	3.17e-01	5.48e-01	1.12e-01	1.40e-02	1.31e-03	3.98e-06	0.00e+00	8.43e-06	6.08e-14	7.23e-14
 7.63708e+22	9.98e-06	9.24e-03	3.32e-01	5.40e-01	1.05e-01	1.25e-02	1.13e-03	3.20e-06	0.00e+00	9.98e-06	7.42e-14	8.82e-14
 7.79307e+22	1.23e-05	1.06e-02	3.53e-01	5.29e-01	9.63e-02	1.09e-02	9.27e-04	2.42e-06	0.00e+00	1.23e-05	9.54e-14	1.13e-13
 7.95164e+22	1.47e-05	1.18e-02	3.70e-01	5.18e-01	8.95e-02	9.63e-03	7.85e-04	1.91e-06	0.00e+00	1.47e-05	1.17e-13	1.39e-13
 8.11354e+22	1.82e-05	1.35e-02	3.92e-01	5.04e-01	8.16e-02	8.26e-03	6.37e-04	1.42e-06	0.00e+00	1.82e-05	1.52e-13	1.79e-13
 8.27759e+22	2.17e-05	1.51e-02	4.11e-01	4.91e-01	7.53e-02	7.24e-03	5.34e-04	1.10e-06	0.00e+00	2.17e-05	1.87e-13	2.21e-13
 8.44440e+22	2.70e-05	1.73e-02	4.33e-01	4.75e-01	6.81e-02	6.15e-03	4.28e-04	8.10e-07	0.00e+00	2.70e-05	2.42e-13	2.86e-13
 8.61457e+22	3.22e-05	1.93e-02	4.53e-01	4.60e-01	6.23e-02	5.34e-03	3.55e-04	6.21e-07	0.00e+00	3.22e-05	3.00e-13	3.54e-13
 8.78908e+22	4.01e-05	2.21e-02	4.77e-01	4.40e-01	5.57e-02	4.47e-03	2.80e-04	4.46e-07	0.00e+00	4.01e-05	3.93e-13	4.62e-13
 8.96648e+22	4.78e-05	2.47e-02	4.97e-01	4.23e-01	5.05e-02	3.84e-03	2.29e-04	3.36e-07	0.00e+00	4.78e-05	4.88e-13	5.72e-13
 9.06493e+22	4.98e-05	2.53e-02	5.03e-01	4.19e-01	4.91e-02	3.68e-03	2.17e-04	3.10e-07	0.00e+00	4.98e-05	5.13e-13	6.02e-13
 9.11021e+22	5.24e-05	2.61e-02	5.09e-01	4.14e-01	4.77e-02	3.52e-03	2.05e-04	2.86e-07	0.00e+00	5.24e-05	5.47e-13	6.41e-13
 9.16908e+22	5.65e-05	2.73e-02	5.17e-01	4.06e-01	4.57e-02	3.30e-03	1.88e-04	2.54e-07	0.00e+00	5.65e-05	6.00e-13	7.02e-13
 9.24562e+22	6.16e-05	2.88e-02	5.27e-01	3.98e-01	4.35e-02	3.06e-03	1.70e-04	2.21e-07	0.00e+00	6.16e-05	6.69e-13	7.82e-13
 9.34511e+22	6.99e-05	3.12e-02	5.41e-01	3.85e-01	4.04e-02	2.73e-03	1.47e-04	1.79e-07	0.00e+00	6.99e-05	7.83e-13	9.12e-13
 9.47445e+22	8.19e-05	3.44e-02	5.58e-01	3.68e-01	3.67e-02	2.36e-03	1.21e-04	1.37e-07	0.00e+00	8.19e-05	9.56e-13	1.11e-12
 9.60568e+22	9.21e-05	3.69e-02	5.72e-01	3.55e-01	3.40e-02	2.10e-03	1.04e-04	0.00e+00	0.00e+00	9.21e-05	1.11e-12	1.28e-12
 9.73936e+22	1.08e-04	4.07e-02	5.89e-01	3.38e-01	3.07e-02	1.80e-03	8.54e-05	0.00e+00	0.00e+00	1.08e-04	1.36e-12	1.56e-12
 9.87491e+22	1.22e-04	4.37e-02	6.02e-01	3.24e-01	2.82e-02	1.59e-03	7.27e-05	0.00e+00	0.00e+00	1.22e-04	1.58e-12	1.82e-12
 1.00129e+23	1.42e-04	4.80e-02	6.18e-01	3.07e-01	2.54e-02	1.36e-03	5.95e-05	0.00e+00	0.00e+00	1.42e-04	1.93e-12	2.21e-12
 1.01556e+23	1.61e-04	5.17e-02	6.31e-01	2.92e-01	2.30e-02	1.18e-03	4.97e-05	0.00e+00	0.00e+00	1.61e-04	2.28e-12	2.59e-12
 1.03044e+23	1.90e-04	5.72e-02	6.47e-01	2.74e-01	2.04e-02	9.86e-04	3.96e-05	0.00e+00	0.00e+00	1.90e-04	2.83e-12	3.19e-12
 1.04533e+23	2.15e-04	6.14e-02	6.60e-01	2.59e-01	1.84e-02	8.54e-04	3.30e-05	0.00e+00	0.00e+00	2.15e-04	3.33e-12	3.73e-12
 1.06022e+23	2.51e-04	6.75e-02	6.74e-01	2.42e-01	1.62e-02	7.12e-04	2.62e-05	0.00e+00	0.00e+00	2.51e-04	4.12e-12	4.57e-12
 1.07551e+23	2.85e-04	7.26e-02	6.85e-01	2.27e-01	1.45e-02	6.07e-04	2.15e-05	0.00e+00	0.00e+00	2.85e-04	4.89e-12	5.38e-12
 1.09132e+23	3.36e-04	8.00e-02	6.97e-01	2.09e-01	1.26e-02	4.98e-04	1.68e-05	0.00e+00	0.00e+00	3.36e-04	6.12e-12	6.65e-12
 1.10741e+23	3.82e-04	8.61e-02	7.07e-01	1.95e-01	1.12e-02	4.19e-04	1.35e-05	0.00e+00	0.00e+00	3.82e-04	7.32e-12	7.87e-12
 1.12388e+23	4.52e-04	9.52e-02	7.17e-01	1.77e-01	9.58e-03	3.37e-04	1.03e-05	0.00e+00	0.00e+00	4.52e-04	9.26e-12	9.82e-12
 1.14052e+23	5.13e-04	1.02e-01	7.25e-01	1.63e-01	8.41e-03	2.82e-04	8.25e-06	0.00e+00	0.00e+00	5.13e-04	1.11e-11	1.16e-11
 1.15738e+23	6.08e-04	1.13e-01	7.32e-01	1.47e-01	7.15e-03	2.24e-04	6.24e-06	0.00e+00	0.00e+00	6.08e-04	1.41e-11	1.45e-11
 1.17446e+23	6.89e-04	1.21e-01	7.37e-01	1.35e-01	6.22e-03	1.85e-04	4.94e-06	0.00e+00	0.00e+00	6.89e-04	1.69e-11	1.71e-11
 1.19182e+23	8.19e-04	1.34e-01	7.40e-01	1.20e-01	5.22e-03	1.44e-04	3.66e-06	0.00e+00	0.00e+00	8.19e-04	2.16e-11	2.14e-11
 1.20927e+23	9.29e-04	1.44e-01	7.42e-01	1.08e-01	4.51e-03	1.18e-04	2.87e-06	0.00e+00	0.00e+00	9.29e-04	2.60e-11	2.53e-11
 1.22684e+23	1.11e-03	1.59e-01	7.41e-01	9.48e-02	3.75e-03	9.09e-05	2.10e-06	0.00e+00	0.00e+00	1.11e-03	3.36e-11	3.18e-11
 1.24448e+23	1.26e-03	1.71e-01	7.39e-01	8.49e-02	3.21e-03	7.35e-05	1.63e-06	0.00e+00	0.00e+00	1.26e-03	4.06e-11	3.76e-11
 1.26219e+23	1.51e-03	1.90e-01	7.33e-01	7.32e-02	2.64e-03	5.56e-05	1.18e-06	0.00e+00	0.00e+00	1.51e-03	5.28e-11	4.75e-11
 1.27994e+23	1.72e-03	2.04e-01	7.27e-01	6.47e-02	2.24e-03	4.43e-05	9.07e-07	0.00e+00	0.00e+00	1.72e-03	6.42e-11	5.66e-11
 1.29776e+23	2.07e-03	2.27e-01	7.14e-01	5.48e-02	1.83e-03	3.28e-05	6.46e-07	0.00e+00	0.00e+00	2.07e-03	8.43e-11	7.19e-11
 1.31557e+23	2.38e-03	2.45e-01	7.03e-01	4.76e-02	1.54e-03	2.57e-05	4.91e-07	0.00e+00	0.00e+00	2.38e-03	1.03e-10	8.61e-11
 1.33339e+23	2.89e-03	2.73e-01	6.83e-01	3.95e-02	1.24e-03	1.86e-05	3.45e-07	0.00e+00	0.00e+00	2.89e-03	1.37e-10	1.10e-10
 1.35121e+23	3.34e-03	2.96e-01	6.66e-01	3.37e-02	1.04e-03	1.43e-05	2.59e-07	0.00e+00	0.00e+00	3.34e-03	1.69e-10	1.33e-10
 1.36902e+23	4.10e-03	3.30e-01	6.38e-01	2.71e-02	8.30e-04	1.00e-05	1.78e-07	0.00e+00	0.00e+00	4.10e-03	2.26e-10	1.72e-10
 1.38680e+23	4.79e-03	3.58e-01	6.14e-01	2.26e-02	6.90e-04	7.48e-06	1.32e-07	0.00e+00	0.00e+00	4.79e-03	2.82e-10	2.09e-10
 1.40455e+23	5.89e-03	3.98e-01	5.77e-01	1.77e-02	5.46e-04	5.08e-06	0.00e+00	0.00e+00	0.00e+00	5.89e-03	3.77e-10	2.72e-10
 1.42246e+23	7.00e-03	4.34e-01	5.45e-01	1.41e-02	4.46e-04	3.62e-06	0.00e+00	0.00e+00	0.00e+00	7.00e-03	4.76e-10	3.36e-10
 1.44061e+23	8.72e-03	4.82e-01	4.99e-01	1.05e-02	3.47e-04	2.32e-06	0.00e+00	0.00e+00	0.00e+00	8.72e-03	6.43e-10	4.43e-10
 1.45897e+23	1.05e-02	5.24e-01	4.57e-01	8.01e-03	2.77e-04	1.55e-06	0.00e+00	0.00e+00	0.00e+00	1.05e-02	8.26e-10	5.59e-10
 1.47482e+23	1.27e-02	5.66e-01	4.15e-01	6.06e-03	2.23e-04	1.04e-06	0.00e+00	0.00e+00	0.00e+00	1.27e-02	1.05e-09	7.00e-10
 1.48843e+23	1.48e-02	6.00e-01	3.81e-01	4.78e-03	1.87e-04	7.40e-07	0.00e+00	0.00e+00	0.00e+00	1.48e-02	1.27e-09	8.37e-10
 1.50195e+23	1.77e-02	6.40e-01	3.39e-01	3.55e-03	1.50e-04	4.85e-07	0.00e+00	0.00e+00	0.00e+00	1.77e-02	1.61e-09	1.04e-09
 1.51621e+23	2.11e-02	6.77e-01	2.99e-01	2.61e-03	1.20e-04	3.16e-07	0.00e+00	0.00e+00	0.00e+00	2.11e-02	2.01e-09	1.29e-09
 1.52914e+23	2.52e-02	7.12e-01	2.61e-01	1.91e-03	9.67e-05	2.05e-07	0.00e+00	0.00e+00	0.00e+00	2.52e-02	2.49e-09	1.58e-09
 1.54364e+23	3.14e-02	7.52e-01	2.16e-01	1.26e-03	7.22e-05	0.00e+00	0.00e+00	0.00e+00	0.00e+00	3.14e-02	3.27e-09	2.06e-09
 1.55850e+23	3.91e-02	7.85e-01	1.75e-01	8.27e-04	5.38e-05	0.00e+00	0.00e+00	0.00e+00	0.00e+00	3.91e-02	4.25e-09	2.66e-09
 1.57055e+23	4.77e-02	8.08e-01	1.43e-01	5.62e-04	4.09e-05	0.00e+00	0.00e+00	0.00e+00	0.00e+00	4.77e-02	5.35e-09	3.33e-09
 1.58086e+23	5.71e-02	8.25e-01	1.17e-01	3.90e-04	3.15e-05	0.00e+00	0.00e+00	0.00e+00	0.00e+00	5.71e-02	6.61e-09	4.09e-09
 1.59034e+23	6.86e-02	8.36e-01	9.49e-02	2.70e-04	2.38e-05	0.00e+00	0.00e+00	0.00e+00	0.00e+00	6.86e-02	8.14e-09	5.02e-09
 1.59941e+23	8.25e-02	8.42e-01	7.53e-02	1.85e-04	1.78e-05	0.00e+00	0.00e+00	0.00e+00	0.00e+00	8.25e-02	1.00e-08	6.16e-09
 1.60828e+23	1.01e-01	8.41e-01	5.81e-02	1.24e-04	1.28e-05	0.00e+00	0.00e+00	0.00e+00	0.00e+00	1.01e-01	1.25e-08	7.62e-09
 1.61641e+23	1.22e-01	8.34e-01	4.45e-02	8.50e-05	9.14e-06	0.00e+00	0.00e+00	0.00e+00	0.00e+00	1.22e-01	1.53e-08	9.33e-09
 1.62344e+23	1.45e-01	8.20e-01	3.43e-02	6.01e-05	6.59e-06	0.00e+00	0.00e+00	0.00e+00	0.00e+00	1.45e-01	1.84e-08	1.12e-08
 1.62966e+23	1.72e-01	8.01e-01	2.65e-02	4.35e-05	4.75e-06	0.00e+00	0.00e+00	0.00e+00	0.00e+00	1.72e-01	2.18e-08	1.32e-08
 1.63530e+23	2.01e-01	7.78e-01	2.05e-02	3.23e-05	3.43e-06	0.00e+00	0.00e+00	0.00e+00	0.00e+00	2.01e-01	2.54e-08	1.54e-08
 1.64046e+23	2.33e-01	7.51e-01	1.59e-02	2.45e-05	2.49e-06	0.00e+00	0.00e+00	0.00e+00	0.00e+00	2.33e-01	2.91e-08	1.76e-08
 1.64527e+23	2.67e-01	7.20e-01	1.23e-02	1.88e-05	1.79e-06	0.00e+00	0.00e+00	0.00e+00	0.00e+00	2.67e-01	3.29e-08	1.99e-08
 1.64977e+23	3.04e-01	6.86e-01	9.55e-03	1.46e-05	1.29e-06	0.00e+00	0.00e+00	0.00e+00	0.00e+00	3.04e-01	3.67e-08	2.21e-08
 1.65394e+23	3.43e-01	6.50e-01	7.44e-03	1.15e-05	9.40e-07	0.00e+00	0.00e+00	0.00e+00	0.00e+00	3.43e-01	4.03e-08	2.42e-08
 1.65772e+23	3.80e-01	6.14e-01	5.88e-03	9.34e-06	6.95e-07	0.00e+00	0.00e+00	0.00e+00	0.00e+00	3.80e-01	4.34e-08	2.61e-08
 1.66097e+23	4.15e-01	5.80e-01	4.76e-03	7.78e-06	5.32e-07	0.00e+00	0.00e+00	0.00e+00	0.00e+00	4.15e-01	4.59e-08	2.76e-08
 1.66333e+23	4.40e-01	5.56e-01	4.10e-03	6.86e-06	4.40e-07	0.00e+00	0.00e+00	0.00e+00	0.00e+00	4.40e-01	4.75e-08	2.85e-08
 1.66495e+23	4.57e-01	5.39e-01	3.68e-03	6.28e-06	3.85e-07	0.00e+00	0.00e+00	0.00e+00	0.00e+00	4.57e-01	4.85e-08	2.91e-08
 1.66664e+23	4.76e-01	5.21e-01	3.28e-03	5.71e-06	3.33e-07	0.00e+00	0.00e+00	0.00e+00	0.00e+00	4.76e-01	4.95e-08	2.97e-08
 1.66867e+23	4.99e-01	4.98e-01	2.85e-03	5.10e-06	2.79e-07	0.00e+00	0.00e+00	0.00e+00	0.00e+00	4.99e-01	5.06e-08	3.03e-08
 1.67087e+23	5.23e-01	4.75e-01	2.46e-03	4.54e-06	2.31e-07	0.00e+00	0.00e+00	0.00e+00	0.00e+00	5.23e-01	5.16e-08	3.09e-08
 1.67308e+23	5.47e-01	4.51e-01	2.11e-03	4.04e-06	1.92e-07	0.00e+00	0.00e+00	0.00e+00	0.00e+00	5.47e-01	5.24e-08	3.13e-08
 1.67525e+23	5.69e-01	4.29e-01	1.82e-03	3.62e-06	1.60e-07	0.00e+00	0.00e+00	0.00e+00	0.00e+00	5.69e-01	5.30e-08	3.17e-08
 1.67733e+23	5.89e-01	4.09e-01	1.59e-03	3.27e-06	1.35e-07	0.00e+00	0.00e+00	0.00e+00	0.00e+00	5.89e-01	5.34e-08	3.19e-08
 1.67897e+23	6.05e-01	3.94e-01	1.43e-03	3.03e-06	0.00e+00	0.00e+00	0.00e+00	0.00e+00	0.00e+00	6.05e-01	5.35e-08	3.19e-08
 1.68011e+23	6.16e-01	3.83e-01	1.33e-03	2.88e-06	0.00e+00	0.00e+00	0.00e+00	0.00e+00	0.00e+00	6.16e-01	5.36e-08	3.20e-08
 1.68121e+23	6.26e-01	3.73e-01	1.24e-03	2.73e-06	0.00e+00	0.00e+00	0.00e+00	0.00e+00	0.00e+00	6.26e-01	5.37e-08	3.20e-08
 1.68249e+23	6.37e-01	3.62e-01	1.14e-03	2.58e-06	0.00e+00	0.00e+00	0.00e+00	0.00e+00	0.00e+00	6.37e-01	5.37e-08	3.20e-08
 1.68395e+23	6.49e-01	3.50e-01	1.03e-03	2.42e-06	0.00e+00	0.00e+00	0.00e+00	0.00e+00	0.00e+00	6.49e-01	5.37e-08	3.20e-08
 1.68544e+23	6.62e-01	3.37e-01	9.40e-04	2.26e-06	0.00e+00	0.00e+00	0.00e+00	0.00e+00	0.00e+00	6.62e-01	5.36e-08	3.19e-08
 1.68683e+23	6.73e-01	3.27e-01	8.62e-04	2.14e-06	0.00e+00	0.00e+00	0.00e+00	0.00e+00	0.00e+00	6.73e-01	5.35e-08	3.18e-08
 1.68821e+23	6.83e-01	3.16e-01	7.91e-04	2.02e-06	0.00e+00	0.00e+00	0.00e+00	0.00e+00	0.00e+00	6.83e-01	5.33e-08	3.17e-08
 1.68968e+23	6.94e-01	3.06e-01	7.22e-04	1.90e-06	0.00e+00	0.00e+00	0.00e+00	0.00e+00	0.00e+00	6.94e-01	5.32e-08	3.16e-08
 1.69123e+23	7.05e-01	2.94e-01	6.57e-04	1.79e-06	0.00e+00	0.00e+00	0.00e+00	0.00e+00	0.00e+00	7.05e-01	5.29e-08	3.15e-08
 1.69279e+23	7.15e-01	2.84e-01	5.98e-04	1.68e-06	0.00e+00	0.00e+00	0.00e+00	0.00e+00	0.00e+00	7.15e-01	5.27e-08	3.13e-08
 1.69435e+23	7.25e-01	2.74e-01	5.45e-04	1.59e-06	0.00e+00	0.00e+00	0.00e+00	0.00e+00	0.00e+00	7.25e-01	5.24e-08	3.11e-08
 1.69597e+23	7.35e-01	2.65e-01	4.96e-04	1.50e-06	0.00e+00	0.00e+00	0.00e+00	0.00e+00	0.00e+00	7.35e-01	5.21e-08	3.09e-08
 1.69766e+23	7.45e-01	2.55e-01	4.51e-04	1.41e-06	0.00e+00	0.00e+00	0.00e+00	0.00e+00	0.00e+00	7.45e-01	5.17e-08	3.07e-08
 1.69939e+23	7.54e-01	2.45e-01	4.09e-04	1.33e-06	0.00e+00	0.00e+00	0.00e+00	0.00e+00	0.00e+00	7.54e-01	5.13e-08	3.04e-08
 1.70115e+23	7.63e-01	2.36e-01	3.71e-04	1.25e-06	0.00e+00	0.00e+00	0.00e+00	0.00e+00	0.00e+00	7.63e-01	5.10e-08	3.02e-08
 1.70295e+23	7.72e-01	2.28e-01	3.36e-04	1.18e-06	0.00e+00	0.00e+00	0.00e+00	0.00e+00	0.00e+00	7.72e-01	5.06e-08	2.99e-08
 1.70483e+23	7.81e-01	2.19e-01	3.05e-04	1.11e-06	0.00e+00	0.00e+00	0.00e+00	0.00e+00	0.00e+00	7.81e-01	5.01e-08	2.97e-08
 1.70676e+23	7.89e-01	2.10e-01	2.76e-04	1.05e-06	0.00e+00	0.00e+00	0.00e+00	0.00e+00	0.00e+00	7.89e-01	4.97e-08	2.94e-08
 1.70875e+23	7.97e-01	2.02e-01	2.49e-04	9.88e-07	0.00e+00	0.00e+00	0.00e+00	0.00e+00	0.00e+00	7.97e-01	4.93e-08	2.91e-08
 1.71081e+23	8.06e-01	1.94e-01	2.26e-04	9.30e-07	0.00e+00	0.00e+00	0.00e+00	0.00e+00	0.00e+00	8.06e-01	4.88e-08	2.88e-08
 1.71293e+23	8.13e-01	1.87e-01	2.04e-04	8.77e-07	0.00e+00	0.00e+00	0.00e+00	0.00e+00	0.00e+00	8.13e-01	4.84e-08	2.86e-08
 1.71510e+23	8.21e-01	1.79e-01	1.85e-04	8.27e-07	0.00e+00	0.00e+00	0.00e+00	0.00e+00	0.00e+00	8.21e-01	4.79e-08	2.83e-08
 1.71736e+23	8.28e-01	1.72e-01	1.67e-04	7.79e-07	0.00e+00	0.00e+00	0.00e+00	0.00e+00	0.00e+00	8.28e-01	4.75e-08	2.80e-08
 1.71973e+23	8.35e-01	1.65e-01	1.51e-04	7.34e-07	0.00e+00	0.00e+00	0.00e+00	0.00e+00	0.00e+00	8.35e-01	4.71e-08	2.77e-08
 1.72217e+23	8.42e-01	1.58e-01	1.37e-04	6.91e-07	0.00e+00	0.00e+00	0.00e+00	0.00e+00	0.00e+00	8.42e-01	4.66e-08	2.74e-08
 1.72468e+23	8.48e-01	1.52e-01	1.24e-04	6.52e-07	0.00e+00	0.00e+00	0.00e+00	0.00e+00	0.00e+00	8.48e-01	4.62e-08	2.72e-08
 1.72728e+23	8.54e-01	1.46e-01	1.13e-04	6.15e-07	0.00e+00	0.00e+00	0.00e+00	0.00e+00	0.00e+00	8.54e-01	4.58e-08	2.69e-08
 1.72995e+23	8.60e-01	1.40e-01	1.03e-04	5.80e-07	0.00e+00	0.00e+00	0.00e+00	0.00e+00	0.00e+00	8.60e-01	4.54e-08	2.66e-08
 1.73270e+23	8.65e-01	1.34e-01	9.45e-05	5.49e-07	0.00e+00	0.00e+00	0.00e+00	0.00e+00	0.00e+00	8.65e-01	4.49e-08	2.63e-08
 1.73553e+23	8.71e-01	1.29e-01	8.69e-05	5.19e-07	0.00e+00	0.00e+00	0.00e+00	0.00e+00	0.00e+00	8.71e-01	4.45e-08	2.59e-08
 1.73845e+23	8.76e-01	1.24e-01	8.01e-05	4.91e-07	0.00e+00	0.00e+00	0.00e+00	0.00e+00	0.00e+00	8.76e-01	4.41e-08	2.56e-08
 1.74147e+23	8.80e-01	1.19e-01	7.42e-05	4.65e-07	0.00e+00	0.00e+00	0.00e+00	0.00e+00	0.00e+00	8.80e-01	4.37e-08	2.52e-08
 1.74461e+23	8.85e-01	1.15e-01	6.89e-05	4.40e-07	0.00e+00	0.00e+00	0.00e+00	0.00e+00	0.00e+00	8.85e-01	4.34e-08	2.49e-08
 1.74785e+23	8.89e-01	1.11e-01	6.43e-05	4.18e-07	0.00e+00	0.00e+00	0.00e+00	0.00e+00	0.00e+00	8.89e-01	4.31e-08	2.46e-08
 1.75124e+23	8.93e-01	1.07e-01	6.02e-05	3.96e-07	0.00e+00	0.00e+00	0.00e+00	0.00e+00	0.00e+00	8.93e-01	4.28e-08	2.43e-08
 1.75479e+23	8.97e-01	1.03e-01	5.66e-05	3.76e-07	0.00e+00	0.00e+00	0.00e+00	0.00e+00	0.00e+00	8.97e-01	4.25e-08	2.41e-08
 1.75850e+23	9.01e-01	9.92e-02	5.34e-05	3.57e-07	0.00e+00	0.00e+00	0.00e+00	0.00e+00	0.00e+00	9.01e-01	4.23e-08	2.38e-08
 1.76237e+23	9.04e-01	9.57e-02	5.05e-05	3.39e-07	0.00e+00	0.00e+00	0.00e+00	0.00e+00	0.00e+00	9.04e-01	4.21e-08	2.35e-08
 1.76647e+23	9.08e-01	9.22e-02	4.80e-05	3.21e-07	0.00e+00	0.00e+00	0.00e+00	0.00e+00	0.00e+00	9.08e-01	4.19e-08	2.33e-08
 1.77080e+23	9.11e-01	8.89e-02	4.57e-05	3.04e-07	0.00e+00	0.00e+00	0.00e+00	0.00e+00	0.00e+00	9.11e-01	4.18e-08	2.31e-08
 1.77533e+23	9.14e-01	8.56e-02	4.36e-05	2.88e-07	0.00e+00	0.00e+00	0.00e+00	0.00e+00	0.00e+00	9.14e-01	4.16e-08	2.29e-08
 1.77982e+23	9.17e-01	8.27e-02	4.20e-05	2.74e-07	0.00e+00	0.00e+00	0.00e+00	0.00e+00	0.00e+00	9.17e-01	4.15e-08	2.27e-08
 1.78413e+23	9.20e-01	8.02e-02	4.06e-05	2.62e-07	0.00e+00	0.00e+00	0.00e+00	0.00e+00	0.00e+00	9.20e-01	4.15e-08	2.25e-08
 1.78832e+23	9.22e-01	7.79e-02	3.94e-05	2.50e-07	0.00e+00	0.00e+00	0.00e+00	0.00e+00	0.00e+00	9.22e-01	4.14e-08	2.24e-08
 1.79241e+23	9.24e-01	7.57e-02	3.83e-05	2.40e-07	0.00e+00	0.00e+00	0.00e+00	0.00e+00	0.00e+00	9.24e-01	4.14e-08	2.22e-08
 1.79640e+23	9.26e-01	7.36e-02	3.74e-05	2.30e-07	0.00e+00	0.00e+00	0.00e+00	0.00e+00	0.00e+00	9.26e-01	4.14e-08	2.21e-08
 1.80026e+23	9.28e-01	7.16e-02	3.66e-05	2.21e-07	0.00e+00	0.00e+00	0.00e+00	0.00e+00	0.00e+00	9.28e-01	4.13e-08	2.20e-08
 1.80394e+23	9.30e-01	6.98e-02	3.59e-05	2.13e-07	0.00e+00	0.00e+00	0.00e+00	0.00e+00	0.00e+00	9.30e-01	4.13e-08	2.18e-08
 1.80737e+23	9.32e-01	6.82e-02	3.53e-05	2.06e-07	0.00e+00	0.00e+00	0.00e+00	0.00e+00	0.00e+00	9.32e-01	4.12e-08	2.17e-08
 1.81071e+23	9.33e-01	6.66e-02	3.48e-05	1.99e-07	0.00e+00	0.00e+00	0.00e+00	0.00e+00	0.00e+00	9.33e-01	4.12e-08	2.16e-08
 1.81406e+23	9.35e-01	6.50e-02	3.43e-05	1.92e-07	0.00e+00	0.00e+00	0.00e+00	0.00e+00	0.00e+00	9.35e-01	4.12e-08	2.15e-08
 1.81730e+23	9.36e-01	6.35e-02	3.38e-05	1.86e-07	0.00e+00	0.00e+00	0.00e+00	0.00e+00	0.00e+00	9.36e-01	4.11e-08	2.14e-08
 1.82042e+23	9.38e-01	6.21e-02	3.34e-05	1.80e-07	0.00e+00	0.00e+00	0.00e+00	0.00e+00	0.00e+00	9.38e-01	4.11e-08	2.13e-08
 1.82343e+23	9.39e-01	6.07e-02	3.30e-05	1.75e-07	0.00e+00	0.00e+00	0.00e+00	0.00e+00	0.00e+00	9.39e-01	4.11e-08	2.13e-08
 1.82634e+23	9.41e-01	5.94e-02	3.27e-05	1.69e-07	0.00e+00	0.00e+00	0.00e+00	0.00e+00	0.00e+00	9.41e-01	4.10e-08	2.12e-08
 1.82916e+23	9.42e-01	5.81e-02	3.23e-05	1.64e-07	0.00e+00	0.00e+00	0.00e+00	0.00e+00	0.00e+00	9.42e-01	4.10e-08	2.11e-08
 1.83188e+23	9.43e-01	5.69e-02	3.20e-05	1.60e-07	0.00e+00	0.00e+00	0.00e+00	0.00e+00	0.00e+00	9.43e-01	4.10e-08	2.10e-08
 1.83450e+23	9.44e-01	5.57e-02	3.18e-05	1.55e-07	0.00e+00	0.00e+00	0.00e+00	0.00e+00	0.00e+00	9.44e-01	4.09e-08	2.09e-08
 1.83702e+23	9.45e-01	5.46e-02	3.15e-05	1.51e-07	0.00e+00	0.00e+00	0.00e+00	0.00e+00	0.00e+00	9.45e-01	4.09e-08	2.09e-08
 1.83946e+23	9.46e-01	5.35e-02	3.13e-05	1.47e-07	0.00e+00	0.00e+00	0.00e+00	0.00e+00	0.00e+00	9.46e-01	4.09e-08	2.08e-08
 1.84178e+23	9.47e-01	5.25e-02	3.11e-05	1.43e-07	0.00e+00	0.00e+00	0.00e+00	0.00e+00	0.00e+00	9.47e-01	4.09e-08	2.07e-08
 1.84405e+23	9.49e-01	5.15e-02	3.08e-05	1.40e-07	0.00e+00	0.00e+00	0.00e+00	0.00e+00	0.00e+00	9.49e-01	4.08e-08	2.06e-08
 1.84625e+23	9.50e-01	5.04e-02	3.07e-05	1.36e-07	0.00e+00	0.00e+00	0.00e+00	0.00e+00	0.00e+00	9.50e-01	4.07e-08	2.05e-08
 1.84827e+23	9.50e-01	4.96e-02	3.05e-05	1.33e-07	0.00e+00	0.00e+00	0.00e+00	0.00e+00	0.00e+00	9.50e-01	4.07e-08	2.05e-08
 1.85010e+23	9.51e-01	4.88e-02	3.03e-05	1.31e-07	0.00e+00	0.00e+00	0.00e+00	0.00e+00	0.00e+00	9.51e-01	4.07e-08	2.04e-08
 1.85177e+23	9.52e-01	4.81e-02	3.02e-05	1.28e-07	0.00e+00	0.00e+00	0.00e+00	0.00e+00	0.00e+00	9.52e-01	4.06e-08	2.03e-08
 1.85329e+23	9.53e-01	4.74e-02	3.01e-05	1.26e-07	0.00e+00	0.00e+00	0.00e+00	0.00e+00	0.00e+00	9.53e-01	4.06e-08	2.03e-08
 1.85467e+23	9.53e-01	4.68e-02	3.00e-05	1.24e-07	0.00e+00	0.00e+00	0.00e+00	0.00e+00	0.00e+00	9.53e-01	4.05e-08	2.02e-08
 1.85592e+23	9.54e-01	4.63e-02	2.99e-05	0.00e+00	0.00e+00	0.00e+00	0.00e+00	0.00e+00	0.00e+00	9.54e-01	4.05e-08	2.02e-08
 1.85707e+23	9.54e-01	4.58e-02	2.98e-05	0.00e+00	0.00e+00	0.00e+00	0.00e+00	0.00e+00	0.00e+00	9.54e-01	4.04e-08	2.01e-08
 1.85832e+23	9.55e-01	4.52e-02	2.96e-05	0.00e+00	0.00e+00	0.00e+00	0.00e+00	0.00e+00	0.00e+00	9.55e-01	4.02e-08	2.00e-08
 1.85967e+23	9.55e-01	4.45e-02	2.95e-05	0.00e+00	0.00e+00	0.00e+00	0.00e+00	0.00e+00	0.00e+00	9.55e-01	4.00e-08	2.00e-08
 1.86090e+23	9.56e-01	4.40e-02	2.94e-05	0.00e+00	0.00e+00	0.00e+00	0.00e+00	0.00e+00	0.00e+00	9.56e-01	3.99e-08	1.99e-08
 1.86225e+23	9.57e-01	4.33e-02	2.92e-05	0.00e+00	0.00e+00	0.00e+00	0.00e+00	0.00e+00	0.00e+00	9.57e-01	3.97e-08	1.99e-08
 1.86371e+23	9.57e-01	4.26e-02	2.91e-05	0.00e+00	0.00e+00	0.00e+00	0.00e+00	0.00e+00	0.00e+00	9.57e-01	3.96e-08	1.98e-08
 1.86504e+23	9.58e-01	4.20e-02	2.89e-05	0.00e+00	0.00e+00	0.00e+00	0.00e+00	0.00e+00	0.00e+00	9.58e-01	3.94e-08	1.97e-08
 1.86624e+23	9.58e-01	4.16e-02	2.88e-05	0.00e+00	0.00e+00	0.00e+00	0.00e+00	0.00e+00	0.00e+00	9.58e-01	3.93e-08	1.97e-08
 1.86756e+23	9.59e-01	4.09e-02	2.86e-05	0.00e+00	0.00e+00	0.00e+00	0.00e+00	0.00e+00	0.00e+00	9.59e-01	3.92e-08	1.96e-08
 1.86899e+23	9.60e-01	4.03e-02	2.84e-05	0.00e+00	0.00e+00	0.00e+00	0.00e+00	0.00e+00	0.00e+00	9.60e-01	3.90e-08	1.96e-08
 1.87029e+23	9.60e-01	3.98e-02	2.83e-05	0.00e+00	0.00e+00	0.00e+00	0.00e+00	0.00e+00	0.00e+00	9.60e-01	3.89e-08	1.95e-08
 1.87171e+23	9.61e-01	3.92e-02	2.81e-05	0.00e+00	0.00e+00	0.00e+00	0.00e+00	0.00e+00	0.00e+00	9.61e-01	3.89e-08	1.95e-08
 1.87325e+23	9.61e-01	3.85e-02	2.79e-05	0.00e+00	0.00e+00	0.00e+00	0.00e+00	0.00e+00	0.00e+00	9.61e-01	3.88e-08	1.95e-08
 1.87465e+23	9.62e-01	3.80e-02	2.77e-05	0.00e+00	0.00e+00	0.00e+00	0.00e+00	0.00e+00	0.00e+00	9.62e-01	3.86e-08	1.94e-08
 1.87592e+23	9.62e-01	3.77e-02	2.75e-05	0.00e+00	0.00e+00	0.00e+00	0.00e+00	0.00e+00	0.00e+00	9.62e-01	3.86e-08	1.94e-08
 1.87731e+23	9.63e-01	3.71e-02	2.73e-05	0.00e+00	0.00e+00	0.00e+00	0.00e+00	0.00e+00	0.00e+00	9.63e-01	3.86e-08	1.94e-08
 1.87882e+23	9.63e-01	3.65e-02	2.71e-05	0.00e+00	0.00e+00	0.00e+00	0.00e+00	0.00e+00	0.00e+00	9.63e-01	3.85e-08	1.93e-08
 1.88019e+23	9.64e-01	3.61e-02	2.69e-05	0.00e+00	0.00e+00	0.00e+00	0.00e+00	0.00e+00	0.00e+00	9.64e-01	3.84e-08	1.93e-08
 1.88169e+23	9.64e-01	3.55e-02	2.67e-05	0.00e+00	0.00e+00	0.00e+00	0.00e+00	0.00e+00	0.00e+00	9.64e-01	3.84e-08	1.93e-08
 1.88331e+23	9.65e-01	3.49e-02	2.64e-05	0.00e+00	0.00e+00	0.00e+00	0.00e+00	0.00e+00	0.00e+00	9.65e-01	3.83e-08	1.92e-08
 1.88478e+23	9.66e-01	3.44e-02	2.62e-05	0.00e+00	0.00e+00	0.00e+00	0.00e+00	0.00e+00	0.00e+00	9.66e-01	3.82e-08	1.92e-08
 1.88640e+23	9.66e-01	3.38e-02	2.59e-05	0.00e+00	0.00e+00	0.00e+00	0.00e+00	0.00e+00	0.00e+00	9.66e-01	3.82e-08	1.91e-08
 1.88814e+23	9.67e-01	3.32e-02	2.57e-05	0.00e+00	0.00e+00	0.00e+00	0.00e+00	0.00e+00	0.00e+00	9.67e-01	3.81e-08	1.91e-08
 1.88973e+23	9.67e-01	3.27e-02	2.54e-05	0.00e+00	0.00e+00	0.00e+00	0.00e+00	0.00e+00	0.00e+00	9.67e-01	3.80e-08	1.90e-08
 1.89117e+23	9.68e-01	3.22e-02	2.52e-05	0.00e+00	0.00e+00	0.00e+00	0.00e+00	0.00e+00	0.00e+00	9.68e-01	3.79e-08	1.90e-08
 1.89249e+23	9.68e-01	3.18e-02	2.49e-05	0.00e+00	0.00e+00	0.00e+00	0.00e+00	0.00e+00	0.00e+00	9.68e-01	3.79e-08	1.89e-08
 1.89368e+23	9.69e-01	3.14e-02	2.47e-05	0.00e+00	0.00e+00	0.00e+00	0.00e+00	0.00e+00	0.00e+00	9.69e-01	3.78e-08	1.89e-08
 1.89499e+23	9.69e-01	3.10e-02	2.45e-05	0.00e+00	0.00e+00	0.00e+00	0.00e+00	0.00e+00	0.00e+00	9.69e-01	3.77e-08	1.88e-08
 1.89641e+23	9.70e-01	3.04e-02	2.42e-05	0.00e+00	0.00e+00	0.00e+00	0.00e+00	0.00e+00	0.00e+00	9.70e-01	3.77e-08	1.88e-08
 1.89770e+23	9.70e-01	3.01e-02	2.40e-05	0.00e+00	0.00e+00	0.00e+00	0.00e+00	0.00e+00	0.00e+00	9.70e-01	3.76e-08	1.87e-08
 1.89911e+23	9.70e-01	2.96e-02	2.38e-05	0.00e+00	0.00e+00	0.00e+00	0.00e+00	0.00e+00	0.00e+00	9.70e-01	3.75e-08	1.87e-08
 1.90063e+23	9.71e-01	2.90e-02	2.35e-05	0.00e+00	0.00e+00	0.00e+00	0.00e+00	0.00e+00	0.00e+00	9.71e-01	3.75e-08	1.86e-08
 1.90202e+23	9.71e-01	2.86e-02	2.33e-05	0.00e+00	0.00e+00	0.00e+00	0.00e+00	0.00e+00	0.00e+00	9.71e-01	3.74e-08	1.86e-08
 1.90328e+23	9.72e-01	2.83e-02	2.31e-05	0.00e+00	0.00e+00	0.00e+00	0.00e+00	0.00e+00	0.00e+00	9.72e-01	3.73e-08	1.85e-08
 1.90442e+23	9.72e-01	2.80e-02	2.29e-05	0.00e+00	0.00e+00	0.00e+00	0.00e+00	0.00e+00	0.00e+00	9.72e-01	3.73e-08	1.85e-08
 1.90568e+23	9.72e-01	2.76e-02	2.27e-05	0.00e+00	0.00e+00	0.00e+00	0.00e+00	0.00e+00	0.00e+00	9.72e-01	3.73e-08	1.84e-08
 1.90732e+23	9.73e-01	2.70e-02	2.24e-05	0.00e+00	0.00e+00	0.00e+00	0.00e+00	0.00e+00	0.00e+00	9.73e-01	3.72e-08	1.84e-08
 1.90908e+23	9.74e-01	2.64e-02	2.22e-05	0.00e+00	0.00e+00	0.00e+00	0.00e+00	0.00e+00	0.00e+00	9.74e-01	3.71e-08	1.83e-08
 1.91069e+23	9.74e-01	2.60e-02	2.19e-05	0.00e+00	0.00e+00	0.00e+00	0.00e+00	0.00e+00	0.00e+00	9.74e-01	3.70e-08	1.82e-08
 1.91215e+23	9.74e-01	2.56e-02	2.17e-05	0.00e+00	0.00e+00	0.00e+00	0.00e+00	0.00e+00	0.00e+00	9.74e-01	3.70e-08	1.82e-08
 1.91348e+23	9.75e-01	2.53e-02	2.16e-05	0.00e+00	0.00e+00	0.00e+00	0.00e+00	0.00e+00	0.00e+00	9.75e-01	3.69e-08	1.81e-08
 1.91494e+23	9.75e-01	2.49e-02	2.13e-05	0.00e+00	0.00e+00	0.00e+00	0.00e+00	0.00e+00	0.00e+00	9.75e-01	3.66e-08	1.80e-08
 1.91651e+23	9.75e-01	2.45e-02	2.11e-05	0.00e+00	0.00e+00	0.00e+00	0.00e+00	0.00e+00	0.00e+00	9.75e-01	3.63e-08	1.78e-08
 1.91794e+23	9.76e-01	2.42e-02	2.10e-05	0.00e+00	0.00e+00	0.00e+00	0.00e+00	0.00e+00	0.00e+00	9.76e-01	3.60e-08	1.76e-08
 1.91925e+23	9.76e-01	2.40e-02	2.08e-05	0.00e+00	0.00e+00	0.00e+00	0.00e+00	0.00e+00	0.00e+00	9.76e-01	3.59e-08	1.76e-08
 1.92067e+23	9.76e-01	2.36e-02	2.06e-05	0.00e+00	0.00e+00	0.00e+00	0.00e+00	0.00e+00	0.00e+00	9.76e-01	3.56e-08	1.75e-08
 1.92222e+23	9.77e-01	2.32e-02	2.04e-05	0.00e+00	0.00e+00	0.00e+00	0.00e+00	0.00e+00	0.00e+00	9.77e-01	3.53e-08	1.73e-08
 1.92362e+23	9.77e-01	2.29e-02	2.03e-05	0.00e+00	0.00e+00	0.00e+00	0.00e+00	0.00e+00	0.00e+00	9.77e-01	3.52e-08	1.72e-08
 1.92516e+23	9.77e-01	2.26e-02	2.01e-05	0.00e+00	0.00e+00	0.00e+00	0.00e+00	0.00e+00	0.00e+00	9.77e-01	3.48e-08	1.70e-08
 1.92682e+23	9.78e-01	2.22e-02	1.99e-05	0.00e+00	0.00e+00	0.00e+00	0.00e+00	0.00e+00	0.00e+00	9.78e-01	3.46e-08	1.68e-08
 1.92833e+23	9.78e-01	2.18e-02	1.97e-05	0.00e+00	0.00e+00	0.00e+00	0.00e+00	0.00e+00	0.00e+00	9.78e-01	3.43e-08	1.66e-08
 1.92970e+23	9.78e-01	2.16e-02	1.96e-05	0.00e+00	0.00e+00	0.00e+00	0.00e+00	0.00e+00	0.00e+00	9.78e-01	3.42e-08	1.65e-08
 1.93121e+23	9.79e-01	2.13e-02	1.94e-05	0.00e+00	0.00e+00	0.00e+00	0.00e+00	0.00e+00	0.00e+00	9.79e-01	3.39e-08	1.64e-08
 1.93283e+23	9.79e-01	2.09e-02	1.92e-05	0.00e+00	0.00e+00	0.00e+00	0.00e+00	0.00e+00	0.00e+00	9.79e-01	3.37e-08	1.62e-08
 1.93431e+23	9.79e-01	2.07e-02	1.90e-05	0.00e+00	0.00e+00	0.00e+00	0.00e+00	0.00e+00	0.00e+00	9.79e-01	3.35e-08	1.61e-08
 1.93593e+23	9.80e-01	2.03e-02	1.88e-05	0.00e+00	0.00e+00	0.00e+00	0.00e+00	0.00e+00	0.00e+00	9.80e-01	3.32e-08	1.59e-08
 1.93768e+23	9.80e-01	1.99e-02	1.87e-05	0.00e+00	0.00e+00	0.00e+00	0.00e+00	0.00e+00	0.00e+00	9.80e-01	3.29e-08	1.57e-08
 1.93928e+23	9.80e-01	1.96e-02	1.85e-05	0.00e+00	0.00e+00	0.00e+00	0.00e+00	0.00e+00	0.00e+00	9.80e-01	3.27e-08	1.55e-08
 1.94072e+23	9.81e-01	1.95e-02	1.84e-05	0.00e+00	0.00e+00	0.00e+00	0.00e+00	0.00e+00	0.00e+00	9.81e-01	3.26e-08	1.54e-08
 1.94231e+23	9.81e-01	1.91e-02	1.82e-05	0.00e+00	0.00e+00	0.00e+00	0.00e+00	0.00e+00	0.00e+00	9.81e-01	3.23e-08	1.53e-08
 1.94403e+23	9.81e-01	1.88e-02	1.80e-05	0.00e+00	0.00e+00	0.00e+00	0.00e+00	0.00e+00	0.00e+00	9.81e-01	3.20e-08	1.51e-08
 1.94559e+23	9.81e-01	1.86e-02	1.79e-05	0.00e+00	0.00e+00	0.00e+00	0.00e+00	0.00e+00	0.00e+00	9.81e-01	3.18e-08	1.50e-08
 1.94730e+23	9.82e-01	1.82e-02	1.77e-05	0.00e+00	0.00e+00	0.00e+00	0.00e+00	0.00e+00	0.00e+00	9.82e-01	3.15e-08	1.47e-08
 1.94914e+23	9.82e-01	1.79e-02	1.75e-05	0.00e+00	0.00e+00	0.00e+00	0.00e+00	0.00e+00	0.00e+00	9.82e-01	3.12e-08	1.46e-08
 1.95082e+23	9.82e-01	1.77e-02	1.74e-05	0.00e+00	0.00e+00	0.00e+00	0.00e+00	0.00e+00	0.00e+00	9.82e-01	3.10e-08	1.44e-08
 1.95266e+23	9.83e-01	1.73e-02	1.72e-05	0.00e+00	0.00e+00	0.00e+00	0.00e+00	0.00e+00	0.00e+00	9.83e-01	3.06e-08	1.42e-08
 1.95465e+23	9.83e-01	1.70e-02	1.70e-05	0.00e+00	0.00e+00	0.00e+00	0.00e+00	0.00e+00	0.00e+00	9.83e-01	3.03e-08	1.40e-08
 1.95646e+23	9.83e-01	1.67e-02	1.68e-05	0.00e+00	0.00e+00	0.00e+00	0.00e+00	0.00e+00	0.00e+00	9.83e-01	3.01e-08	1.39e-08
 1.95844e+23	9.84e-01	1.64e-02	1.66e-05	0.00e+00	0.00e+00	0.00e+00	0.00e+00	0.00e+00	0.00e+00	9.84e-01	2.97e-08	1.36e-08
 1.96058e+23	9.84e-01	1.60e-02	1.65e-05	0.00e+00	0.00e+00	0.00e+00	0.00e+00	0.00e+00	0.00e+00	9.84e-01	2.93e-08	1.34e-08
 1.96253e+23	9.84e-01	1.58e-02	1.63e-05	0.00e+00	0.00e+00	0.00e+00	0.00e+00	0.00e+00	0.00e+00	9.84e-01	2.92e-08	1.32e-08
 1.96466e+23	9.85e-01	1.55e-02	1.61e-05	0.00e+00	0.00e+00	0.00e+00	0.00e+00	0.00e+00	0.00e+00	9.85e-01	2.87e-08	1.30e-08
 1.96696e+23	9.85e-01	1.51e-02	1.59e-05	0.00e+00	0.00e+00	0.00e+00	0.00e+00	0.00e+00	0.00e+00	9.85e-01	2.84e-08	1.28e-08
 1.96906e+23	9.85e-01	1.48e-02	1.58e-05	0.00e+00	0.00e+00	0.00e+00	0.00e+00	0.00e+00	0.00e+00	9.85e-01	2.81e-08	1.26e-08
 1.97096e+23	9.85e-01	1.46e-02	1.56e-05	0.00e+00	0.00e+00	0.00e+00	0.00e+00	0.00e+00	0.00e+00	9.85e-01	2.79e-08	1.25e-08
 1.97305e+23	9.86e-01	1.43e-02	1.55e-05	0.00e+00	0.00e+00	0.00e+00	0.00e+00	0.00e+00	0.00e+00	9.86e-01	2.75e-08	1.22e-08
 1.97531e+23	9.86e-01	1.40e-02	1.53e-05	0.00e+00	0.00e+00	0.00e+00	0.00e+00	0.00e+00	0.00e+00	9.86e-01	2.72e-08	1.20e-08
 1.97736e+23	9.86e-01	1.38e-02	1.51e-05	0.00e+00	0.00e+00	0.00e+00	0.00e+00	0.00e+00	0.00e+00	9.86e-01	2.71e-08	1.19e-08
 1.97961e+23	9.86e-01	1.35e-02	1.50e-05	0.00e+00	0.00e+00	0.00e+00	0.00e+00	0.00e+00	0.00e+00	9.86e-01	2.67e-08	1.17e-08
 1.98204e+23	9.87e-01	1.32e-02	1.48e-05	0.00e+00	0.00e+00	0.00e+00	0.00e+00	0.00e+00	0.00e+00	9.87e-01	2.64e-08	1.15e-08
 1.98425e+23	9.87e-01	1.30e-02	1.46e-05	0.00e+00	0.00e+00	0.00e+00	0.00e+00	0.00e+00	0.00e+00	9.87e-01	2.63e-08	1.14e-08
 1.98667e+23	9.87e-01	1.27e-02	1.45e-05	0.00e+00	0.00e+00	0.00e+00	0.00e+00	0.00e+00	0.00e+00	9.87e-01	2.59e-08	1.12e-08
 1.98929e+23	9.88e-01	1.23e-02	1.43e-05	0.00e+00	0.00e+00	0.00e+00	0.00e+00	0.00e+00	0.00e+00	9.88e-01	2.55e-08	1.09e-08
 1.99166e+23	9.88e-01	1.22e-02	1.41e-05	0.00e+00	0.00e+00	0.00e+00	0.00e+00	0.00e+00	0.00e+00	9.88e-01	2.54e-08	1.08e-08
 1.99427e+23	9.88e-01	1.19e-02	1.39e-05	0.00e+00	0.00e+00	0.00e+00	0.00e+00	0.00e+00	0.00e+00	9.88e-01	2.51e-08	1.05e-08
 1.99709e+23	9.88e-01	1.16e-02	1.38e-05	0.00e+00	0.00e+00	0.00e+00	0.00e+00	0.00e+00	0.00e+00	9.88e-01	2.48e-08	1.03e-08
 1.99965e+23	9.89e-01	1.13e-02	1.36e-05	0.00e+00	0.00e+00	0.00e+00	0.00e+00	0.00e+00	0.00e+00	9.89e-01	2.45e-08	1.02e-08
 2.00198e+23	9.89e-01	1.11e-02	1.35e-05	0.00e+00	0.00e+00	0.00e+00	0.00e+00	0.00e+00	0.00e+00	9.89e-01	2.43e-08	1.00e-08
 2.00453e+23	9.89e-01	1.09e-02	1.33e-05	0.00e+00	0.00e+00	0.00e+00	0.00e+00	0.00e+00	0.00e+00	9.89e-01	2.40e-08	9.80e-09
 2.00729e+23	9.89e-01	1.06e-02	1.31e-05	0.00e+00	0.00e+00	0.00e+00	0.00e+00	0.00e+00	0.00e+00	9.89e-01	2.36e-08	9.58e-09
 2.00980e+23	9.90e-01	1.04e-02	1.30e-05	0.00e+00	0.00e+00	0.00e+00	0.00e+00	0.00e+00	0.00e+00	9.90e-01	2.34e-08	9.46e-09
 2.01255e+23	9.90e-01	1.02e-02	1.28e-05	0.00e+00	0.00e+00	0.00e+00	0.00e+00	0.00e+00	0.00e+00	9.90e-01	2.31e-08	9.26e-09
 2.01552e+23	9.90e-01	9.89e-03	1.27e-05	0.00e+00	0.00e+00	0.00e+00	0.00e+00	0.00e+00	0.00e+00	9.90e-01	2.27e-08	9.03e-09
 2.01822e+23	9.90e-01	9.71e-03	1.25e-05	0.00e+00	0.00e+00	0.00e+00	0.00e+00	0.00e+00	0.00e+00	9.90e-01	2.26e-08	8.92e-09
 2.02118e+23	9.91e-01	9.45e-03	1.23e-05	0.00e+00	0.00e+00	0.00e+00	0.00e+00	0.00e+00	0.00e+00	9.91e-01	2.22e-08	8.71e-09
 2.02437e+23	9.91e-01	9.18e-03	1.22e-05	0.00e+00	0.00e+00	0.00e+00	0.00e+00	0.00e+00	0.00e+00	9.91e-01	2.19e-08	8.49e-09
 2.02728e+23	9.91e-01	9.01e-03	1.20e-05	0.00e+00	0.00e+00	0.00e+00	0.00e+00	0.00e+00	0.00e+00	9.91e-01	2.17e-08	8.37e-09
 2.03047e+23	9.91e-01	8.75e-03	1.18e-05	0.00e+00	0.00e+00	0.00e+00	0.00e+00	0.00e+00	0.00e+00	9.91e-01	2.14e-08	8.16e-09
 2.03391e+23	9.91e-01	8.52e-03	1.17e-05	0.00e+00	0.00e+00	0.00e+00	0.00e+00	0.00e+00	0.00e+00	9.91e-01	2.11e-08	7.99e-09
 2.03704e+23	9.92e-01	8.31e-03	1.15e-05	0.00e+00	0.00e+00	0.00e+00	0.00e+00	0.00e+00	0.00e+00	9.92e-01	2.09e-08	7.83e-09
 2.03988e+23	9.92e-01	8.14e-03	1.14e-05	0.00e+00	0.00e+00	0.00e+00	0.00e+00	0.00e+00	0.00e+00	9.92e-01	2.07e-08	7.69e-09
 2.04301e+23	9.92e-01	7.92e-03	1.12e-05	0.00e+00	0.00e+00	0.00e+00	0.00e+00	0.00e+00	0.00e+00	9.92e-01	2.04e-08	7.50e-09
 2.04638e+23	9.92e-01	7.69e-03	1.11e-05	0.00e+00	0.00e+00	0.00e+00	0.00e+00	0.00e+00	0.00e+00	9.92e-01	2.01e-08	7.31e-09
 2.04944e+23	9.92e-01	7.54e-03	1.09e-05	0.00e+00	0.00e+00	0.00e+00	0.00e+00	0.00e+00	0.00e+00	9.92e-01	1.99e-08	7.20e-09
 2.05280e+23	9.93e-01	7.33e-03	1.08e-05	0.00e+00	0.00e+00	0.00e+00	0.00e+00	0.00e+00	0.00e+00	9.93e-01	1.97e-08	7.02e-09
 2.05643e+23	9.93e-01	7.12e-03	1.06e-05	0.00e+00	0.00e+00	0.00e+00	0.00e+00	0.00e+00	0.00e+00	9.93e-01	1.94e-08	6.86e-09
 2.05973e+23	9.93e-01	6.94e-03	1.05e-05	0.00e+00	0.00e+00	0.00e+00	0.00e+00	0.00e+00	0.00e+00	9.93e-01	1.92e-08	6.71e-09
 2.06274e+23	9.93e-01	6.79e-03	1.03e-05	0.00e+00	0.00e+00	0.00e+00	0.00e+00	0.00e+00	0.00e+00	9.93e-01	1.90e-08	6.58e-09
 2.06603e+23	9.93e-01	6.61e-03	1.02e-05	0.00e+00	0.00e+00	0.00e+00	0.00e+00	0.00e+00	0.00e+00	9.93e-01	1.88e-08	6.42e-09
 2.06958e+23	9.94e-01	6.43e-03	1.00e-05	0.00e+00	0.00e+00	0.00e+00	0.00e+00	0.00e+00	0.00e+00	9.94e-01	1.85e-08	6.26e-09
 2.07282e+23	9.94e-01	6.28e-03	9.91e-06	0.00e+00	0.00e+00	0.00e+00	0.00e+00	0.00e+00	0.00e+00	9.94e-01	1.84e-08	6.13e-09
 2.07636e+23	9.94e-01	6.10e-03	9.75e-06	0.00e+00	0.00e+00	0.00e+00	0.00e+00	0.00e+00	0.00e+00	9.94e-01	1.81e-08	5.97e-09
 2.08018e+23	9.94e-01	5.93e-03	9.61e-06	0.00e+00	0.00e+00	0.00e+00	0.00e+00	0.00e+00	0.00e+00	9.94e-01	1.78e-08	5.81e-09
 2.08367e+23	9.94e-01	5.78e-03	9.48e-06	0.00e+00	0.00e+00	0.00e+00	0.00e+00	0.00e+00	0.00e+00	9.94e-01	1.77e-08	5.68e-09
 2.08748e+23	9.94e-01	5.60e-03	9.32e-06	0.00e+00	0.00e+00	0.00e+00	0.00e+00	0.00e+00	0.00e+00	9.94e-01	1.74e-08	5.51e-09
 2.09160e+23	9.95e-01	5.44e-03	9.17e-06	0.00e+00	0.00e+00	0.00e+00	0.00e+00	0.00e+00	0.00e+00	9.95e-01	1.72e-08	5.37e-09
 2.09535e+23	9.95e-01	5.29e-03	9.04e-06	0.00e+00	0.00e+00	0.00e+00	0.00e+00	0.00e+00	0.00e+00	9.95e-01	1.70e-08	5.22e-09
 2.09876e+23	9.95e-01	5.16e-03	8.92e-06	0.00e+00	0.00e+00	0.00e+00	0.00e+00	0.00e+00	0.00e+00	9.95e-01	1.68e-08	5.11e-09
 2.10250e+23	9.95e-01	5.01e-03	8.77e-06	0.00e+00	0.00e+00	0.00e+00	0.00e+00	0.00e+00	0.00e+00	9.95e-01	1.66e-08	4.96e-09
 2.10653e+23	9.95e-01	4.85e-03	8.64e-06	0.00e+00	0.00e+00	0.00e+00	0.00e+00	0.00e+00	0.00e+00	9.95e-01	1.63e-08	4.81e-09
 2.11095e+23	9.95e-01	4.52e-03	8.46e-06	0.00e+00	0.00e+00	0.00e+00	0.00e+00	0.00e+00	0.00e+00	9.95e-01	1.60e-08	4.63e-09
 2.11637e+23	9.96e-01	4.18e-03	8.27e-06	0.00e+00	0.00e+00	0.00e+00	0.00e+00	0.00e+00	0.00e+00	9.96e-01	1.57e-08	4.42e-09
 2.12221e+23	9.96e-01	3.94e-03	8.08e-06	0.00e+00	0.00e+00	0.00e+00	0.00e+00	0.00e+00	0.00e+00	9.96e-01	1.53e-08	4.22e-09
 2.12806e+23	9.96e-01	3.72e-03	7.89e-06	0.00e+00	0.00e+00	0.00e+00	0.00e+00	0.00e+00	0.00e+00	9.96e-01	1.50e-08	4.02e-09
 2.13398e+23	9.96e-01	3.50e-03	7.71e-06	0.00e+00	0.00e+00	0.00e+00	0.00e+00	0.00e+00	0.00e+00	9.96e-01	1.47e-08	3.83e-09
 2.13998e+23	9.97e-01	3.29e-03	7.52e-06	0.00e+00	0.00e+00	0.00e+00	0.00e+00	0.00e+00	0.00e+00	9.97e-01	1.44e-08	3.64e-09
 2.14604e+23	9.97e-01	3.09e-03	7.35e-06	0.00e+00	0.00e+00	0.00e+00	0.00e+00	0.00e+00	0.00e+00	9.97e-01	1.41e-08	3.46e-09
 2.15216e+23	9.97e-01	2.90e-03	7.17e-06	0.00e+00	0.00e+00	0.00e+00	0.00e+00	0.00e+00	0.00e+00	9.97e-01	1.38e-08	3.28e-09
 2.15832e+23	9.97e-01	2.71e-03	7.00e-06	0.00e+00	0.00e+00	0.00e+00	0.00e+00	0.00e+00	0.00e+00	9.97e-01	1.35e-08	3.11e-09
 2.16455e+23	9.97e-01	2.54e-03	6.83e-06	0.00e+00	0.00e+00	0.00e+00	0.00e+00	0.00e+00	0.00e+00	9.97e-01	1.32e-08	2.94e-09
 2.17085e+23	9.98e-01	2.37e-03	6.66e-06	0.00e+00	0.00e+00	0.00e+00	0.00e+00	0.00e+00	0.00e+00	9.98e-01	1.28e-08	2.78e-09
 2.17721e+23	9.98e-01	2.21e-03	6.50e-06	0.00e+00	0.00e+00	0.00e+00	0.00e+00	0.00e+00	0.00e+00	9.98e-01	1.25e-08	2.63e-09
 2.18363e+23	9.98e-01	2.05e-03	6.33e-06	0.00e+00	0.00e+00	0.00e+00	0.00e+00	0.00e+00	0.00e+00	9.98e-01	1.22e-08	2.48e-09
 2.19009e+23	9.98e-01	1.90e-03	6.17e-06	0.00e+00	0.00e+00	0.00e+00	0.00e+00	0.00e+00	0.00e+00	9.98e-01	1.19e-08	2.34e-09
 2.19661e+23	9.98e-01	1.76e-03	6.02e-06	0.00e+00	0.00e+00	0.00e+00	0.00e+00	0.00e+00	0.00e+00	9.98e-01	1.15e-08	2.20e-09
 2.20318e+23	9.98e-01	1.63e-03	5.87e-06	0.00e+00	0.00e+00	0.00e+00	0.00e+00	0.00e+00	0.00e+00	9.98e-01	1.12e-08	2.06e-09
 2.20980e+23	9.98e-01	1.51e-03	5.72e-06	0.00e+00	0.00e+00	0.00e+00	0.00e+00	0.00e+00	0.00e+00	9.98e-01	1.09e-08	1.93e-09
 2.21646e+23	9.99e-01	1.39e-03	5.57e-06	0.00e+00	0.00e+00	0.00e+00	0.00e+00	0.00e+00	0.00e+00	9.99e-01	1.06e-08	1.81e-09
 2.22317e+23	9.99e-01	1.28e-03	5.43e-06	0.00e+00	0.00e+00	0.00e+00	0.00e+00	0.00e+00	0.00e+00	9.99e-01	1.02e-08	1.69e-09
 2.22994e+23	9.99e-01	1.17e-03	5.28e-06	0.00e+00	0.00e+00	0.00e+00	0.00e+00	0.00e+00	0.00e+00	9.99e-01	9.90e-09	1.57e-09
 2.23675e+23	9.99e-01	1.07e-03	5.14e-06	0.00e+00	0.00e+00	0.00e+00	0.00e+00	0.00e+00	0.00e+00	9.99e-01	9.58e-09	1.46e-09
 2.24362e+23	9.99e-01	9.83e-04	5.01e-06	0.00e+00	0.00e+00	0.00e+00	0.00e+00	0.00e+00	0.00e+00	9.99e-01	9.25e-09	1.35e-09
 2.25053e+23	9.99e-01	8.96e-04	4.88e-06	0.00e+00	0.00e+00	0.00e+00	0.00e+00	0.00e+00	0.00e+00	9.99e-01	8.93e-09	1.25e-09
 2.25750e+23	9.99e-01	8.17e-04	4.74e-06	0.00e+00	0.00e+00	0.00e+00	0.00e+00	0.00e+00	0.00e+00	9.99e-01	8.62e-09	1.15e-09
 2.26455e+23	9.99e-01	7.43e-04	4.62e-06	0.00e+00	0.00e+00	0.00e+00	0.00e+00	0.00e+00	0.00e+00	9.99e-01	8.30e-09	1.06e-09
 2.27177e+23	9.99e-01	6.73e-04	4.49e-06	0.00e+00	0.00e+00	0.00e+00	0.00e+00	0.00e+00	0.00e+00	9.99e-01	7.98e-09	9.76e-10
 2.27911e+23	9.99e-01	6.08e-04	4.36e-06	0.00e+00	0.00e+00	0.00e+00	0.00e+00	0.00e+00	0.00e+00	9.99e-01	7.68e-09	8.93e-10
 2.28652e+23	9.99e-01	5.48e-04	4.23e-06	0.00e+00	0.00e+00	0.00e+00	0.00e+00	0.00e+00	0.00e+00	9.99e-01	7.37e-09	8.15e-10
 2.29402e+23	1.00e+00	4.93e-04	4.11e-06	0.00e+00	0.00e+00	0.00e+00	0.00e+00	0.00e+00	0.00e+00	1.00e+00	7.07e-09	7.42e-10
 2.30159e+23	1.00e+00	4.42e-04	3.99e-06	0.00e+00	0.00e+00	0.00e+00	0.00e+00	0.00e+00	0.00e+00	1.00e+00	6.77e-09	6.74e-10
 2.30925e+23	1.00e+00	3.96e-04	3.87e-06	0.00e+00	0.00e+00	0.00e+00	0.00e+00	0.00e+00	0.00e+00	1.00e+00	6.47e-09	6.10e-10
 2.31699e+23	1.00e+00	3.54e-04	3.76e-06	0.00e+00	0.00e+00	0.00e+00	0.00e+00	0.00e+00	0.00e+00	1.00e+00	6.18e-09	5.51e-10
 2.32486e+23	1.00e+00	3.15e-04	3.64e-06	0.00e+00	0.00e+00	0.00e+00	0.00e+00	0.00e+00	0.00e+00	1.00e+00	5.90e-09	4.96e-10
 2.33285e+23	1.00e+00	2.80e-04	3.53e-06	0.00e+00	0.00e+00	0.00e+00	0.00e+00	0.00e+00	0.00e+00	1.00e+00	5.63e-09	4.46e-10
 2.34101e+23	1.00e+00	2.48e-04	3.42e-06	0.00e+00	0.00e+00	0.00e+00	0.00e+00	0.00e+00	0.00e+00	1.00e+00	5.37e-09	4.00e-10
 2.34938e+23	1.00e+00	2.19e-04	3.31e-06	0.00e+00	0.00e+00	0.00e+00	0.00e+00	0.00e+00	0.00e+00	1.00e+00	5.11e-09	3.57e-10
 2.35792e+23	1.00e+00	1.92e-04	3.20e-06	0.00e+00	0.00e+00	0.00e+00	0.00e+00	0.00e+00	0.00e+00	1.00e+00	4.86e-09	3.18e-10
 2.36661e+23	1.00e+00	1.69e-04	3.09e-06	0.00e+00	0.00e+00	0.00e+00	0.00e+00	0.00e+00	0.00e+00	1.00e+00	4.62e-09	2.82e-10
 2.37546e+23	1.00e+00	1.47e-04	2.99e-06	0.00e+00	0.00e+00	0.00e+00	0.00e+00	0.00e+00	0.00e+00	1.00e+00	4.39e-09	2.49e-10
 2.38446e+23	1.00e+00	1.29e-04	2.88e-06	0.00e+00	0.00e+00	0.00e+00	0.00e+00	0.00e+00	0.00e+00	1.00e+00	4.16e-09	2.20e-10
