#depth	O	O+	O+2	O+3	O+4	O+5	O+6	O+7	O+8	O[1]	O[2]	O[3]
 3.22019e+20	1.10e-05	1.00e-02	3.29e-01	5.41e-01	1.06e-01	1.27e-02	1.14e-03	3.24e-06	0.00e+00	1.10e-05	8.63e-14	1.02e-13
 1.84155e+21	1.49e-05	1.22e-02	3.58e-01	5.25e-01	9.42e-02	1.03e-02	8.63e-04	2.18e-06	0.00e+00	1.49e-05	1.24e-13	1.47e-13
 4.32008e+21	2.02e-05	1.47e-02	3.90e-01	5.05e-01	8.22e-02	8.24e-03	6.35e-04	1.41e-06	0.00e+00	2.02e-05	1.78e-13	2.10e-13
 6.91191e+21	2.71e-05	1.76e-02	4.23e-01	4.81e-01	7.11e-02	6.51e-03	4.62e-04	8.97e-07	0.00e+00	2.71e-05	2.54e-13	2.99e-13
 8.94046e+21	3.15e-05	1.92e-02	4.41e-01	4.68e-01	6.55e-02	5.70e-03	3.87e-04	6.99e-07	0.00e+00	3.15e-05	3.04e-13	3.59e-13
 1.05913e+22	3.90e-05	2.20e-02	4.65e-01	4.49e-01	5.87e-02	4.79e-03	3.07e-04	5.04e-07	0.00e+00	3.90e-05	3.96e-13	4.65e-13
 1.22937e+22	4.63e-05	2.44e-02	4.85e-01	4.33e-01	5.34e-02	4.13e-03	2.52e-04	3.82e-07	0.00e+00	4.63e-05	4.89e-13	5.73e-13
 1.40633e+22	5.78e-05	2.80e-02	5.10e-01	4.11e-01	4.72e-02	3.41e-03	1.96e-04	2.69e-07	0.00e+00	5.78e-05	6.43e-13	7.51e-13
 1.58579e+22	6.88e-05	3.11e-02	5.31e-01	3.93e-01	4.24e-02	2.90e-03	1.59e-04	1.99e-07	0.00e+00	6.88e-05	7.99e-13	9.31e-13
 1.72154e+22	7.73e-05	3.34e-02	5.45e-01	3.80e-01	3.94e-02	2.59e-03	1.37e-04	1.62e-07	0.00e+00	7.73e-05	9.26e-13	1.08e-12
 1.79192e+22	7.90e-05	3.38e-02	5.48e-01	3.77e-01	3.86e-02	2.52e-03	1.32e-04	1.54e-07	0.00e+00	7.90e-05	9.54e-13	1.11e-12
 1.81460e+22	8.03e-05	3.41e-02	5.50e-01	3.75e-01	3.82e-02	2.47e-03	1.29e-04	1.49e-07	0.00e+00	8.03e-05	9.73e-13	1.13e-12
 1.83440e+22	8.25e-05	3.47e-02	5.53e-01	3.72e-01	3.75e-02	2.41e-03	1.25e-04	1.42e-07	0.00e+00	8.25e-05	1.01e-12	1.17e-12
 1.86015e+22	8.48e-05	3.52e-02	5.56e-01	3.69e-01	3.69e-02	2.35e-03	1.21e-04	1.36e-07	0.00e+00	8.48e-05	1.04e-12	1.21e-12
 1.89361e+22	8.83e-05	3.61e-02	5.61e-01	3.65e-01	3.60e-02	2.26e-03	1.15e-04	1.27e-07	0.00e+00	8.83e-05	1.10e-12	1.27e-12
 1.93712e+22	9.30e-05	3.73e-02	5.67e-01	3.59e-01	3.48e-02	2.15e-03	1.07e-04	0.00e+00	0.00e+00	9.30e-05	1.17e-12	1.36e-12
 1.99367e+22	9.95e-05	3.89e-02	5.74e-01	3.52e-01	3.33e-02	2.02e-03	9.88e-05	0.00e+00	0.00e+00	9.95e-05	1.28e-12	1.48e-12
 2.06720e+22	1.09e-04	4.10e-02	5.83e-01	3.42e-01	3.15e-02	1.85e-03	8.84e-05	0.00e+00	0.00e+00	1.09e-04	1.43e-12	1.65e-12
 2.16278e+22	1.22e-04	4.40e-02	5.96e-01	3.29e-01	2.91e-02	1.65e-03	7.62e-05	0.00e+00	0.00e+00	1.22e-04	1.66e-12	1.90e-12
 2.28704e+22	1.41e-04	4.81e-02	6.11e-01	3.13e-01	2.63e-02	1.42e-03	6.29e-05	0.00e+00	0.00e+00	1.41e-04	2.00e-12	2.28e-12
 2.41869e+22	1.59e-04	5.16e-02	6.24e-01	2.99e-01	2.40e-02	1.24e-03	5.30e-05	0.00e+00	0.00e+00	1.59e-04	2.34e-12	2.66e-12
 2.55995e+22	1.87e-04	5.69e-02	6.40e-01	2.80e-01	2.13e-02	1.04e-03	4.25e-05	0.00e+00	0.00e+00	1.87e-04	2.89e-12	3.26e-12
 2.70310e+22	2.11e-04	6.10e-02	6.53e-01	2.66e-01	1.93e-02	9.02e-04	3.53e-05	0.00e+00	0.00e+00	2.11e-04	3.41e-12	3.81e-12
 2.84869e+22	2.47e-04	6.70e-02	6.67e-01	2.48e-01	1.70e-02	7.54e-04	2.82e-05	0.00e+00	0.00e+00	2.47e-04	4.20e-12	4.66e-12
 2.99843e+22	2.80e-04	7.21e-02	6.79e-01	2.33e-01	1.52e-02	6.42e-04	2.30e-05	0.00e+00	0.00e+00	2.80e-04	4.99e-12	5.49e-12
 3.15357e+22	3.31e-04	7.96e-02	6.92e-01	2.14e-01	1.32e-02	5.24e-04	1.79e-05	0.00e+00	0.00e+00	3.31e-04	6.27e-12	6.81e-12
 3.30957e+22	3.74e-04	8.53e-02	7.02e-01	2.00e-01	1.17e-02	4.44e-04	1.45e-05	0.00e+00	0.00e+00	3.74e-04	7.43e-12	7.99e-12
 3.46669e+22	4.41e-04	9.40e-02	7.12e-01	1.83e-01	1.01e-02	3.59e-04	1.12e-05	0.00e+00	0.00e+00	4.41e-04	9.35e-12	9.91e-12
 3.62700e+22	4.99e-04	1.01e-01	7.21e-01	1.69e-01	8.87e-03	3.01e-04	8.96e-06	0.00e+00	0.00e+00	4.99e-04	1.12e-11	1.17e-11
 3.79145e+22	5.90e-04	1.11e-01	7.28e-01	1.52e-01	7.54e-03	2.39e-04	6.76e-06	0.00e+00	0.00e+00	5.90e-04	1.42e-11	1.46e-11
 3.95778e+22	6.67e-04	1.19e-01	7.34e-01	1.40e-01	6.58e-03	1.98e-04	5.37e-06	0.00e+00	0.00e+00	6.67e-04	1.69e-11	1.71e-11
 4.12657e+22	7.91e-04	1.31e-01	7.38e-01	1.24e-01	5.53e-03	1.55e-04	4.00e-06	0.00e+00	0.00e+00	7.91e-04	2.16e-11	2.14e-11
 4.29700e+22	8.96e-04	1.41e-01	7.41e-01	1.13e-01	4.77e-03	1.27e-04	3.13e-06	0.00e+00	0.00e+00	8.96e-04	2.60e-11	2.53e-11
 4.46957e+22	1.07e-03	1.56e-01	7.40e-01	9.87e-02	3.96e-03	9.77e-05	2.29e-06	0.00e+00	0.00e+00	1.07e-03	3.35e-11	3.17e-11
 4.64275e+22	1.21e-03	1.67e-01	7.39e-01	8.85e-02	3.39e-03	7.90e-05	1.78e-06	0.00e+00	0.00e+00	1.21e-03	4.05e-11	3.76e-11
 4.81672e+22	1.45e-03	1.86e-01	7.34e-01	7.64e-02	2.79e-03	5.97e-05	1.28e-06	0.00e+00	0.00e+00	1.45e-03	5.27e-11	4.74e-11
 4.99087e+22	1.65e-03	2.00e-01	7.29e-01	6.76e-02	2.37e-03	4.77e-05	9.89e-07	0.00e+00	0.00e+00	1.65e-03	6.40e-11	5.63e-11
 5.16524e+22	2.00e-03	2.22e-01	7.17e-01	5.72e-02	1.93e-03	3.53e-05	7.01e-07	0.00e+00	0.00e+00	2.00e-03	8.43e-11	7.18e-11
 5.33887e+22	2.28e-03	2.39e-01	7.07e-01	5.00e-02	1.63e-03	2.79e-05	5.37e-07	0.00e+00	0.00e+00	2.28e-03	1.03e-10	8.55e-11
 5.51153e+22	2.77e-03	2.66e-01	6.88e-01	4.15e-02	1.31e-03	2.02e-05	3.76e-07	0.00e+00	0.00e+00	2.77e-03	1.36e-10	1.10e-10
 5.68386e+22	3.19e-03	2.88e-01	6.72e-01	3.55e-02	1.10e-03	1.56e-05	2.84e-07	0.00e+00	0.00e+00	3.19e-03	1.68e-10	1.32e-10
 5.85577e+22	3.89e-03	3.21e-01	6.46e-01	2.88e-02	8.85e-04	1.10e-05	1.97e-07	0.00e+00	0.00e+00	3.89e-03	2.23e-10	1.69e-10
 6.02844e+22	4.54e-03	3.48e-01	6.22e-01	2.40e-02	7.35e-04	8.26e-06	1.46e-07	0.00e+00	0.00e+00	4.54e-03	2.78e-10	2.06e-10
 6.20207e+22	5.62e-03	3.89e-01	5.86e-01	1.88e-02	5.78e-04	5.58e-06	0.00e+00	0.00e+00	0.00e+00	5.62e-03	3.75e-10	2.69e-10
 6.37566e+22	6.64e-03	4.22e-01	5.55e-01	1.52e-02	4.76e-04	4.03e-06	0.00e+00	0.00e+00	0.00e+00	6.64e-03	4.71e-10	3.30e-10
 6.54918e+22	8.24e-03	4.69e-01	5.11e-01	1.14e-02	3.71e-04	2.62e-06	0.00e+00	0.00e+00	0.00e+00	8.24e-03	6.34e-10	4.33e-10
 6.72535e+22	9.94e-03	5.10e-01	4.71e-01	8.75e-03	2.98e-04	1.77e-06	0.00e+00	0.00e+00	0.00e+00	9.94e-03	8.13e-10	5.44e-10
 6.87919e+22	1.20e-02	5.52e-01	4.29e-01	6.65e-03	2.40e-04	1.19e-06	0.00e+00	0.00e+00	0.00e+00	1.20e-02	1.04e-09	6.82e-10
 7.02880e+22	1.44e-02	5.94e-01	3.87e-01	4.99e-03	1.93e-04	7.88e-07	0.00e+00	0.00e+00	0.00e+00	1.44e-02	1.31e-09	8.52e-10
 7.16200e+22	1.69e-02	6.29e-01	3.50e-01	3.85e-03	1.60e-04	5.47e-07	0.00e+00	0.00e+00	0.00e+00	1.69e-02	1.61e-09	1.03e-09
 7.29850e+22	2.05e-02	6.71e-01	3.05e-01	2.75e-03	1.25e-04	3.41e-07	0.00e+00	0.00e+00	0.00e+00	2.05e-02	2.06e-09	1.30e-09
 7.43952e+22	2.48e-02	7.09e-01	2.64e-01	1.97e-03	9.91e-05	2.14e-07	0.00e+00	0.00e+00	0.00e+00	2.48e-02	2.60e-09	1.63e-09
 7.56448e+22	2.99e-02	7.42e-01	2.26e-01	1.40e-03	7.82e-05	1.34e-07	0.00e+00	0.00e+00	0.00e+00	2.99e-02	3.26e-09	2.02e-09
 7.68615e+22	3.62e-02	7.73e-01	1.90e-01	9.72e-04	6.06e-05	0.00e+00	0.00e+00	0.00e+00	0.00e+00	3.62e-02	4.11e-09	2.53e-09
 7.80410e+22	4.40e-02	7.99e-01	1.56e-01	6.61e-04	4.62e-05	0.00e+00	0.00e+00	0.00e+00	0.00e+00	4.40e-02	5.19e-09	3.17e-09
 7.91434e+22	5.37e-02	8.20e-01	1.26e-01	4.45e-04	3.48e-05	0.00e+00	0.00e+00	0.00e+00	0.00e+00	5.37e-02	6.54e-09	3.98e-09
 8.01515e+22	6.51e-02	8.33e-01	1.01e-01	3.01e-04	2.61e-05	0.00e+00	0.00e+00	0.00e+00	0.00e+00	6.51e-02	8.16e-09	4.94e-09
 8.10816e+22	7.93e-02	8.41e-01	7.96e-02	2.03e-04	1.92e-05	0.00e+00	0.00e+00	0.00e+00	0.00e+00	7.93e-02	1.02e-08	6.14e-09
 8.19414e+22	9.62e-02	8.42e-01	6.19e-02	1.37e-04	1.40e-05	0.00e+00	0.00e+00	0.00e+00	0.00e+00	9.62e-02	1.26e-08	7.57e-09
 8.27189e+22	1.16e-01	8.36e-01	4.78e-02	9.43e-05	1.01e-05	0.00e+00	0.00e+00	0.00e+00	0.00e+00	1.16e-01	1.54e-08	9.24e-09
 8.34129e+22	1.39e-01	8.24e-01	3.68e-02	6.63e-05	7.28e-06	0.00e+00	0.00e+00	0.00e+00	0.00e+00	1.39e-01	1.86e-08	1.11e-08
 8.40313e+22	1.65e-01	8.06e-01	2.84e-02	4.76e-05	5.23e-06	0.00e+00	0.00e+00	0.00e+00	0.00e+00	1.65e-01	2.22e-08	1.32e-08
 8.45855e+22	1.93e-01	7.85e-01	2.21e-02	3.54e-05	3.82e-06	0.00e+00	0.00e+00	0.00e+00	0.00e+00	1.93e-01	2.58e-08	1.53e-08
 8.50997e+22	2.24e-01	7.59e-01	1.71e-02	2.66e-05	2.75e-06	0.00e+00	0.00e+00	0.00e+00	0.00e+00	2.24e-01	2.98e-08	1.77e-08
 8.55847e+22	2.59e-01	7.28e-01	1.32e-02	2.02e-05	1.97e-06	0.00e+00	0.00e+00	0.00e+00	0.00e+00	2.59e-01	3.39e-08	2.01e-08
 8.60247e+22	2.95e-01	6.94e-01	1.02e-02	1.57e-05	1.42e-06	0.00e+00	0.00e+00	0.00e+00	0.00e+00	2.95e-01	3.79e-08	2.24e-08
 8.64260e+22	3.33e-01	6.59e-01	7.98e-03	1.24e-05	1.04e-06	0.00e+00	0.00e+00	0.00e+00	0.00e+00	3.33e-01	4.17e-08	2.46e-08
 8.67971e+22	3.70e-01	6.23e-01	6.29e-03	9.99e-06	7.65e-07	0.00e+00	0.00e+00	0.00e+00	0.00e+00	3.70e-01	4.51e-08	2.66e-08
 8.71273e+22	4.06e-01	5.89e-01	5.05e-03	8.25e-06	5.79e-07	0.00e+00	0.00e+00	0.00e+00	0.00e+00	4.06e-01	4.80e-08	2.83e-08
 8.74098e+22	4.37e-01	5.58e-01	4.17e-03	7.01e-06	4.55e-07	0.00e+00	0.00e+00	0.00e+00	0.00e+00	4.37e-01	5.02e-08	2.95e-08
 8.76273e+22	4.62e-01	5.35e-01	3.60e-03	6.21e-06	3.78e-07	0.00e+00	0.00e+00	0.00e+00	0.00e+00	4.62e-01	5.16e-08	3.04e-08
 8.77950e+22	4.81e-01	5.16e-01	3.21e-03	5.65e-06	3.26e-07	0.00e+00	0.00e+00	0.00e+00	0.00e+00	4.81e-01	5.27e-08	3.10e-08
 8.79704e+22	5.01e-01	4.96e-01	2.83e-03	5.11e-06	2.79e-07	0.00e+00	0.00e+00	0.00e+00	0.00e+00	5.01e-01	5.37e-08	3.16e-08
 8.81753e+22	5.24e-01	4.73e-01	2.45e-03	4.56e-06	2.33e-07	0.00e+00	0.00e+00	0.00e+00	0.00e+00	5.24e-01	5.47e-08	3.21e-08
 8.83996e+22	5.49e-01	4.49e-01	2.09e-03	4.04e-06	1.91e-07	0.00e+00	0.00e+00	0.00e+00	0.00e+00	5.49e-01	5.56e-08	3.26e-08
 8.86194e+22	5.73e-01	4.26e-01	1.79e-03	3.60e-06	1.58e-07	0.00e+00	0.00e+00	0.00e+00	0.00e+00	5.73e-01	5.62e-08	3.29e-08
 8.88197e+22	5.93e-01	4.05e-01	1.56e-03	3.26e-06	1.34e-07	0.00e+00	0.00e+00	0.00e+00	0.00e+00	5.93e-01	5.66e-08	3.31e-08
 8.89740e+22	6.07e-01	3.91e-01	1.41e-03	3.03e-06	0.00e+00	0.00e+00	0.00e+00	0.00e+00	0.00e+00	6.07e-01	5.67e-08	3.32e-08
 8.90841e+22	6.18e-01	3.80e-01	1.31e-03	2.87e-06	0.00e+00	0.00e+00	0.00e+00	0.00e+00	0.00e+00	6.18e-01	5.68e-08	3.32e-08
 8.91930e+22	6.29e-01	3.70e-01	1.22e-03	2.72e-06	0.00e+00	0.00e+00	0.00e+00	0.00e+00	0.00e+00	6.29e-01	5.68e-08	3.32e-08
 8.93184e+22	6.39e-01	3.60e-01	1.12e-03	2.58e-06	0.00e+00	0.00e+00	0.00e+00	0.00e+00	0.00e+00	6.39e-01	5.69e-08	3.33e-08
 8.94608e+22	6.52e-01	3.47e-01	1.02e-03	2.41e-06	0.00e+00	0.00e+00	0.00e+00	0.00e+00	0.00e+00	6.52e-01	5.68e-08	3.32e-08
 8.96064e+22	6.64e-01	3.35e-01	9.26e-04	2.26e-06	0.00e+00	0.00e+00	0.00e+00	0.00e+00	0.00e+00	6.64e-01	5.67e-08	3.31e-08
 8.97440e+22	6.75e-01	3.24e-01	8.48e-04	2.13e-06	0.00e+00	0.00e+00	0.00e+00	0.00e+00	0.00e+00	6.75e-01	5.66e-08	3.30e-08
 8.98801e+22	6.86e-01	3.13e-01	7.76e-04	2.01e-06	0.00e+00	0.00e+00	0.00e+00	0.00e+00	0.00e+00	6.86e-01	5.64e-08	3.29e-08
 9.00203e+22	6.96e-01	3.03e-01	7.10e-04	1.90e-06	0.00e+00	0.00e+00	0.00e+00	0.00e+00	0.00e+00	6.96e-01	5.62e-08	3.28e-08
 9.01685e+22	7.07e-01	2.92e-01	6.46e-04	1.78e-06	0.00e+00	0.00e+00	0.00e+00	0.00e+00	0.00e+00	7.07e-01	5.60e-08	3.26e-08
 9.03212e+22	7.17e-01	2.82e-01	5.89e-04	1.68e-06	0.00e+00	0.00e+00	0.00e+00	0.00e+00	0.00e+00	7.17e-01	5.57e-08	3.25e-08
 9.04767e+22	7.27e-01	2.72e-01	5.36e-04	1.58e-06	0.00e+00	0.00e+00	0.00e+00	0.00e+00	0.00e+00	7.27e-01	5.54e-08	3.22e-08
 9.06373e+22	7.38e-01	2.62e-01	4.86e-04	1.49e-06	0.00e+00	0.00e+00	0.00e+00	0.00e+00	0.00e+00	7.38e-01	5.50e-08	3.20e-08
 9.07991e+22	7.47e-01	2.53e-01	4.42e-04	1.41e-06	0.00e+00	0.00e+00	0.00e+00	0.00e+00	0.00e+00	7.47e-01	5.47e-08	3.18e-08
 9.09645e+22	7.56e-01	2.43e-01	4.02e-04	1.33e-06	0.00e+00	0.00e+00	0.00e+00	0.00e+00	0.00e+00	7.56e-01	5.43e-08	3.16e-08
 9.11374e+22	7.65e-01	2.34e-01	3.64e-04	1.25e-06	0.00e+00	0.00e+00	0.00e+00	0.00e+00	0.00e+00	7.65e-01	5.39e-08	3.13e-08
 9.13167e+22	7.74e-01	2.25e-01	3.30e-04	1.18e-06	0.00e+00	0.00e+00	0.00e+00	0.00e+00	0.00e+00	7.74e-01	5.34e-08	3.10e-08
 9.15001e+22	7.83e-01	2.17e-01	2.99e-04	1.11e-06	0.00e+00	0.00e+00	0.00e+00	0.00e+00	0.00e+00	7.83e-01	5.30e-08	3.07e-08
 9.16875e+22	7.91e-01	2.09e-01	2.70e-04	1.05e-06	0.00e+00	0.00e+00	0.00e+00	0.00e+00	0.00e+00	7.91e-01	5.25e-08	3.05e-08
 9.18813e+22	7.99e-01	2.00e-01	2.45e-04	9.86e-07	0.00e+00	0.00e+00	0.00e+00	0.00e+00	0.00e+00	7.99e-01	5.21e-08	3.02e-08
 9.20829e+22	8.07e-01	1.93e-01	2.21e-04	9.29e-07	0.00e+00	0.00e+00	0.00e+00	0.00e+00	0.00e+00	8.07e-01	5.16e-08	2.99e-08
 9.22914e+22	8.15e-01	1.85e-01	2.00e-04	8.75e-07	0.00e+00	0.00e+00	0.00e+00	0.00e+00	0.00e+00	8.15e-01	5.11e-08	2.96e-08
 9.25058e+22	8.22e-01	1.78e-01	1.81e-04	8.25e-07	0.00e+00	0.00e+00	0.00e+00	0.00e+00	0.00e+00	8.22e-01	5.06e-08	2.93e-08
 9.27273e+22	8.29e-01	1.70e-01	1.64e-04	7.78e-07	0.00e+00	0.00e+00	0.00e+00	0.00e+00	0.00e+00	8.29e-01	5.02e-08	2.90e-08
 9.29577e+22	8.36e-01	1.64e-01	1.48e-04	7.33e-07	0.00e+00	0.00e+00	0.00e+00	0.00e+00	0.00e+00	8.36e-01	4.97e-08	2.87e-08
 9.31978e+22	8.43e-01	1.57e-01	1.34e-04	6.91e-07	0.00e+00	0.00e+00	0.00e+00	0.00e+00	0.00e+00	8.43e-01	4.92e-08	2.84e-08
 9.34467e+22	8.49e-01	1.50e-01	1.22e-04	6.51e-07	0.00e+00	0.00e+00	0.00e+00	0.00e+00	0.00e+00	8.49e-01	4.88e-08	2.81e-08
 9.37024e+22	8.56e-01	1.44e-01	1.11e-04	6.14e-07	0.00e+00	0.00e+00	0.00e+00	0.00e+00	0.00e+00	8.56e-01	4.84e-08	2.79e-08
 9.39638e+22	8.61e-01	1.39e-01	1.01e-04	5.80e-07	0.00e+00	0.00e+00	0.00e+00	0.00e+00	0.00e+00	8.61e-01	4.79e-08	2.76e-08
 9.42310e+22	8.66e-01	1.33e-01	9.31e-05	5.50e-07	0.00e+00	0.00e+00	0.00e+00	0.00e+00	0.00e+00	8.66e-01	4.75e-08	2.72e-08
 9.45070e+22	8.72e-01	1.28e-01	8.57e-05	5.19e-07	0.00e+00	0.00e+00	0.00e+00	0.00e+00	0.00e+00	8.72e-01	4.71e-08	2.68e-08
 9.47983e+22	8.77e-01	1.23e-01	7.90e-05	4.91e-07	0.00e+00	0.00e+00	0.00e+00	0.00e+00	0.00e+00	8.77e-01	4.66e-08	2.65e-08
 9.51013e+22	8.81e-01	1.18e-01	7.31e-05	4.65e-07	0.00e+00	0.00e+00	0.00e+00	0.00e+00	0.00e+00	8.81e-01	4.62e-08	2.61e-08
 9.54062e+22	8.86e-01	1.14e-01	6.81e-05	4.41e-07	0.00e+00	0.00e+00	0.00e+00	0.00e+00	0.00e+00	8.86e-01	4.59e-08	2.58e-08
 9.57235e+22	8.90e-01	1.10e-01	6.37e-05	4.18e-07	0.00e+00	0.00e+00	0.00e+00	0.00e+00	0.00e+00	8.90e-01	4.55e-08	2.55e-08
 9.60637e+22	8.94e-01	1.06e-01	5.96e-05	3.97e-07	0.00e+00	0.00e+00	0.00e+00	0.00e+00	0.00e+00	8.94e-01	4.53e-08	2.52e-08
 9.64169e+22	8.98e-01	1.02e-01	5.61e-05	3.76e-07	0.00e+00	0.00e+00	0.00e+00	0.00e+00	0.00e+00	8.98e-01	4.50e-08	2.49e-08
 9.67818e+22	9.01e-01	9.85e-02	5.30e-05	3.57e-07	0.00e+00	0.00e+00	0.00e+00	0.00e+00	0.00e+00	9.01e-01	4.48e-08	2.47e-08
 9.71686e+22	9.05e-01	9.50e-02	5.02e-05	3.39e-07	0.00e+00	0.00e+00	0.00e+00	0.00e+00	0.00e+00	9.05e-01	4.45e-08	2.44e-08
 9.75794e+22	9.08e-01	9.15e-02	4.77e-05	3.21e-07	0.00e+00	0.00e+00	0.00e+00	0.00e+00	0.00e+00	9.08e-01	4.44e-08	2.42e-08
 9.80099e+22	9.12e-01	8.83e-02	4.55e-05	3.05e-07	0.00e+00	0.00e+00	0.00e+00	0.00e+00	0.00e+00	9.12e-01	4.42e-08	2.39e-08
 9.84541e+22	9.15e-01	8.50e-02	4.35e-05	2.88e-07	0.00e+00	0.00e+00	0.00e+00	0.00e+00	0.00e+00	9.15e-01	4.41e-08	2.37e-08
 9.88895e+22	9.18e-01	8.23e-02	4.19e-05	2.75e-07	0.00e+00	0.00e+00	0.00e+00	0.00e+00	0.00e+00	9.18e-01	4.40e-08	2.35e-08
 9.93067e+22	9.20e-01	7.98e-02	4.06e-05	2.63e-07	0.00e+00	0.00e+00	0.00e+00	0.00e+00	0.00e+00	9.20e-01	4.40e-08	2.34e-08
 9.97145e+22	9.22e-01	7.75e-02	3.94e-05	2.51e-07	0.00e+00	0.00e+00	0.00e+00	0.00e+00	0.00e+00	9.22e-01	4.39e-08	2.32e-08
 1.00113e+23	9.25e-01	7.53e-02	3.84e-05	2.41e-07	0.00e+00	0.00e+00	0.00e+00	0.00e+00	0.00e+00	9.25e-01	4.39e-08	2.31e-08
 1.00503e+23	9.27e-01	7.33e-02	3.75e-05	2.31e-07	0.00e+00	0.00e+00	0.00e+00	0.00e+00	0.00e+00	9.27e-01	4.39e-08	2.29e-08
 1.00877e+23	9.29e-01	7.13e-02	3.67e-05	2.22e-07	0.00e+00	0.00e+00	0.00e+00	0.00e+00	0.00e+00	9.29e-01	4.38e-08	2.28e-08
 1.01235e+23	9.30e-01	6.95e-02	3.61e-05	2.14e-07	0.00e+00	0.00e+00	0.00e+00	0.00e+00	0.00e+00	9.30e-01	4.37e-08	2.27e-08
 1.01569e+23	9.32e-01	6.79e-02	3.55e-05	2.07e-07	0.00e+00	0.00e+00	0.00e+00	0.00e+00	0.00e+00	9.32e-01	4.37e-08	2.26e-08
 1.01893e+23	9.34e-01	6.64e-02	3.49e-05	2.00e-07	0.00e+00	0.00e+00	0.00e+00	0.00e+00	0.00e+00	9.34e-01	4.37e-08	2.25e-08
 1.02218e+23	9.35e-01	6.48e-02	3.44e-05	1.93e-07	0.00e+00	0.00e+00	0.00e+00	0.00e+00	0.00e+00	9.35e-01	4.36e-08	2.24e-08
 1.02532e+23	9.37e-01	6.33e-02	3.40e-05	1.87e-07	0.00e+00	0.00e+00	0.00e+00	0.00e+00	0.00e+00	9.37e-01	4.36e-08	2.23e-08
 1.02835e+23	9.38e-01	6.19e-02	3.36e-05	1.81e-07	0.00e+00	0.00e+00	0.00e+00	0.00e+00	0.00e+00	9.38e-01	4.36e-08	2.22e-08
 1.03127e+23	9.39e-01	6.05e-02	3.32e-05	1.76e-07	0.00e+00	0.00e+00	0.00e+00	0.00e+00	0.00e+00	9.39e-01	4.35e-08	2.21e-08
 1.03410e+23	9.41e-01	5.92e-02	3.28e-05	1.70e-07	0.00e+00	0.00e+00	0.00e+00	0.00e+00	0.00e+00	9.41e-01	4.35e-08	2.20e-08
 1.03683e+23	9.42e-01	5.79e-02	3.25e-05	1.65e-07	0.00e+00	0.00e+00	0.00e+00	0.00e+00	0.00e+00	9.42e-01	4.35e-08	2.19e-08
 1.03946e+23	9.43e-01	5.67e-02	3.22e-05	1.61e-07	0.00e+00	0.00e+00	0.00e+00	0.00e+00	0.00e+00	9.43e-01	4.35e-08	2.18e-08
 1.04200e+23	9.44e-01	5.56e-02	3.20e-05	1.56e-07	0.00e+00	0.00e+00	0.00e+00	0.00e+00	0.00e+00	9.44e-01	4.34e-08	2.17e-08
 1.04445e+23	9.46e-01	5.44e-02	3.17e-05	1.52e-07	0.00e+00	0.00e+00	0.00e+00	0.00e+00	0.00e+00	9.46e-01	4.34e-08	2.17e-08
 1.04682e+23	9.47e-01	5.33e-02	3.15e-05	1.48e-07	0.00e+00	0.00e+00	0.00e+00	0.00e+00	0.00e+00	9.47e-01	4.33e-08	2.16e-08
 1.04906e+23	9.48e-01	5.23e-02	3.13e-05	1.44e-07	0.00e+00	0.00e+00	0.00e+00	0.00e+00	0.00e+00	9.48e-01	4.33e-08	2.15e-08
 1.05126e+23	9.49e-01	5.13e-02	3.11e-05	1.41e-07	0.00e+00	0.00e+00	0.00e+00	0.00e+00	0.00e+00	9.49e-01	4.33e-08	2.14e-08
 1.05339e+23	9.50e-01	5.03e-02	3.09e-05	1.37e-07	0.00e+00	0.00e+00	0.00e+00	0.00e+00	0.00e+00	9.50e-01	4.32e-08	2.13e-08
 1.05534e+23	9.51e-01	4.94e-02	3.07e-05	1.34e-07	0.00e+00	0.00e+00	0.00e+00	0.00e+00	0.00e+00	9.51e-01	4.32e-08	2.13e-08
 1.05711e+23	9.51e-01	4.86e-02	3.05e-05	1.31e-07	0.00e+00	0.00e+00	0.00e+00	0.00e+00	0.00e+00	9.51e-01	4.31e-08	2.12e-08
 1.05873e+23	9.52e-01	4.79e-02	3.04e-05	1.29e-07	0.00e+00	0.00e+00	0.00e+00	0.00e+00	0.00e+00	9.52e-01	4.31e-08	2.11e-08
 1.06020e+23	9.53e-01	4.73e-02	3.03e-05	1.27e-07	0.00e+00	0.00e+00	0.00e+00	0.00e+00	0.00e+00	9.53e-01	4.30e-08	2.11e-08
 1.06153e+23	9.53e-01	4.67e-02	3.02e-05	1.25e-07	0.00e+00	0.00e+00	0.00e+00	0.00e+00	0.00e+00	9.53e-01	4.30e-08	2.10e-08
 1.06275e+23	9.54e-01	4.62e-02	3.01e-05	1.23e-07	0.00e+00	0.00e+00	0.00e+00	0.00e+00	0.00e+00	9.54e-01	4.29e-08	2.09e-08
 1.06385e+23	9.54e-01	4.57e-02	3.00e-05	0.00e+00	0.00e+00	0.00e+00	0.00e+00	0.00e+00	0.00e+00	9.54e-01	4.28e-08	2.09e-08
 1.06507e+23	9.55e-01	4.51e-02	2.99e-05	0.00e+00	0.00e+00	0.00e+00	0.00e+00	0.00e+00	0.00e+00	9.55e-01	4.26e-08	2.08e-08
 1.06637e+23	9.56e-01	4.44e-02	2.97e-05	0.00e+00	0.00e+00	0.00e+00	0.00e+00	0.00e+00	0.00e+00	9.56e-01	4.24e-08	2.08e-08
 1.06757e+23	9.56e-01	4.39e-02	2.96e-05	0.00e+00	0.00e+00	0.00e+00	0.00e+00	0.00e+00	0.00e+00	9.56e-01	4.23e-08	2.07e-08
 1.06887e+23	9.57e-01	4.32e-02	2.94e-05	0.00e+00	0.00e+00	0.00e+00	0.00e+00	0.00e+00	0.00e+00	9.57e-01	4.21e-08	2.06e-08
 1.07028e+23	9.57e-01	4.25e-02	2.93e-05	0.00e+00	0.00e+00	0.00e+00	0.00e+00	0.00e+00	0.00e+00	9.57e-01	4.19e-08	2.06e-08
 1.07156e+23	9.58e-01	4.19e-02	2.91e-05	0.00e+00	0.00e+00	0.00e+00	0.00e+00	0.00e+00	0.00e+00	9.58e-01	4.18e-08	2.05e-08
 1.07273e+23	9.58e-01	4.15e-02	2.90e-05	0.00e+00	0.00e+00	0.00e+00	0.00e+00	0.00e+00	0.00e+00	9.58e-01	4.17e-08	2.05e-08
 1.07401e+23	9.59e-01	4.08e-02	2.88e-05	0.00e+00	0.00e+00	0.00e+00	0.00e+00	0.00e+00	0.00e+00	9.59e-01	4.15e-08	2.04e-08
 1.07539e+23	9.60e-01	4.02e-02	2.87e-05	0.00e+00	0.00e+00	0.00e+00	0.00e+00	0.00e+00	0.00e+00	9.60e-01	4.14e-08	2.03e-08
 1.07664e+23	9.60e-01	3.97e-02	2.85e-05	0.00e+00	0.00e+00	0.00e+00	0.00e+00	0.00e+00	0.00e+00	9.60e-01	4.13e-08	2.03e-08
 1.07802e+23	9.61e-01	3.92e-02	2.83e-05	0.00e+00	0.00e+00	0.00e+00	0.00e+00	0.00e+00	0.00e+00	9.61e-01	4.12e-08	2.03e-08
 1.07950e+23	9.61e-01	3.85e-02	2.81e-05	0.00e+00	0.00e+00	0.00e+00	0.00e+00	0.00e+00	0.00e+00	9.61e-01	4.11e-08	2.02e-08
 1.08086e+23	9.62e-01	3.79e-02	2.79e-05	0.00e+00	0.00e+00	0.00e+00	0.00e+00	0.00e+00	0.00e+00	9.62e-01	4.10e-08	2.02e-08
 1.08209e+23	9.62e-01	3.76e-02	2.77e-05	0.00e+00	0.00e+00	0.00e+00	0.00e+00	0.00e+00	0.00e+00	9.62e-01	4.10e-08	2.02e-08
 1.08343e+23	9.63e-01	3.71e-02	2.75e-05	0.00e+00	0.00e+00	0.00e+00	0.00e+00	0.00e+00	0.00e+00	9.63e-01	4.09e-08	2.01e-08
 1.08489e+23	9.64e-01	3.65e-02	2.73e-05	0.00e+00	0.00e+00	0.00e+00	0.00e+00	0.00e+00	0.00e+00	9.64e-01	4.08e-08	2.01e-08
 1.08621e+23	9.64e-01	3.59e-02	2.71e-05	0.00e+00	0.00e+00	0.00e+00	0.00e+00	0.00e+00	0.00e+00	9.64e-01	4.07e-08	2.00e-08
 1.08742e+23	9.64e-01	3.57e-02	2.70e-05	0.00e+00	0.00e+00	0.00e+00	0.00e+00	0.00e+00	0.00e+00	9.64e-01	4.07e-08	2.00e-08
 1.08874e+23	9.65e-01	3.52e-02	2.67e-05	0.00e+00	0.00e+00	0.00e+00	0.00e+00	0.00e+00	0.00e+00	9.65e-01	4.06e-08	2.00e-08
 1.09017e+23	9.65e-01	3.46e-02	2.65e-05	0.00e+00	0.00e+00	0.00e+00	0.00e+00	0.00e+00	0.00e+00	9.65e-01	4.06e-08	1.99e-08
 1.09146e+23	9.66e-01	3.41e-02	2.63e-05	0.00e+00	0.00e+00	0.00e+00	0.00e+00	0.00e+00	0.00e+00	9.66e-01	4.04e-08	1.99e-08
 1.09265e+23	9.66e-01	3.38e-02	2.62e-05	0.00e+00	0.00e+00	0.00e+00	0.00e+00	0.00e+00	0.00e+00	9.66e-01	4.05e-08	1.99e-08
 1.09394e+23	9.67e-01	3.33e-02	2.59e-05	0.00e+00	0.00e+00	0.00e+00	0.00e+00	0.00e+00	0.00e+00	9.67e-01	4.04e-08	1.98e-08
 1.09534e+23	9.67e-01	3.27e-02	2.57e-05	0.00e+00	0.00e+00	0.00e+00	0.00e+00	0.00e+00	0.00e+00	9.67e-01	4.03e-08	1.98e-08
 1.09661e+23	9.68e-01	3.23e-02	2.54e-05	0.00e+00	0.00e+00	0.00e+00	0.00e+00	0.00e+00	0.00e+00	9.68e-01	4.03e-08	1.97e-08
 1.09776e+23	9.68e-01	3.20e-02	2.52e-05	0.00e+00	0.00e+00	0.00e+00	0.00e+00	0.00e+00	0.00e+00	9.68e-01	4.02e-08	1.97e-08
 1.09882e+23	9.68e-01	3.17e-02	2.50e-05	0.00e+00	0.00e+00	0.00e+00	0.00e+00	0.00e+00	0.00e+00	9.68e-01	4.01e-08	1.96e-08
 1.09997e+23	9.69e-01	3.12e-02	2.48e-05	0.00e+00	0.00e+00	0.00e+00	0.00e+00	0.00e+00	0.00e+00	9.69e-01	4.01e-08	1.96e-08
 1.10147e+23	9.69e-01	3.06e-02	2.45e-05	0.00e+00	0.00e+00	0.00e+00	0.00e+00	0.00e+00	0.00e+00	9.69e-01	4.00e-08	1.95e-08
 1.10309e+23	9.70e-01	3.00e-02	2.42e-05	0.00e+00	0.00e+00	0.00e+00	0.00e+00	0.00e+00	0.00e+00	9.70e-01	3.99e-08	1.95e-08
 1.10456e+23	9.70e-01	2.95e-02	2.40e-05	0.00e+00	0.00e+00	0.00e+00	0.00e+00	0.00e+00	0.00e+00	9.70e-01	3.98e-08	1.94e-08
 1.10590e+23	9.71e-01	2.91e-02	2.38e-05	0.00e+00	0.00e+00	0.00e+00	0.00e+00	0.00e+00	0.00e+00	9.71e-01	3.98e-08	1.94e-08
 1.10737e+23	9.71e-01	2.86e-02	2.35e-05	0.00e+00	0.00e+00	0.00e+00	0.00e+00	0.00e+00	0.00e+00	9.71e-01	3.97e-08	1.93e-08
 1.10896e+23	9.72e-01	2.81e-02	2.32e-05	0.00e+00	0.00e+00	0.00e+00	0.00e+00	0.00e+00	0.00e+00	9.72e-01	3.96e-08	1.92e-08
 1.11040e+23	9.72e-01	2.77e-02	2.30e-05	0.00e+00	0.00e+00	0.00e+00	0.00e+00	0.00e+00	0.00e+00	9.72e-01	3.95e-08	1.92e-08
 1.11171e+23	9.73e-01	2.73e-02	2.28e-05	0.00e+00	0.00e+00	0.00e+00	0.00e+00	0.00e+00	0.00e+00	9.73e-01	3.94e-08	1.91e-08
 1.11291e+23	9.73e-01	2.70e-02	2.26e-05	0.00e+00	0.00e+00	0.00e+00	0.00e+00	0.00e+00	0.00e+00	9.73e-01	3.94e-08	1.91e-08
 1.11422e+23	9.73e-01	2.66e-02	2.24e-05	0.00e+00	0.00e+00	0.00e+00	0.00e+00	0.00e+00	0.00e+00	9.73e-01	3.94e-08	1.90e-08
 1.11563e+23	9.74e-01	2.61e-02	2.22e-05	0.00e+00	0.00e+00	0.00e+00	0.00e+00	0.00e+00	0.00e+00	9.74e-01	3.93e-08	1.89e-08
 1.11692e+23	9.74e-01	2.58e-02	2.20e-05	0.00e+00	0.00e+00	0.00e+00	0.00e+00	0.00e+00	0.00e+00	9.74e-01	3.92e-08	1.89e-08
 1.11833e+23	9.75e-01	2.54e-02	2.18e-05	0.00e+00	0.00e+00	0.00e+00	0.00e+00	0.00e+00	0.00e+00	9.75e-01	3.92e-08	1.88e-08
 1.11985e+23	9.75e-01	2.50e-02	2.16e-05	0.00e+00	0.00e+00	0.00e+00	0.00e+00	0.00e+00	0.00e+00	9.75e-01	3.89e-08	1.87e-08
 1.12123e+23	9.75e-01	2.46e-02	2.14e-05	0.00e+00	0.00e+00	0.00e+00	0.00e+00	0.00e+00	0.00e+00	9.75e-01	3.85e-08	1.85e-08
 1.12250e+23	9.76e-01	2.44e-02	2.12e-05	0.00e+00	0.00e+00	0.00e+00	0.00e+00	0.00e+00	0.00e+00	9.76e-01	3.84e-08	1.84e-08
 1.12388e+23	9.76e-01	2.40e-02	2.10e-05	0.00e+00	0.00e+00	0.00e+00	0.00e+00	0.00e+00	0.00e+00	9.76e-01	3.81e-08	1.83e-08
 1.12537e+23	9.76e-01	2.36e-02	2.08e-05	0.00e+00	0.00e+00	0.00e+00	0.00e+00	0.00e+00	0.00e+00	9.76e-01	3.78e-08	1.82e-08
 1.12672e+23	9.77e-01	2.34e-02	2.07e-05	0.00e+00	0.00e+00	0.00e+00	0.00e+00	0.00e+00	0.00e+00	9.77e-01	3.76e-08	1.81e-08
 1.12821e+23	9.77e-01	2.30e-02	2.05e-05	0.00e+00	0.00e+00	0.00e+00	0.00e+00	0.00e+00	0.00e+00	9.77e-01	3.73e-08	1.79e-08
 1.12982e+23	9.77e-01	2.26e-02	2.03e-05	0.00e+00	0.00e+00	0.00e+00	0.00e+00	0.00e+00	0.00e+00	9.77e-01	3.70e-08	1.77e-08
 1.13128e+23	9.78e-01	2.22e-02	2.01e-05	0.00e+00	0.00e+00	0.00e+00	0.00e+00	0.00e+00	0.00e+00	9.78e-01	3.67e-08	1.75e-08
 1.13261e+23	9.78e-01	2.20e-02	2.00e-05	0.00e+00	0.00e+00	0.00e+00	0.00e+00	0.00e+00	0.00e+00	9.78e-01	3.66e-08	1.74e-08
 1.13406e+23	9.78e-01	2.17e-02	1.98e-05	0.00e+00	0.00e+00	0.00e+00	0.00e+00	0.00e+00	0.00e+00	9.78e-01	3.63e-08	1.72e-08
 1.13563e+23	9.79e-01	2.13e-02	1.96e-05	0.00e+00	0.00e+00	0.00e+00	0.00e+00	0.00e+00	0.00e+00	9.79e-01	3.60e-08	1.70e-08
 1.13707e+23	9.79e-01	2.11e-02	1.94e-05	0.00e+00	0.00e+00	0.00e+00	0.00e+00	0.00e+00	0.00e+00	9.79e-01	3.59e-08	1.69e-08
 1.13863e+23	9.79e-01	2.07e-02	1.92e-05	0.00e+00	0.00e+00	0.00e+00	0.00e+00	0.00e+00	0.00e+00	9.79e-01	3.55e-08	1.67e-08
 1.14033e+23	9.80e-01	2.03e-02	1.90e-05	0.00e+00	0.00e+00	0.00e+00	0.00e+00	0.00e+00	0.00e+00	9.80e-01	3.53e-08	1.65e-08
 1.14187e+23	9.80e-01	2.00e-02	1.89e-05	0.00e+00	0.00e+00	0.00e+00	0.00e+00	0.00e+00	0.00e+00	9.80e-01	3.50e-08	1.63e-08
 1.14327e+23	9.80e-01	1.98e-02	1.87e-05	0.00e+00	0.00e+00	0.00e+00	0.00e+00	0.00e+00	0.00e+00	9.80e-01	3.49e-08	1.62e-08
 1.14480e+23	9.80e-01	1.95e-02	1.86e-05	0.00e+00	0.00e+00	0.00e+00	0.00e+00	0.00e+00	0.00e+00	9.80e-01	3.46e-08	1.61e-08
 1.14646e+23	9.81e-01	1.91e-02	1.84e-05	0.00e+00	0.00e+00	0.00e+00	0.00e+00	0.00e+00	0.00e+00	9.81e-01	3.43e-08	1.59e-08
 1.14797e+23	9.81e-01	1.89e-02	1.82e-05	0.00e+00	0.00e+00	0.00e+00	0.00e+00	0.00e+00	0.00e+00	9.81e-01	3.42e-08	1.58e-08
 1.14963e+23	9.81e-01	1.86e-02	1.80e-05	0.00e+00	0.00e+00	0.00e+00	0.00e+00	0.00e+00	0.00e+00	9.81e-01	3.38e-08	1.55e-08
 1.15141e+23	9.82e-01	1.82e-02	1.79e-05	0.00e+00	0.00e+00	0.00e+00	0.00e+00	0.00e+00	0.00e+00	9.82e-01	3.35e-08	1.53e-08
 1.15304e+23	9.82e-01	1.80e-02	1.77e-05	0.00e+00	0.00e+00	0.00e+00	0.00e+00	0.00e+00	0.00e+00	9.82e-01	3.33e-08	1.52e-08
 1.15482e+23	9.82e-01	1.77e-02	1.75e-05	0.00e+00	0.00e+00	0.00e+00	0.00e+00	0.00e+00	0.00e+00	9.82e-01	3.29e-08	1.50e-08
 1.15674e+23	9.83e-01	1.73e-02	1.73e-05	0.00e+00	0.00e+00	0.00e+00	0.00e+00	0.00e+00	0.00e+00	9.83e-01	3.25e-08	1.47e-08
 1.15849e+23	9.83e-01	1.71e-02	1.72e-05	0.00e+00	0.00e+00	0.00e+00	0.00e+00	0.00e+00	0.00e+00	9.83e-01	3.24e-08	1.46e-08
 1.16040e+23	9.83e-01	1.67e-02	1.70e-05	0.00e+00	0.00e+00	0.00e+00	0.00e+00	0.00e+00	0.00e+00	9.83e-01	3.19e-08	1.44e-08
 1.16247e+23	9.84e-01	1.63e-02	1.68e-05	0.00e+00	0.00e+00	0.00e+00	0.00e+00	0.00e+00	0.00e+00	9.84e-01	3.15e-08	1.41e-08
 1.16435e+23	9.84e-01	1.61e-02	1.67e-05	0.00e+00	0.00e+00	0.00e+00	0.00e+00	0.00e+00	0.00e+00	9.84e-01	3.13e-08	1.40e-08
 1.16642e+23	9.84e-01	1.58e-02	1.65e-05	0.00e+00	0.00e+00	0.00e+00	0.00e+00	0.00e+00	0.00e+00	9.84e-01	3.09e-08	1.37e-08
 1.16864e+23	9.85e-01	1.54e-02	1.63e-05	0.00e+00	0.00e+00	0.00e+00	0.00e+00	0.00e+00	0.00e+00	9.85e-01	3.06e-08	1.35e-08
 1.17067e+23	9.85e-01	1.51e-02	1.61e-05	0.00e+00	0.00e+00	0.00e+00	0.00e+00	0.00e+00	0.00e+00	9.85e-01	3.03e-08	1.33e-08
 1.17252e+23	9.85e-01	1.49e-02	1.60e-05	0.00e+00	0.00e+00	0.00e+00	0.00e+00	0.00e+00	0.00e+00	9.85e-01	3.00e-08	1.32e-08
 1.17454e+23	9.85e-01	1.46e-02	1.58e-05	0.00e+00	0.00e+00	0.00e+00	0.00e+00	0.00e+00	0.00e+00	9.85e-01	2.96e-08	1.29e-08
 1.17672e+23	9.86e-01	1.43e-02	1.56e-05	0.00e+00	0.00e+00	0.00e+00	0.00e+00	0.00e+00	0.00e+00	9.86e-01	2.92e-08	1.26e-08
 1.17870e+23	9.86e-01	1.41e-02	1.55e-05	0.00e+00	0.00e+00	0.00e+00	0.00e+00	0.00e+00	0.00e+00	9.86e-01	2.91e-08	1.25e-08
 1.18088e+23	9.86e-01	1.38e-02	1.53e-05	0.00e+00	0.00e+00	0.00e+00	0.00e+00	0.00e+00	0.00e+00	9.86e-01	2.87e-08	1.23e-08
 1.18323e+23	9.87e-01	1.34e-02	1.51e-05	0.00e+00	0.00e+00	0.00e+00	0.00e+00	0.00e+00	0.00e+00	9.87e-01	2.83e-08	1.21e-08
 1.18537e+23	9.87e-01	1.32e-02	1.50e-05	0.00e+00	0.00e+00	0.00e+00	0.00e+00	0.00e+00	0.00e+00	9.87e-01	2.82e-08	1.20e-08
 1.18771e+23	9.87e-01	1.29e-02	1.48e-05	0.00e+00	0.00e+00	0.00e+00	0.00e+00	0.00e+00	0.00e+00	9.87e-01	2.78e-08	1.18e-08
 1.19024e+23	9.87e-01	1.26e-02	1.46e-05	0.00e+00	0.00e+00	0.00e+00	0.00e+00	0.00e+00	0.00e+00	9.87e-01	2.74e-08	1.15e-08
 1.19254e+23	9.88e-01	1.24e-02	1.44e-05	0.00e+00	0.00e+00	0.00e+00	0.00e+00	0.00e+00	0.00e+00	9.88e-01	2.73e-08	1.14e-08
 1.19506e+23	9.88e-01	1.21e-02	1.42e-05	0.00e+00	0.00e+00	0.00e+00	0.00e+00	0.00e+00	0.00e+00	9.88e-01	2.69e-08	1.12e-08
 1.19778e+23	9.88e-01	1.18e-02	1.41e-05	0.00e+00	0.00e+00	0.00e+00	0.00e+00	0.00e+00	0.00e+00	9.88e-01	2.67e-08	1.10e-08
 1.20026e+23	9.88e-01	1.16e-02	1.39e-05	0.00e+00	0.00e+00	0.00e+00	0.00e+00	0.00e+00	0.00e+00	9.88e-01	2.64e-08	1.08e-08
 1.20251e+23	9.89e-01	1.14e-02	1.38e-05	0.00e+00	0.00e+00	0.00e+00	0.00e+00	0.00e+00	0.00e+00	9.89e-01	2.62e-08	1.06e-08
 1.20498e+23	9.89e-01	1.11e-02	1.36e-05	0.00e+00	0.00e+00	0.00e+00	0.00e+00	0.00e+00	0.00e+00	9.89e-01	2.58e-08	1.04e-08
 1.20765e+23	9.89e-01	1.08e-02	1.34e-05	0.00e+00	0.00e+00	0.00e+00	0.00e+00	0.00e+00	0.00e+00	9.89e-01	2.54e-08	1.01e-08
 1.21008e+23	9.89e-01	1.06e-02	1.33e-05	0.00e+00	0.00e+00	0.00e+00	0.00e+00	0.00e+00	0.00e+00	9.89e-01	2.52e-08	1.00e-08
 1.21274e+23	9.90e-01	1.04e-02	1.31e-05	0.00e+00	0.00e+00	0.00e+00	0.00e+00	0.00e+00	0.00e+00	9.90e-01	2.49e-08	9.80e-09
 1.21561e+23	9.90e-01	1.01e-02	1.29e-05	0.00e+00	0.00e+00	0.00e+00	0.00e+00	0.00e+00	0.00e+00	9.90e-01	2.45e-08	9.56e-09
 1.21822e+23	9.90e-01	9.92e-03	1.28e-05	0.00e+00	0.00e+00	0.00e+00	0.00e+00	0.00e+00	0.00e+00	9.90e-01	2.43e-08	9.44e-09
 1.22108e+23	9.90e-01	9.66e-03	1.26e-05	0.00e+00	0.00e+00	0.00e+00	0.00e+00	0.00e+00	0.00e+00	9.90e-01	2.39e-08	9.22e-09
 1.22417e+23	9.91e-01	9.39e-03	1.24e-05	0.00e+00	0.00e+00	0.00e+00	0.00e+00	0.00e+00	0.00e+00	9.91e-01	2.36e-08	8.99e-09
 1.22698e+23	9.91e-01	9.21e-03	1.23e-05	0.00e+00	0.00e+00	0.00e+00	0.00e+00	0.00e+00	0.00e+00	9.91e-01	2.34e-08	8.86e-09
 1.23007e+23	9.91e-01	8.95e-03	1.21e-05	0.00e+00	0.00e+00	0.00e+00	0.00e+00	0.00e+00	0.00e+00	9.91e-01	2.30e-08	8.65e-09
 1.23339e+23	9.91e-01	8.71e-03	1.19e-05	0.00e+00	0.00e+00	0.00e+00	0.00e+00	0.00e+00	0.00e+00	9.91e-01	2.28e-08	8.47e-09
 1.23642e+23	9.91e-01	8.50e-03	1.18e-05	0.00e+00	0.00e+00	0.00e+00	0.00e+00	0.00e+00	0.00e+00	9.91e-01	2.25e-08	8.29e-09
 1.23918e+23	9.92e-01	8.33e-03	1.16e-05	0.00e+00	0.00e+00	0.00e+00	0.00e+00	0.00e+00	0.00e+00	9.92e-01	2.23e-08	8.15e-09
 1.24220e+23	9.92e-01	8.10e-03	1.15e-05	0.00e+00	0.00e+00	0.00e+00	0.00e+00	0.00e+00	0.00e+00	9.92e-01	2.20e-08	7.95e-09
 1.24545e+23	9.92e-01	7.87e-03	1.13e-05	0.00e+00	0.00e+00	0.00e+00	0.00e+00	0.00e+00	0.00e+00	9.92e-01	2.16e-08	7.75e-09
 1.24842e+23	9.92e-01	7.71e-03	1.12e-05	0.00e+00	0.00e+00	0.00e+00	0.00e+00	0.00e+00	0.00e+00	9.92e-01	2.15e-08	7.63e-09
 1.25167e+23	9.92e-01	7.50e-03	1.10e-05	0.00e+00	0.00e+00	0.00e+00	0.00e+00	0.00e+00	0.00e+00	9.92e-01	2.12e-08	7.45e-09
 1.25518e+23	9.93e-01	7.29e-03	1.08e-05	0.00e+00	0.00e+00	0.00e+00	0.00e+00	0.00e+00	0.00e+00	9.93e-01	2.10e-08	7.28e-09
 1.25837e+23	9.93e-01	7.11e-03	1.07e-05	0.00e+00	0.00e+00	0.00e+00	0.00e+00	0.00e+00	0.00e+00	9.93e-01	2.07e-08	7.12e-09
 1.26128e+23	9.93e-01	6.96e-03	1.06e-05	0.00e+00	0.00e+00	0.00e+00	0.00e+00	0.00e+00	0.00e+00	9.93e-01	2.05e-08	6.98e-09
 1.26446e+23	9.93e-01	6.77e-03	1.04e-05	0.00e+00	0.00e+00	0.00e+00	0.00e+00	0.00e+00	0.00e+00	9.93e-01	2.03e-08	6.82e-09
 1.26790e+23	9.93e-01	6.59e-03	1.03e-05	0.00e+00	0.00e+00	0.00e+00	0.00e+00	0.00e+00	0.00e+00	9.93e-01	2.01e-08	6.66e-09
 1.27103e+23	9.94e-01	6.43e-03	1.01e-05	0.00e+00	0.00e+00	0.00e+00	0.00e+00	0.00e+00	0.00e+00	9.94e-01	1.98e-08	6.51e-09
 1.27445e+23	9.94e-01	6.25e-03	9.98e-06	0.00e+00	0.00e+00	0.00e+00	0.00e+00	0.00e+00	0.00e+00	9.94e-01	1.95e-08	6.34e-09
 1.27816e+23	9.94e-01	6.07e-03	9.83e-06	0.00e+00	0.00e+00	0.00e+00	0.00e+00	0.00e+00	0.00e+00	9.94e-01	1.93e-08	6.18e-09
 1.28152e+23	9.94e-01	5.92e-03	9.70e-06	0.00e+00	0.00e+00	0.00e+00	0.00e+00	0.00e+00	0.00e+00	9.94e-01	1.91e-08	6.04e-09
 1.28521e+23	9.94e-01	5.74e-03	9.53e-06	0.00e+00	0.00e+00	0.00e+00	0.00e+00	0.00e+00	0.00e+00	9.94e-01	1.88e-08	5.86e-09
 1.28920e+23	9.94e-01	5.57e-03	9.38e-06	0.00e+00	0.00e+00	0.00e+00	0.00e+00	0.00e+00	0.00e+00	9.94e-01	1.86e-08	5.71e-09
 1.29282e+23	9.95e-01	5.42e-03	9.25e-06	0.00e+00	0.00e+00	0.00e+00	0.00e+00	0.00e+00	0.00e+00	9.95e-01	1.83e-08	5.56e-09
 1.29612e+23	9.95e-01	5.29e-03	9.13e-06	0.00e+00	0.00e+00	0.00e+00	0.00e+00	0.00e+00	0.00e+00	9.95e-01	1.82e-08	5.44e-09
 1.29973e+23	9.95e-01	5.14e-03	8.98e-06	0.00e+00	0.00e+00	0.00e+00	0.00e+00	0.00e+00	0.00e+00	9.95e-01	1.79e-08	5.29e-09
 1.30364e+23	9.95e-01	4.99e-03	8.84e-06	0.00e+00	0.00e+00	0.00e+00	0.00e+00	0.00e+00	0.00e+00	9.95e-01	1.77e-08	5.13e-09
 1.30719e+23	9.95e-01	4.86e-03	8.72e-06	0.00e+00	0.00e+00	0.00e+00	0.00e+00	0.00e+00	0.00e+00	9.95e-01	1.75e-08	5.02e-09
 1.31108e+23	9.95e-01	4.55e-03	8.56e-06	0.00e+00	0.00e+00	0.00e+00	0.00e+00	0.00e+00	0.00e+00	9.95e-01	1.72e-08	4.84e-09
 1.31600e+23	9.96e-01	4.21e-03	8.37e-06	0.00e+00	0.00e+00	0.00e+00	0.00e+00	0.00e+00	0.00e+00	9.96e-01	1.68e-08	4.62e-09
 1.32152e+23	9.96e-01	3.98e-03	8.18e-06	0.00e+00	0.00e+00	0.00e+00	0.00e+00	0.00e+00	0.00e+00	9.96e-01	1.65e-08	4.41e-09
 1.32718e+23	9.96e-01	3.75e-03	7.99e-06	0.00e+00	0.00e+00	0.00e+00	0.00e+00	0.00e+00	0.00e+00	9.96e-01	1.62e-08	4.21e-09
 1.33292e+23	9.96e-01	3.53e-03	7.81e-06	0.00e+00	0.00e+00	0.00e+00	0.00e+00	0.00e+00	0.00e+00	9.96e-01	1.58e-08	4.01e-09
 1.33876e+23	9.97e-01	3.32e-03	7.62e-06	0.00e+00	0.00e+00	0.00e+00	0.00e+00	0.00e+00	0.00e+00	9.97e-01	1.55e-08	3.81e-09
 1.34466e+23	9.97e-01	3.12e-03	7.44e-06	0.00e+00	0.00e+00	0.00e+00	0.00e+00	0.00e+00	0.00e+00	9.97e-01	1.52e-08	3.62e-09
 1.35062e+23	9.97e-01	2.93e-03	7.27e-06	0.00e+00	0.00e+00	0.00e+00	0.00e+00	0.00e+00	0.00e+00	9.97e-01	1.49e-08	3.44e-09
 1.35664e+23	9.97e-01	2.74e-03	7.09e-06	0.00e+00	0.00e+00	0.00e+00	0.00e+00	0.00e+00	0.00e+00	9.97e-01	1.45e-08	3.26e-09
 1.36271e+23	9.97e-01	2.56e-03	6.92e-06	0.00e+00	0.00e+00	0.00e+00	0.00e+00	0.00e+00	0.00e+00	9.97e-01	1.42e-08	3.08e-09
 1.36883e+23	9.98e-01	2.39e-03	6.75e-06	0.00e+00	0.00e+00	0.00e+00	0.00e+00	0.00e+00	0.00e+00	9.98e-01	1.39e-08	2.92e-09
 1.37503e+23	9.98e-01	2.23e-03	6.58e-06	0.00e+00	0.00e+00	0.00e+00	0.00e+00	0.00e+00	0.00e+00	9.98e-01	1.35e-08	2.76e-09
 1.38128e+23	9.98e-01	2.07e-03	6.42e-06	0.00e+00	0.00e+00	0.00e+00	0.00e+00	0.00e+00	0.00e+00	9.98e-01	1.32e-08	2.60e-09
 1.38759e+23	9.98e-01	1.92e-03	6.26e-06	0.00e+00	0.00e+00	0.00e+00	0.00e+00	0.00e+00	0.00e+00	9.98e-01	1.28e-08	2.45e-09
 1.39394e+23	9.98e-01	1.78e-03	6.10e-06	0.00e+00	0.00e+00	0.00e+00	0.00e+00	0.00e+00	0.00e+00	9.98e-01	1.25e-08	2.31e-09
 1.40034e+23	9.98e-01	1.65e-03	5.95e-06	0.00e+00	0.00e+00	0.00e+00	0.00e+00	0.00e+00	0.00e+00	9.98e-01	1.21e-08	2.17e-09
 1.40679e+23	9.98e-01	1.52e-03	5.79e-06	0.00e+00	0.00e+00	0.00e+00	0.00e+00	0.00e+00	0.00e+00	9.98e-01	1.18e-08	2.03e-09
 1.41328e+23	9.99e-01	1.41e-03	5.64e-06	0.00e+00	0.00e+00	0.00e+00	0.00e+00	0.00e+00	0.00e+00	9.99e-01	1.15e-08	1.90e-09
 1.41982e+23	9.99e-01	1.29e-03	5.50e-06	0.00e+00	0.00e+00	0.00e+00	0.00e+00	0.00e+00	0.00e+00	9.99e-01	1.11e-08	1.77e-09
 1.42641e+23	9.99e-01	1.19e-03	5.36e-06	0.00e+00	0.00e+00	0.00e+00	0.00e+00	0.00e+00	0.00e+00	9.99e-01	1.08e-08	1.65e-09
 1.43306e+23	9.99e-01	1.09e-03	5.21e-06	0.00e+00	0.00e+00	0.00e+00	0.00e+00	0.00e+00	0.00e+00	9.99e-01	1.04e-08	1.53e-09
 1.43975e+23	9.99e-01	9.95e-04	5.08e-06	0.00e+00	0.00e+00	0.00e+00	0.00e+00	0.00e+00	0.00e+00	9.99e-01	1.01e-08	1.42e-09
 1.44648e+23	9.99e-01	9.09e-04	4.94e-06	0.00e+00	0.00e+00	0.00e+00	0.00e+00	0.00e+00	0.00e+00	9.99e-01	9.75e-09	1.32e-09
 1.45327e+23	9.99e-01	8.28e-04	4.81e-06	0.00e+00	0.00e+00	0.00e+00	0.00e+00	0.00e+00	0.00e+00	9.99e-01	9.41e-09	1.21e-09
 1.46013e+23	9.99e-01	7.53e-04	4.68e-06	0.00e+00	0.00e+00	0.00e+00	0.00e+00	0.00e+00	0.00e+00	9.99e-01	9.09e-09	1.12e-09
 1.46716e+23	9.99e-01	6.83e-04	4.55e-06	0.00e+00	0.00e+00	0.00e+00	0.00e+00	0.00e+00	0.00e+00	9.99e-01	8.75e-09	1.03e-09
 1.47431e+23	9.99e-01	6.17e-04	4.42e-06	0.00e+00	0.00e+00	0.00e+00	0.00e+00	0.00e+00	0.00e+00	9.99e-01	8.42e-09	9.41e-10
 1.48153e+23	9.99e-01	5.57e-04	4.29e-06	0.00e+00	0.00e+00	0.00e+00	0.00e+00	0.00e+00	0.00e+00	9.99e-01	8.09e-09	8.59e-10
 1.48883e+23	9.99e-01	5.01e-04	4.17e-06	0.00e+00	0.00e+00	0.00e+00	0.00e+00	0.00e+00	0.00e+00	9.99e-01	7.77e-09	7.82e-10
 1.49621e+23	1.00e+00	4.50e-04	4.05e-06	0.00e+00	0.00e+00	0.00e+00	0.00e+00	0.00e+00	0.00e+00	1.00e+00	7.45e-09	7.10e-10
 1.50367e+23	1.00e+00	4.02e-04	3.93e-06	0.00e+00	0.00e+00	0.00e+00	0.00e+00	0.00e+00	0.00e+00	1.00e+00	7.14e-09	6.43e-10
 1.51122e+23	1.00e+00	3.59e-04	3.81e-06	0.00e+00	0.00e+00	0.00e+00	0.00e+00	0.00e+00	0.00e+00	1.00e+00	6.83e-09	5.81e-10
 1.51887e+23	1.00e+00	3.20e-04	3.69e-06	0.00e+00	0.00e+00	0.00e+00	0.00e+00	0.00e+00	0.00e+00	1.00e+00	6.53e-09	5.24e-10
 1.52665e+23	1.00e+00	2.85e-04	3.58e-06	0.00e+00	0.00e+00	0.00e+00	0.00e+00	0.00e+00	0.00e+00	1.00e+00	6.24e-09	4.71e-10
 1.53458e+23	1.00e+00	2.52e-04	3.47e-06	0.00e+00	0.00e+00	0.00e+00	0.00e+00	0.00e+00	0.00e+00	1.00e+00	5.96e-09	4.23e-10
 1.54272e+23	1.00e+00	2.23e-04	3.35e-06	0.00e+00	0.00e+00	0.00e+00	0.00e+00	0.00e+00	0.00e+00	1.00e+00	5.68e-09	3.77e-10
 1.55104e+23	1.00e+00	1.96e-04	3.24e-06	0.00e+00	0.00e+00	0.00e+00	0.00e+00	0.00e+00	0.00e+00	1.00e+00	5.42e-09	3.36e-10
 1.55950e+23	1.00e+00	1.72e-04	3.13e-06	0.00e+00	0.00e+00	0.00e+00	0.00e+00	0.00e+00	0.00e+00	1.00e+00	5.16e-09	2.98e-10
 1.56811e+23	1.00e+00	1.50e-04	3.03e-06	0.00e+00	0.00e+00	0.00e+00	0.00e+00	0.00e+00	0.00e+00	1.00e+00	4.91e-09	2.64e-10
 1.57687e+23	1.00e+00	1.31e-04	2.92e-06	0.00e+00	0.00e+00	0.00e+00	0.00e+00	0.00e+00	0.00e+00	1.00e+00	4.67e-09	2.33e-10
 1.58580e+23	1.00e+00	1.14e-04	2.82e-06	0.00e+00	0.00e+00	0.00e+00	0.00e+00	0.00e+00	0.00e+00	1.00e+00	4.43e-09	2.04e-10
 1.59491e+23	1.00e+00	9.90e-05	2.71e-06	0.00e+00	0.00e+00	0.00e+00	0.00e+00	0.00e+00	0.00e+00	1.00e+00	4.21e-09	1.79e-10
 1.60423e+23	1.00e+00	8.55e-05	2.61e-06	0.00e+00	0.00e+00	0.00e+00	0.00e+00	0.00e+00	0.00e+00	1.00e+00	3.98e-09	1.56e-10
 1.61378e+23	1.00e+00	7.37e-05	2.51e-06	0.00e+00	0.00e+00	0.00e+00	0.00e+00	0.00e+00	0.00e+00	1.00e+00	3.77e-09	1.36e-10
 1.62356e+23	1.00e+00	6.33e-05	2.41e-06	0.00e+00	0.00e+00	0.00e+00	0.00e+00	0.00e+00	0.00e+00	1.00e+00	3.56e-09	1.18e-10
 1.63356e+23	1.00e+00	5.42e-05	2.32e-06	0.00e+00	0.00e+00	0.00e+00	0.00e+00	0.00e+00	0.00e+00	1.00e+00	3.36e-09	1.02e-10
 1.64380e+23	1.00e+00	4.63e-05	2.22e-06	0.00e+00	0.00e+00	0.00e+00	0.00e+00	0.00e+00	0.00e+00	1.00e+00	3.17e-09	8.77e-11
 1.65428e+23	1.00e+00	3.94e-05	2.13e-06	0.00e+00	0.00e+00	0.00e+00	0.00e+00	0.00e+00	0.00e+00	1.00e+00	2.98e-09	7.53e-11
 1.66504e+23	1.00e+00	3.35e-05	2.03e-06	0.00e+00	0.00e+00	0.00e+00	0.00e+00	0.00e+00	0.00e+00	1.00e+00	2.80e-09	6.46e-11
 1.67607e+23	1.00e+00	2.85e-05	1.94e-06	0.00e+00	0.00e+00	0.00e+00	0.00e+00	0.00e+00	0.00e+00	1.00e+00	2.63e-09	5.52e-11
 1.68725e+23	1.00e+00	2.42e-05	1.85e-06	0.00e+00	0.00e+00	0.00e+00	0.00e+00	0.00e+00	0.00e+00	1.00e+00	2.47e-09	4.72e-11
 1.69850e+23	1.00e+00	2.06e-05	1.77e-06	0.00e+00	0.00e+00	0.00e+00	0.00e+00	0.00e+00	0.00e+00	1.00e+00	2.32e-09	4.03e-11
 1.70987e+23	1.00e+00	1.75e-05	1.69e-06	0.00e+00	0.00e+00	0.00e+00	0.00e+00	0.00e+00	0.00e+00	1.00e+00	2.18e-09	3.44e-11
 1.72138e+23	1.00e+00	1.49e-05	1.61e-06	0.00e+00	0.00e+00	0.00e+00	0.00e+00	0.00e+00	0.00e+00	1.00e+00	2.04e-09	2.93e-11
 1.73301e+23	1.00e+00	1.27e-05	1.53e-06	0.00e+00	0.00e+00	0.00e+00	0.00e+00	0.00e+00	0.00e+00	1.00e+00	1.92e-09	2.50e-11
 1.74475e+23	1.00e+00	1.09e-05	1.45e-06	0.00e+00	0.00e+00	0.00e+00	0.00e+00	0.00e+00	0.00e+00	1.00e+00	1.80e-09	2.13e-11
 1.75662e+23	1.00e+00	9.34e-06	1.38e-06	0.00e+00	0.00e+00	0.00e+00	0.00e+00	0.00e+00	0.00e+00	1.00e+00	1.68e-09	1.82e-11
 1.76862e+23	1.00e+00	8.03e-06	1.31e-06	0.00e+00	0.00e+00	0.00e+00	0.00e+00	0.00e+00	0.00e+00	1.00e+00	1.58e-09	1.56e-11
 1.78075e+23	1.00e+00	6.93e-06	1.25e-06	0.00e+00	0.00e+00	0.00e+00	0.00e+00	0.00e+00	0.00e+00	1.00e+00	1.48e-09	1.33e-11
 1.79301e+23	1.00e+00	5.99e-06	1.18e-06	0.00e+00	0.00e+00	0.00e+00	0.00e+00	0.00e+00	0.00e+00	1.00e+00	1.39e-09	1.14e-11
 1.80535e+23	1.00e+00	5.21e-06	1.12e-06	0.00e+00	0.00e+00	0.00e+00	0.00e+00	0.00e+00	0.00e+00	1.00e+00	1.30e-09	9.80e-12
 1.81781e+23	1.00e+00	4.53e-06	1.06e-06	0.00e+00	0.00e+00	0.00e+00	0.00e+00	0.00e+00	0.00e+00	1.00e+00	1.21e-09	8.26e-12
