#depth	Cl	Cl+	Cl+2	Cl+3	Cl+4	Cl+5	Cl+6	Cl+7	Cl+8	Cl+9	Cl+10	Cl+11	Cl+12	Cl+13	Cl+14	Cl+15	Cl+16	Cl+17
 4.62852e+21	0.00e+00	0.00e+00	0.00e+00	0.00e+00	0.00e+00	0.00e+00	0.00e+00	0.00e+00	6.48e-25	2.39e-21	4.09e-18	4.18e-15	2.47e-12	8.90e-10	3.54e-07	2.60e-04	2.80e-02	9.72e-01
 1.05308e+22	0.00e+00	0.00e+00	0.00e+00	0.00e+00	0.00e+00	0.00e+00	0.00e+00	2.70e-27	1.60e-23	4.09e-20	4.85e-17	3.54e-14	1.46e-11	3.68e-09	1.02e-06	5.25e-04	3.96e-02	9.60e-01
 1.26618e+22	0.00e+00	0.00e+00	0.00e+00	0.00e+00	0.00e+00	0.00e+00	0.00e+00	2.95e-26	1.36e-22	2.72e-19	2.55e-16	1.46e-13	4.72e-11	9.41e-09	2.07e-06	8.36e-04	4.97e-02	9.49e-01
 1.42045e+22	0.00e+00	0.00e+00	0.00e+00	0.00e+00	0.00e+00	0.00e+00	1.50e-29	1.99e-25	7.56e-22	1.24e-18	9.57e-16	4.51e-13	1.20e-10	1.98e-08	3.61e-06	1.21e-03	5.94e-02	9.39e-01
 1.50616e+22	0.00e+00	0.00e+00	0.00e+00	0.00e+00	0.00e+00	0.00e+00	2.56e-29	3.22e-25	1.16e-21	1.81e-18	1.33e-15	5.97e-13	1.52e-10	2.39e-08	4.15e-06	1.33e-03	6.21e-02	9.37e-01
 1.54559e+22	0.00e+00	0.00e+00	0.00e+00	0.00e+00	0.00e+00	0.00e+00	5.07e-29	6.00e-25	2.03e-21	2.97e-18	2.05e-15	8.62e-13	2.06e-10	3.05e-08	4.98e-06	1.50e-03	6.58e-02	9.33e-01
 1.58799e+22	0.00e+00	0.00e+00	0.00e+00	0.00e+00	0.00e+00	0.00e+00	9.18e-29	1.02e-24	3.27e-21	4.53e-18	2.96e-15	1.18e-12	2.67e-10	3.75e-08	5.81e-06	1.66e-03	6.92e-02	9.29e-01
 1.63425e+22	0.00e+00	0.00e+00	0.00e+00	0.00e+00	0.00e+00	0.00e+00	2.05e-28	2.12e-24	6.28e-21	8.05e-18	4.88e-15	1.81e-12	3.80e-10	4.97e-08	7.17e-06	1.90e-03	7.39e-02	9.24e-01
 1.67663e+22	0.00e+00	0.00e+00	0.00e+00	0.00e+00	0.00e+00	0.00e+00	3.44e-28	3.38e-24	9.54e-21	1.17e-17	6.76e-15	2.38e-12	4.79e-10	5.97e-08	8.22e-06	2.08e-03	7.72e-02	9.21e-01
 1.71396e+22	0.00e+00	0.00e+00	0.00e+00	0.00e+00	0.00e+00	0.00e+00	6.33e-28	5.87e-24	1.56e-20	1.81e-17	9.86e-15	3.29e-12	6.24e-10	7.38e-08	9.63e-06	2.31e-03	8.11e-02	9.17e-01
 1.75352e+22	0.00e+00	0.00e+00	0.00e+00	0.00e+00	0.00e+00	0.00e+00	1.13e-27	9.91e-24	2.50e-20	2.74e-17	1.42e-14	4.47e-12	8.06e-10	9.05e-08	1.12e-05	2.55e-03	8.51e-02	9.12e-01
 1.78829e+22	0.00e+00	0.00e+00	0.00e+00	0.00e+00	0.00e+00	0.00e+00	1.89e-27	1.58e-23	3.78e-20	3.95e-17	1.95e-14	5.87e-12	1.01e-09	1.08e-07	1.28e-05	2.79e-03	8.87e-02	9.08e-01
 1.82580e+22	0.00e+00	0.00e+00	0.00e+00	0.00e+00	0.00e+00	0.00e+00	3.48e-27	2.74e-23	6.20e-20	6.11e-17	2.85e-14	8.10e-12	1.32e-09	1.34e-07	1.50e-05	3.09e-03	9.32e-02	9.04e-01
 1.86520e+22	0.00e+00	0.00e+00	0.00e+00	0.00e+00	0.00e+00	0.00e+00	6.16e-27	4.59e-23	9.84e-20	9.20e-17	4.06e-14	1.10e-11	1.69e-09	1.64e-07	1.74e-05	3.41e-03	9.76e-02	8.99e-01
 1.90032e+22	0.00e+00	0.00e+00	0.00e+00	0.00e+00	0.00e+00	2.30e-30	1.05e-26	7.40e-23	1.51e-19	1.34e-16	5.65e-14	1.45e-11	2.13e-09	1.97e-07	2.00e-05	3.73e-03	1.02e-01	8.94e-01
 1.93384e+22	0.00e+00	0.00e+00	0.00e+00	0.00e+00	0.00e+00	4.02e-30	1.74e-26	1.18e-22	2.28e-19	1.93e-16	7.76e-14	1.90e-11	2.67e-09	2.35e-07	2.28e-05	4.07e-03	1.06e-01	8.90e-01
 1.97203e+22	0.00e+00	0.00e+00	0.00e+00	0.00e+00	0.00e+00	7.98e-30	3.28e-26	2.08e-22	3.80e-19	3.04e-16	1.15e-13	2.65e-11	3.51e-09	2.93e-07	2.69e-05	4.53e-03	1.12e-01	8.84e-01
 2.00847e+22	0.00e+00	0.00e+00	0.00e+00	0.00e+00	0.00e+00	1.35e-29	5.32e-26	3.22e-22	5.62e-19	4.29e-16	1.55e-13	3.42e-11	4.34e-09	3.46e-07	3.04e-05	4.92e-03	1.16e-01	8.79e-01
 2.03719e+22	0.00e+00	0.00e+00	0.00e+00	0.00e+00	0.00e+00	2.16e-29	8.19e-26	4.76e-22	7.97e-19	5.84e-16	2.03e-13	4.30e-11	5.24e-09	4.02e-07	3.40e-05	5.29e-03	1.20e-01	8.75e-01
 2.06905e+22	0.00e+00	0.00e+00	0.00e+00	0.00e+00	0.00e+00	3.75e-29	1.36e-25	7.53e-22	1.20e-18	8.39e-16	2.78e-13	5.61e-11	6.53e-09	4.79e-07	3.87e-05	5.76e-03	1.25e-01	8.69e-01
 2.10344e+22	0.00e+00	0.00e+00	0.00e+00	0.00e+00	0.00e+00	6.46e-29	2.25e-25	1.19e-21	1.80e-18	1.20e-15	3.79e-13	7.32e-11	8.13e-09	5.71e-07	4.41e-05	6.26e-03	1.30e-01	8.64e-01
 2.13490e+22	0.00e+00	0.00e+00	0.00e+00	0.00e+00	0.00e+00	1.06e-28	3.56e-25	1.80e-21	2.62e-18	1.67e-15	5.04e-13	9.32e-11	9.93e-09	6.69e-07	4.96e-05	6.76e-03	1.34e-01	8.59e-01
 2.16480e+22	0.00e+00	0.00e+00	0.00e+00	0.00e+00	0.00e+00	1.74e-28	5.60e-25	2.70e-21	3.77e-18	2.30e-15	6.68e-13	1.18e-10	1.21e-08	7.82e-07	5.57e-05	7.29e-03	1.39e-01	8.53e-01
 2.19888e+22	0.00e+00	0.00e+00	0.00e+00	0.00e+00	0.00e+00	3.20e-28	9.83e-25	4.50e-21	5.94e-18	3.44e-15	9.46e-13	1.59e-10	1.54e-08	9.49e-07	6.43e-05	8.01e-03	1.45e-01	8.47e-01
 2.23363e+22	0.00e+00	0.00e+00	0.00e+00	0.00e+00	0.00e+00	5.38e-28	1.58e-24	6.93e-21	8.75e-18	4.84e-15	1.27e-12	2.05e-10	1.90e-08	1.12e-06	7.27e-05	8.67e-03	1.51e-01	8.41e-01
 2.26407e+22	0.00e+00	0.00e+00	0.00e+00	0.00e+00	0.00e+00	8.86e-28	2.51e-24	1.05e-20	1.27e-17	6.71e-15	1.69e-12	2.60e-10	2.32e-08	1.31e-06	8.17e-05	9.35e-03	1.56e-01	8.35e-01
 2.29360e+22	0.00e+00	0.00e+00	0.00e+00	0.00e+00	0.00e+00	1.44e-27	3.91e-24	1.57e-20	1.82e-17	9.22e-15	2.23e-12	3.29e-10	2.81e-08	1.53e-06	9.15e-05	1.01e-02	1.61e-01	8.29e-01
 2.32114e+22	0.00e+00	0.00e+00	0.00e+00	0.00e+00	0.00e+00	2.21e-27	5.81e-24	2.24e-20	2.50e-17	1.22e-14	2.84e-12	4.05e-10	3.34e-08	1.75e-06	1.01e-04	1.07e-02	1.66e-01	8.23e-01
 2.35093e+22	0.00e+00	0.00e+00	0.00e+00	0.00e+00	8.33e-31	3.67e-27	9.29e-24	3.42e-20	3.65e-17	1.71e-14	3.80e-12	5.17e-10	4.08e-08	2.05e-06	1.14e-04	1.16e-02	1.72e-01	8.17e-01
 2.38225e+22	0.00e+00	0.00e+00	0.00e+00	0.00e+00	1.41e-30	5.97e-27	1.45e-23	5.14e-20	5.24e-17	2.35e-14	5.01e-12	6.55e-10	4.96e-08	2.40e-06	1.28e-04	1.25e-02	1.77e-01	8.10e-01
 2.40976e+22	0.00e+00	0.00e+00	0.00e+00	0.00e+00	2.26e-30	9.27e-27	2.18e-23	7.41e-20	7.27e-17	3.14e-14	6.45e-12	8.10e-10	5.91e-08	2.75e-06	1.41e-04	1.33e-02	1.83e-01	8.04e-01
 2.43975e+22	0.00e+00	0.00e+00	0.00e+00	0.00e+00	3.95e-30	1.56e-26	3.52e-23	1.14e-19	1.07e-16	4.41e-14	8.66e-12	1.04e-09	7.26e-08	3.24e-06	1.59e-04	1.44e-02	1.89e-01	7.96e-01
 2.47060e+22	0.00e+00	0.00e+00	0.00e+00	0.00e+00	6.60e-30	2.51e-26	5.45e-23	1.70e-19	1.53e-16	6.03e-14	1.14e-11	1.31e-09	8.78e-08	3.77e-06	1.78e-04	1.55e-02	1.95e-01	7.89e-01
 2.49698e+22	0.00e+00	0.00e+00	0.00e+00	0.00e+00	1.04e-29	3.82e-26	8.03e-23	2.41e-19	2.09e-16	7.95e-14	1.44e-11	1.60e-09	1.04e-07	4.30e-06	1.96e-04	1.65e-02	2.00e-01	7.83e-01
 2.52570e+22	0.00e+00	0.00e+00	0.00e+00	0.00e+00	1.77e-29	6.27e-26	1.27e-22	3.64e-19	3.02e-16	1.10e-13	1.91e-11	2.04e-09	1.26e-07	5.02e-06	2.20e-04	1.77e-02	2.07e-01	7.75e-01
 2.55635e+22	0.00e+00	0.00e+00	0.00e+00	0.00e+00	2.95e-29	1.01e-25	1.97e-22	5.42e-19	4.30e-16	1.50e-13	2.51e-11	2.56e-09	1.52e-07	5.83e-06	2.46e-04	1.90e-02	2.13e-01	7.68e-01
 2.58413e+22	0.00e+00	0.00e+00	0.00e+00	0.00e+00	4.77e-29	1.57e-25	2.96e-22	7.84e-19	5.99e-16	2.01e-13	3.23e-11	3.18e-09	1.82e-07	6.71e-06	2.72e-04	2.03e-02	2.19e-01	7.60e-01
 2.60908e+22	0.00e+00	0.00e+00	0.00e+00	0.00e+00	7.30e-29	2.34e-25	4.26e-22	1.09e-18	8.04e-16	2.61e-13	4.05e-11	3.84e-09	2.13e-07	7.59e-06	2.98e-04	2.15e-02	2.25e-01	7.54e-01
 2.63224e+22	0.00e+00	0.00e+00	0.00e+00	0.00e+00	1.09e-28	3.38e-25	5.99e-22	1.48e-18	1.06e-15	3.32e-13	4.99e-11	4.59e-09	2.46e-07	8.52e-06	3.24e-04	2.27e-02	2.30e-01	7.47e-01
 2.65885e+22	0.00e+00	0.00e+00	0.00e+00	0.00e+00	1.75e-28	5.28e-25	9.03e-22	2.15e-18	1.47e-15	4.45e-13	6.43e-11	5.68e-09	2.93e-07	9.78e-06	3.59e-04	2.42e-02	2.36e-01	7.39e-01
 2.68753e+22	0.00e+00	0.00e+00	0.00e+00	0.00e+00	1.39e-28	4.04e-25	6.66e-22	3.12e-18	2.06e-15	5.97e-13	8.30e-11	7.05e-09	3.50e-07	1.13e-05	3.97e-04	2.58e-02	2.42e-01	7.31e-01
 2.71335e+22	0.00e+00	0.00e+00	0.00e+00	0.00e+00	4.41e-28	1.24e-24	1.99e-21	4.39e-18	2.79e-15	7.81e-13	1.05e-10	8.59e-09	4.12e-07	1.28e-05	4.36e-04	2.74e-02	2.48e-01	7.24e-01
 2.74138e+22	0.00e+00	0.00e+00	0.00e+00	0.00e+00	3.63e-28	9.88e-25	1.52e-21	6.57e-18	4.00e-15	1.07e-12	1.38e-10	1.08e-08	4.98e-07	1.48e-05	4.86e-04	2.93e-02	2.56e-01	7.15e-01
 2.76983e+22	0.00e+00	0.00e+00	0.00e+00	0.00e+00	5.80e-28	1.53e-24	2.27e-21	9.44e-18	5.53e-15	1.43e-12	1.76e-10	1.34e-08	5.92e-07	1.70e-05	5.37e-04	3.12e-02	2.62e-01	7.06e-01
 2.79362e+22	0.00e+00	0.00e+00	0.00e+00	0.00e+00	8.70e-28	2.22e-24	3.21e-21	1.29e-17	7.32e-15	1.83e-12	2.19e-10	1.60e-08	6.87e-07	1.91e-05	5.85e-04	3.29e-02	2.68e-01	6.99e-01
 2.81934e+22	0.00e+00	0.00e+00	0.00e+00	0.00e+00	1.40e-27	3.45e-24	4.81e-21	1.86e-17	1.01e-14	2.43e-12	2.80e-10	1.97e-08	8.15e-07	2.19e-05	6.45e-04	3.50e-02	2.74e-01	6.90e-01
 2.84715e+22	0.00e+00	0.00e+00	0.00e+00	5.98e-31	2.23e-27	5.34e-24	7.18e-21	2.68e-17	1.40e-14	3.24e-12	3.59e-10	2.43e-08	9.68e-07	2.50e-05	7.12e-04	3.72e-02	2.81e-01	6.81e-01
 2.87265e+22	0.00e+00	0.00e+00	0.00e+00	9.45e-31	3.43e-27	7.95e-24	1.04e-20	3.73e-17	1.89e-14	4.21e-12	4.50e-10	2.95e-08	1.13e-06	2.83e-05	7.78e-04	3.93e-02	2.87e-01	6.73e-01
 2.89612e+22	0.00e+00	0.00e+00	0.00e+00	1.45e-30	5.11e-27	1.15e-23	1.46e-20	5.08e-17	2.49e-14	5.37e-12	5.56e-10	3.52e-08	1.31e-06	3.17e-05	8.45e-04	4.14e-02	2.93e-01	6.65e-01
 2.92200e+22	0.00e+00	0.00e+00	0.00e+00	2.39e-30	8.16e-27	1.78e-23	2.18e-20	7.31e-17	3.44e-14	7.13e-12	7.11e-10	4.33e-08	1.55e-06	3.63e-05	9.31e-04	4.40e-02	3.00e-01	6.55e-01
 2.94930e+22	0.00e+00	0.00e+00	0.00e+00	3.87e-30	1.28e-26	2.71e-23	3.20e-20	1.04e-16	4.69e-14	9.39e-12	9.02e-10	5.30e-08	1.83e-06	4.13e-05	1.02e-03	4.66e-02	3.06e-01	6.46e-01
 2.97351e+22	0.00e+00	0.00e+00	0.00e+00	6.02e-30	1.93e-26	3.97e-23	4.56e-20	1.42e-16	6.24e-14	1.21e-11	1.12e-09	6.37e-08	2.13e-06	4.64e-05	1.11e-03	4.91e-02	3.12e-01	6.37e-01
 3.00002e+22	0.00e+00	0.00e+00	0.00e+00	1.01e-29	3.14e-26	6.24e-23	6.92e-20	2.08e-16	8.73e-14	1.62e-11	1.45e-09	7.90e-08	2.54e-06	5.33e-05	1.23e-03	5.22e-02	3.20e-01	6.27e-01
 3.02811e+22	0.00e+00	0.00e+00	0.00e+00	1.67e-29	5.01e-26	9.63e-23	1.03e-19	2.98e-16	1.21e-13	2.16e-11	1.85e-09	9.73e-08	3.01e-06	6.09e-05	1.35e-03	5.54e-02	3.26e-01	6.17e-01
 3.05250e+22	0.00e+00	0.00e+00	0.00e+00	2.59e-29	7.56e-26	1.41e-22	1.46e-19	4.09e-16	1.60e-13	2.77e-11	2.30e-09	1.17e-07	3.50e-06	6.84e-05	1.47e-03	5.83e-02	3.32e-01	6.08e-01
 3.07462e+22	0.00e+00	0.00e+00	0.00e+00	3.89e-29	1.11e-25	2.01e-22	2.03e-19	5.50e-16	2.08e-13	3.49e-11	2.81e-09	1.38e-07	4.02e-06	7.62e-05	1.59e-03	6.11e-02	3.38e-01	5.99e-01
 3.09958e+22	0.00e+00	0.00e+00	0.00e+00	6.28e-29	1.73e-25	3.05e-22	2.98e-19	7.78e-16	2.84e-13	4.59e-11	3.56e-09	1.69e-07	4.72e-06	8.65e-05	1.74e-03	6.46e-02	3.45e-01	5.89e-01
 3.12648e+22	0.00e+00	0.00e+00	0.00e+00	1.02e-28	2.74e-25	4.66e-22	4.39e-19	1.11e-15	3.90e-13	6.06e-11	4.53e-09	2.07e-07	5.58e-06	9.85e-05	1.91e-03	6.83e-02	3.51e-01	5.78e-01
 3.15068e+22	0.00e+00	0.00e+00	0.00e+00	9.07e-29	2.36e-25	3.91e-22	6.18e-19	1.51e-15	5.13e-13	7.72e-11	5.59e-09	2.47e-07	6.45e-06	1.10e-04	2.07e-03	7.17e-02	3.57e-01	5.69e-01
 3.17693e+22	0.00e+00	0.00e+00	0.00e+00	1.55e-28	3.89e-25	6.22e-22	9.47e-19	2.22e-15	7.25e-13	1.05e-10	7.27e-09	3.09e-07	7.73e-06	1.27e-04	2.29e-03	7.62e-02	3.64e-01	5.57e-01
 3.20425e+22	0.00e+00	0.00e+00	0.00e+00	2.48e-28	6.04e-25	9.35e-22	1.38e-18	3.12e-15	9.82e-13	1.37e-10	9.16e-09	3.75e-07	9.07e-06	1.44e-04	2.50e-03	8.03e-02	3.70e-01	5.47e-01
 3.22778e+22	0.00e+00	0.00e+00	0.00e+00	3.80e-28	8.99e-25	1.35e-21	1.93e-18	4.23e-15	1.29e-12	1.74e-10	1.13e-08	4.48e-07	1.05e-05	1.61e-04	2.71e-03	8.42e-02	3.76e-01	5.37e-01
 3.25321e+22	0.00e+00	0.00e+00	0.00e+00	6.25e-28	1.43e-24	2.09e-21	2.87e-18	6.07e-15	1.78e-12	2.31e-10	1.44e-08	5.50e-07	1.24e-05	1.83e-04	2.97e-03	8.90e-02	3.82e-01	5.26e-01
 3.27996e+22	0.00e+00	0.00e+00	0.00e+00	1.00e-27	2.23e-24	3.14e-21	4.17e-18	8.52e-15	2.41e-12	3.03e-10	1.82e-08	6.70e-07	1.46e-05	2.07e-04	3.24e-03	9.37e-02	3.88e-01	5.15e-01
 3.30373e+22	0.00e+00	0.00e+00	2.12e-31	1.56e-27	3.36e-24	4.59e-21	5.90e-18	1.17e-14	3.20e-12	3.88e-10	2.26e-08	8.04e-07	1.69e-05	2.32e-04	3.52e-03	9.83e-02	3.93e-01	5.05e-01
 3.32994e+22	0.00e+00	0.00e+00	3.75e-31	2.66e-27	5.54e-24	7.30e-21	9.02e-18	1.72e-14	4.52e-12	5.26e-10	2.94e-08	1.00e-06	2.02e-05	2.67e-04	3.88e-03	1.04e-01	4.00e-01	4.92e-01
 3.35695e+22	0.00e+00	0.00e+00	6.14e-31	4.24e-27	8.55e-24	1.09e-20	1.30e-17	2.40e-14	6.09e-12	6.85e-10	3.69e-08	1.22e-06	2.37e-05	3.01e-04	4.22e-03	1.09e-01	4.05e-01	4.81e-01
 3.37992e+22	0.00e+00	0.00e+00	9.63e-31	6.47e-27	1.27e-23	1.57e-20	1.81e-17	3.24e-14	7.99e-12	8.70e-10	4.55e-08	1.45e-06	2.73e-05	3.37e-04	4.56e-03	1.14e-01	4.10e-01	4.71e-01
 3.40138e+22	0.00e+00	0.00e+00	1.46e-30	9.55e-27	1.82e-23	2.20e-20	2.47e-17	4.29e-14	1.03e-11	1.09e-09	5.50e-08	1.71e-06	3.12e-05	3.72e-04	4.90e-03	1.19e-01	4.14e-01	4.61e-01
 3.42596e+22	0.00e+00	0.00e+00	2.46e-30	1.56e-26	2.88e-23	3.36e-20	3.63e-17	6.10e-14	1.41e-11	1.43e-09	7.01e-08	2.09e-06	3.68e-05	4.23e-04	5.35e-03	1.25e-01	4.19e-01	4.49e-01
 3.45189e+22	0.00e+00	0.00e+00	4.06e-30	2.51e-26	4.47e-23	5.04e-20	5.25e-17	8.54e-14	1.90e-11	1.87e-09	8.83e-08	2.55e-06	4.32e-05	4.78e-04	5.83e-03	1.32e-01	4.24e-01	4.38e-01
 3.47495e+22	0.00e+00	0.00e+00	6.44e-30	3.87e-26	6.70e-23	7.32e-20	7.37e-17	1.16e-13	2.51e-11	2.39e-09	1.09e-07	3.05e-06	5.00e-05	5.35e-04	6.30e-03	1.38e-01	4.28e-01	4.27e-01
 3.50033e+22	0.00e+00	0.00e+00	1.12e-29	6.51e-26	1.09e-22	1.14e-19	1.11e-16	1.69e-13	3.50e-11	3.21e-09	1.41e-07	3.79e-06	5.96e-05	6.11e-04	6.92e-03	1.45e-01	4.33e-01	4.15e-01
 3.52577e+22	0.00e+00	0.00e+00	1.82e-29	1.03e-25	1.66e-22	1.69e-19	1.58e-16	2.33e-13	4.69e-11	4.16e-09	1.76e-07	4.58e-06	6.97e-05	6.88e-04	7.50e-03	1.52e-01	4.37e-01	4.03e-01
 3.54675e+22	0.00e+00	0.00e+00	2.74e-29	1.51e-25	2.37e-22	2.35e-19	2.12e-16	3.06e-13	5.99e-11	5.16e-09	2.13e-07	5.36e-06	7.92e-05	7.59e-04	8.03e-03	1.57e-01	4.40e-01	3.94e-01
 3.56943e+22	0.00e+00	0.00e+00	4.58e-29	2.44e-25	3.71e-22	3.54e-19	3.08e-16	4.30e-13	8.14e-11	6.77e-09	2.69e-07	6.55e-06	9.32e-05	8.58e-04	8.74e-03	1.65e-01	4.43e-01	3.82e-01
 3.59334e+22	0.00e+00	0.00e+00	7.31e-29	3.79e-25	5.57e-22	5.14e-19	4.31e-16	5.86e-13	1.07e-10	8.67e-09	3.34e-07	7.86e-06	1.08e-04	9.61e-04	9.44e-03	1.72e-01	4.46e-01	3.71e-01
 3.61514e+22	0.00e+00	0.00e+00	1.14e-28	5.76e-25	8.21e-22	7.34e-19	5.96e-16	7.88e-13	1.40e-10	1.10e-08	4.10e-07	9.35e-06	1.25e-04	1.07e-03	1.02e-02	1.79e-01	4.49e-01	3.61e-01
 3.63977e+22	0.00e+00	0.00e+00	1.98e-28	9.64e-25	1.32e-21	1.14e-18	8.84e-16	1.13e-12	1.95e-10	1.47e-08	5.27e-07	1.16e-05	1.48e-04	1.22e-03	1.11e-02	1.88e-01	4.51e-01	3.48e-01
 3.66423e+22	0.00e+00	0.00e+00	3.19e-28	1.51e-24	2.00e-21	1.66e-18	1.24e-15	1.55e-12	2.58e-10	1.89e-08	6.56e-07	1.39e-05	1.72e-04	1.37e-03	1.20e-02	1.96e-01	4.53e-01	3.37e-01
 3.68421e+22	0.00e+00	0.00e+00	4.79e-28	2.20e-24	2.84e-21	2.29e-18	1.66e-15	2.02e-12	3.28e-10	2.34e-08	7.90e-07	1.63e-05	1.96e-04	1.50e-03	1.28e-02	2.03e-01	4.55e-01	3.28e-01
 3.70593e+22	0.00e+00	0.00e+00	7.95e-28	3.54e-24	4.39e-21	3.41e-18	2.38e-15	2.81e-12	4.42e-10	3.05e-08	9.95e-07	1.99e-05	2.30e-04	1.69e-03	1.39e-02	2.11e-01	4.56e-01	3.16e-01
 3.72866e+22	0.00e+00	0.00e+00	1.26e-27	5.42e-24	6.51e-21	4.88e-18	3.28e-15	3.79e-12	5.79e-10	3.87e-08	1.23e-06	2.37e-05	2.65e-04	1.89e-03	1.49e-02	2.19e-01	4.57e-01	3.06e-01
 3.74916e+22	0.00e+00	1.38e-31	1.93e-27	8.10e-24	9.42e-21	6.85e-18	4.45e-15	5.01e-12	7.46e-10	4.85e-08	1.49e-06	2.80e-05	3.04e-04	2.09e-03	1.59e-02	2.27e-01	4.58e-01	2.97e-01
 3.77227e+22	0.00e+00	2.47e-31	3.33e-27	1.35e-23	1.51e-20	1.05e-17	6.53e-15	7.14e-12	1.03e-09	6.45e-08	1.91e-06	3.46e-05	3.60e-04	2.37e-03	1.73e-02	2.37e-01	4.58e-01	2.85e-01
 3.79518e+22	0.00e+00	4.02e-31	5.24e-27	2.06e-23	2.22e-20	1.49e-17	8.94e-15	9.56e-12	1.34e-09	8.17e-08	2.35e-06	4.12e-05	4.16e-04	2.64e-03	1.86e-02	2.46e-01	4.58e-01	2.75e-01
 3.81409e+22	0.00e+00	6.12e-31	7.77e-27	2.97e-23	3.12e-20	2.03e-17	1.18e-14	1.23e-11	1.69e-09	1.00e-07	2.81e-06	4.80e-05	4.70e-04	2.89e-03	1.98e-02	2.53e-01	4.58e-01	2.66e-01
 3.83494e+22	0.00e+00	1.05e-30	1.28e-26	4.74e-23	4.78e-20	3.00e-17	1.67e-14	1.70e-11	2.26e-09	1.30e-07	3.53e-06	5.83e-05	5.50e-04	3.24e-03	2.13e-02	2.63e-01	4.57e-01	2.55e-01
 3.85661e+22	0.00e+00	1.65e-30	1.96e-26	7.05e-23	6.89e-20	4.19e-17	2.25e-14	2.24e-11	2.90e-09	1.62e-07	4.27e-06	6.86e-05	6.27e-04	3.57e-03	2.27e-02	2.71e-01	4.56e-01	2.46e-01
 3.87934e+22	0.00e+00	2.98e-30	3.41e-26	1.18e-22	1.10e-19	6.41e-17	3.28e-14	3.19e-11	4.00e-09	2.16e-07	5.48e-06	8.48e-05	7.44e-04	4.06e-03	2.47e-02	2.82e-01	4.54e-01	2.35e-01
 3.90207e+22	0.00e+00	4.92e-30	5.44e-26	1.82e-22	1.64e-19	9.18e-17	4.51e-14	4.29e-11	5.23e-09	2.75e-07	6.77e-06	1.01e-04	8.60e-04	4.51e-03	2.64e-02	2.91e-01	4.51e-01	2.25e-01
 3.92061e+22	0.00e+00	7.43e-30	7.98e-26	2.60e-22	2.28e-19	1.24e-16	5.88e-14	5.49e-11	6.54e-09	3.36e-07	8.05e-06	1.18e-04	9.69e-04	4.92e-03	2.79e-02	2.99e-01	4.49e-01	2.18e-01
 3.94049e+22	0.00e+00	1.25e-29	1.29e-25	4.08e-22	3.43e-19	1.79e-16	8.17e-14	7.47e-11	8.65e-09	4.32e-07	1.00e-05	1.41e-04	1.12e-03	5.49e-03	3.00e-02	3.09e-01	4.47e-01	2.08e-01
 3.96151e+22	0.00e+00	1.98e-29	1.99e-25	6.08e-22	4.95e-19	2.49e-16	1.10e-13	9.82e-11	1.11e-08	5.39e-07	1.21e-05	1.67e-04	1.28e-03	6.04e-03	3.19e-02	3.17e-01	4.44e-01	2.00e-01
 3.98072e+22	0.00e+00	3.11e-29	3.04e-25	9.01e-22	7.09e-19	3.45e-16	1.46e-13	1.28e-10	1.42e-08	6.71e-07	1.47e-05	1.96e-04	1.46e-03	6.64e-03	3.38e-02	3.26e-01	4.40e-01	1.92e-01
 3.99947e+22	0.00e+00	4.89e-29	4.62e-25	1.33e-21	1.01e-18	4.75e-16	1.94e-13	1.67e-10	1.81e-08	8.33e-07	1.77e-05	2.30e-04	1.66e-03	7.29e-03	3.59e-02	3.35e-01	4.37e-01	1.84e-01
 4.02092e+22	0.00e+00	8.70e-29	7.91e-25	2.19e-21	1.59e-18	7.15e-16	2.78e-13	2.35e-10	2.46e-08	1.10e-06	2.26e-05	2.82e-04	1.96e-03	8.21e-03	3.86e-02	3.45e-01	4.32e-01	1.74e-01
 4.04242e+22	0.00e+00	1.38e-28	1.21e-24	3.26e-21	2.29e-18	9.90e-16	3.71e-13	3.07e-10	3.14e-08	1.37e-06	2.73e-05	3.32e-04	2.23e-03	9.01e-03	4.09e-02	3.54e-01	4.27e-01	1.66e-01
 4.06399e+22	0.00e+00	2.42e-28	2.05e-24	5.30e-21	3.56e-18	1.48e-15	5.27e-13	4.27e-10	4.25e-08	1.79e-06	3.45e-05	4.04e-04	2.61e-03	1.01e-02	4.39e-02	3.64e-01	4.21e-01	1.57e-01
 4.08568e+22	0.00e+00	3.86e-28	3.17e-24	7.93e-21	5.15e-18	2.05e-15	7.06e-13	5.62e-10	5.46e-08	2.24e-06	4.19e-05	4.76e-04	2.97e-03	1.11e-02	4.65e-02	3.73e-01	4.16e-01	1.50e-01
 4.10442e+22	0.00e+00	6.03e-28	4.80e-24	1.17e-20	7.30e-18	2.81e-15	9.31e-13	7.29e-10	6.92e-08	2.77e-06	5.04e-05	5.57e-04	3.37e-03	1.21e-02	4.91e-02	3.81e-01	4.11e-01	1.43e-01
 4.12566e+22	0.00e+00	1.08e-27	8.27e-24	1.93e-20	1.15e-17	4.23e-15	1.33e-12	1.02e-09	9.44e-08	3.66e-06	6.42e-05	6.84e-04	3.97e-03	1.36e-02	5.26e-02	3.91e-01	4.03e-01	1.34e-01
 4.14718e+22	0.00e+00	1.72e-27	1.27e-23	2.87e-20	1.65e-17	5.84e-15	1.77e-12	1.33e-09	1.21e-07	4.56e-06	7.76e-05	8.03e-04	4.50e-03	1.49e-02	5.56e-02	3.99e-01	3.97e-01	1.28e-01
 4.16592e+22	0.00e+00	2.74e-27	1.95e-23	4.27e-20	2.37e-17	8.04e-15	2.33e-12	1.74e-09	1.54e-07	5.68e-06	9.40e-05	9.43e-04	5.12e-03	1.63e-02	5.86e-02	4.07e-01	3.91e-01	1.21e-01
 4.18369e+22	0.00e+00	4.17e-27	2.89e-23	6.12e-20	3.28e-17	1.08e-14	3.01e-12	2.21e-09	1.92e-07	6.93e-06	1.12e-04	1.09e-03	5.75e-03	1.77e-02	6.15e-02	4.14e-01	3.84e-01	1.16e-01
 4.20333e+22	0.00e+00	7.07e-27	4.72e-23	9.64e-20	4.94e-17	1.55e-14	4.14e-12	3.00e-09	2.54e-07	8.89e-06	1.39e-04	1.31e-03	6.64e-03	1.96e-02	6.52e-02	4.22e-01	3.76e-01	1.09e-01
 4.22351e+22	0.00e+00	1.13e-26	7.31e-23	1.44e-19	7.11e-17	2.14e-14	5.48e-12	3.91e-09	3.25e-07	1.11e-05	1.68e-04	1.54e-03	7.54e-03	2.14e-02	6.86e-02	4.29e-01	3.69e-01	1.03e-01
 4.23979e+22	0.00e+00	1.64e-26	1.03e-22	1.97e-19	9.42e-17	2.75e-14	6.80e-12	4.81e-09	3.93e-07	1.32e-05	1.95e-04	1.75e-03	8.33e-03	2.29e-02	7.14e-02	4.35e-01	3.63e-01	9.81e-02
 4.25634e+22	0.00e+00	2.59e-26	1.57e-22	2.91e-19	1.34e-16	3.76e-14	8.91e-12	6.23e-09	4.99e-07	1.63e-05	2.35e-04	2.04e-03	9.41e-03	2.50e-02	7.49e-02	4.41e-01	3.55e-01	9.27e-02
 4.27230e+22	0.00e+00	3.65e-26	2.16e-22	3.90e-19	1.74e-16	4.74e-14	1.09e-11	7.56e-09	5.97e-07	1.92e-05	2.70e-04	2.30e-03	1.03e-02	2.66e-02	7.76e-02	4.45e-01	3.49e-01	8.87e-02
 4.28535e+22	0.00e+00	5.13e-26	2.96e-22	5.21e-19	2.26e-16	5.95e-14	1.33e-11	9.14e-09	7.11e-07	2.25e-05	3.10e-04	2.58e-03	1.13e-02	2.83e-02	8.03e-02	4.49e-01	3.43e-01	8.49e-02
 4.29818e+22	0.00e+00	7.10e-26	4.00e-22	6.86e-19	2.89e-16	7.41e-14	1.60e-11	1.10e-08	8.41e-07	2.61e-05	3.53e-04	2.87e-03	1.23e-02	3.00e-02	8.29e-02	4.53e-01	3.37e-01	8.13e-02
 4.31067e+22	0.00e+00	9.62e-26	5.29e-22	8.88e-19	3.64e-16	9.08e-14	1.91e-11	1.30e-08	9.84e-07	3.01e-05	3.99e-04	3.18e-03	1.33e-02	3.17e-02	8.54e-02	4.56e-01	3.31e-01	7.81e-02
 4.32471e+22	0.00e+00	1.44e-25	7.68e-22	1.25e-18	4.94e-16	1.19e-13	2.40e-11	1.62e-08	1.21e-06	3.63e-05	4.69e-04	3.64e-03	1.48e-02	3.41e-02	8.88e-02	4.60e-01	3.24e-01	7.40e-02
 4.33868e+22	0.00e+00	1.97e-25	1.03e-21	1.63e-18	6.27e-16	1.46e-13	2.87e-11	1.93e-08	1.42e-06	4.20e-05	5.32e-04	4.05e-03	1.61e-02	3.60e-02	9.14e-02	4.63e-01	3.18e-01	7.08e-02
 4.35255e+22	0.00e+00	2.93e-25	1.48e-21	2.27e-18	8.44e-16	1.90e-13	3.59e-11	2.40e-08	1.74e-06	5.03e-05	6.22e-04	4.62e-03	1.78e-02	3.86e-02	9.48e-02	4.66e-01	3.10e-01	6.70e-02
 4.36603e+22	0.00e+00	3.99e-25	1.97e-21	2.95e-18	1.06e-15	2.32e-13	4.26e-11	2.83e-08	2.04e-06	5.80e-05	7.03e-04	5.11e-03	1.93e-02	4.07e-02	9.74e-02	4.69e-01	3.04e-01	6.41e-02
 4.37703e+22	5.19e-32	5.36e-25	2.58e-21	3.78e-18	1.32e-15	2.81e-13	5.01e-11	3.32e-08	2.37e-06	6.64e-05	7.90e-04	5.64e-03	2.08e-02	4.28e-02	1.00e-01	4.71e-01	2.98e-01	6.14e-02
 4.38936e+22	7.56e-32	7.65e-25	3.59e-21	5.10e-18	1.73e-15	3.54e-13	6.10e-11	4.03e-08	2.83e-06	7.82e-05	9.09e-04	6.33e-03	2.27e-02	4.54e-02	1.03e-01	4.72e-01	2.91e-01	5.83e-02
 4.40206e+22	1.06e-31	1.05e-24	4.80e-21	6.64e-18	2.19e-15	4.34e-13	7.24e-11	4.78e-08	3.32e-06	9.03e-05	1.03e-03	7.02e-03	2.46e-02	4.79e-02	1.06e-01	4.74e-01	2.84e-01	5.55e-02
 4.41324e+22	1.43e-31	1.40e-24	6.26e-21	8.45e-18	2.71e-15	5.23e-13	8.48e-11	5.58e-08	3.84e-06	1.03e-04	1.15e-03	7.71e-03	2.64e-02	5.02e-02	1.08e-01	4.75e-01	2.78e-01	5.31e-02
 4.42577e+22	2.16e-31	2.07e-24	8.96e-21	1.17e-17	3.60e-15	6.69e-13	1.04e-10	6.86e-08	4.67e-06	1.23e-04	1.34e-03	8.75e-03	2.91e-02	5.35e-02	1.12e-01	4.75e-01	2.70e-01	5.00e-02
 4.43762e+22	2.88e-31	2.72e-24	1.15e-20	1.47e-17	4.40e-15	7.94e-13	1.20e-10	7.92e-08	5.35e-06	1.39e-04	1.49e-03	9.55e-03	3.11e-02	5.59e-02	1.14e-01	4.76e-01	2.64e-01	4.79e-02
 4.44861e+22	4.11e-31	3.82e-24	1.57e-20	1.94e-17	5.64e-15	9.82e-13	1.44e-10	9.47e-08	6.33e-06	1.62e-04	1.70e-03	1.06e-02	3.38e-02	5.90e-02	1.17e-01	4.75e-01	2.57e-01	4.53e-02
 4.45982e+22	5.50e-31	5.04e-24	2.03e-20	2.45e-17	6.90e-15	1.17e-12	1.66e-10	1.10e-07	7.26e-06	1.83e-04	1.89e-03	1.16e-02	3.61e-02	6.16e-02	1.19e-01	4.75e-01	2.51e-01	4.33e-02
 4.47133e+22	8.16e-31	7.35e-24	2.86e-20	3.33e-17	9.04e-15	1.47e-12	2.01e-10	1.33e-07	8.73e-06	2.17e-04	2.18e-03	1.31e-02	3.95e-02	6.52e-02	1.22e-01	4.74e-01	2.43e-01	4.07e-02
 4.48264e+22	1.08e-30	9.62e-24	3.66e-20	4.17e-17	1.10e-14	1.74e-12	2.31e-10	1.53e-07	9.97e-06	2.44e-04	2.42e-03	1.42e-02	4.21e-02	6.79e-02	1.24e-01	4.73e-01	2.37e-01	3.88e-02
 4.49369e+22	1.63e-30	1.42e-23	5.20e-20	5.70e-17	1.44e-14	2.18e-12	2.78e-10	1.86e-07	1.20e-05	2.89e-04	2.80e-03	1.60e-02	4.61e-02	7.19e-02	1.27e-01	4.71e-01	2.29e-01	3.63e-02
 4.50458e+22	2.15e-30	1.85e-23	6.64e-20	7.10e-17	1.75e-14	2.57e-12	3.18e-10	2.13e-07	1.37e-05	3.26e-04	3.09e-03	1.74e-02	4.90e-02	7.48e-02	1.29e-01	4.69e-01	2.23e-01	3.46e-02
 4.51529e+22	3.13e-30	2.64e-23	9.19e-20	9.49e-17	2.25e-14	3.17e-12	3.78e-10	2.55e-07	1.62e-05	3.80e-04	3.53e-03	1.94e-02	5.31e-02	7.86e-02	1.32e-01	4.66e-01	2.15e-01	3.25e-02
 4.52638e+22	4.32e-30	3.60e-23	1.22e-19	1.22e-16	2.79e-14	3.81e-12	4.39e-10	2.97e-07	1.88e-05	4.35e-04	3.96e-03	2.13e-02	5.70e-02	8.21e-02	1.34e-01	4.62e-01	2.08e-01	3.07e-02
 4.53601e+22	5.79e-30	4.76e-23	1.57e-19	1.53e-16	3.39e-14	4.48e-12	5.01e-10	3.42e-07	2.15e-05	4.91e-04	4.39e-03	2.32e-02	6.06e-02	8.52e-02	1.36e-01	4.59e-01	2.02e-01	2.91e-02
 4.54658e+22	8.53e-30	6.89e-23	2.20e-19	2.06e-16	4.38e-14	5.54e-12	5.94e-10	4.10e-07	2.56e-05	5.76e-04	5.02e-03	2.58e-02	6.57e-02	8.95e-02	1.38e-01	4.54e-01	1.94e-01	2.71e-02
 4.55722e+22	1.16e-29	9.24e-23	2.87e-19	2.61e-16	5.37e-14	6.55e-12	6.80e-10	4.73e-07	2.94e-05	6.53e-04	5.59e-03	2.82e-02	7.00e-02	9.30e-02	1.40e-01	4.50e-01	1.87e-01	2.56e-02
 4.56795e+22	1.75e-29	1.37e-22	4.09e-19	3.57e-16	7.01e-14	8.16e-12	8.09e-10	5.71e-07	3.53e-05	7.72e-04	6.44e-03	3.16e-02	7.61e-02	9.76e-02	1.42e-01	4.44e-01	1.79e-01	2.36e-02
 4.57829e+22	2.30e-29	1.78e-22	5.18e-19	4.40e-16	8.39e-14	9.47e-12	9.12e-10	6.48e-07	3.98e-05	8.61e-04	7.06e-03	3.40e-02	8.03e-02	1.01e-01	1.43e-01	4.39e-01	1.73e-01	2.24e-02
 4.58812e+22	3.41e-29	2.60e-22	7.29e-19	5.93e-16	1.08e-13	1.16e-11	1.07e-09	7.74e-07	4.73e-05	1.01e-03	8.07e-03	3.78e-02	8.67e-02	1.05e-01	1.44e-01	4.31e-01	1.65e-01	2.06e-02
 4.59790e+22	2.22e-33	3.34e-22	9.18e-19	7.27e-16	1.29e-13	1.34e-11	1.20e-09	8.74e-07	5.32e-05	1.12e-03	8.82e-03	4.06e-02	9.12e-02	1.08e-01	1.45e-01	4.26e-01	1.59e-01	1.95e-02
 4.60761e+22	0.00e+00	4.93e-22	1.30e-18	9.85e-16	1.66e-13	1.65e-11	1.41e-09	1.04e-06	6.33e-05	1.32e-03	1.01e-02	4.51e-02	9.84e-02	1.13e-01	1.46e-01	4.17e-01	1.51e-01	1.79e-02
 4.61731e+22	0.00e+00	6.45e-22	1.66e-18	1.22e-15	1.99e-13	1.90e-11	1.58e-09	1.18e-06	7.15e-05	1.47e-03	1.11e-02	4.85e-02	1.04e-01	1.16e-01	1.47e-01	4.10e-01	1.45e-01	1.69e-02
 4.62699e+22	0.00e+00	9.48e-22	2.34e-18	1.64e-15	2.55e-13	2.32e-11	1.84e-09	1.41e-06	8.47e-05	1.71e-03	1.26e-02	5.37e-02	1.11e-01	1.21e-01	1.47e-01	4.00e-01	1.37e-01	1.54e-02
 4.63684e+22	0.00e+00	1.26e-21	3.02e-18	2.06e-15	3.08e-13	2.71e-11	2.07e-09	1.60e-06	9.61e-05	1.92e-03	1.39e-02	5.78e-02	1.17e-01	1.24e-01	1.47e-01	3.92e-01	1.31e-01	1.44e-02
 4.64694e+22	0.00e+00	1.86e-21	4.28e-18	2.78e-15	3.96e-13	3.31e-11	2.41e-09	1.91e-06	1.14e-04	2.24e-03	1.57e-02	6.38e-02	1.25e-01	1.28e-01	1.47e-01	3.81e-01	1.23e-01	1.31e-02
 4.65696e+22	0.00e+00	2.50e-21	5.58e-18	3.49e-15	4.80e-13	3.85e-11	2.71e-09	2.17e-06	1.29e-04	2.52e-03	1.73e-02	6.86e-02	1.32e-01	1.31e-01	1.47e-01	3.72e-01	1.17e-01	1.21e-02
 4.66688e+22	0.00e+00	3.68e-21	7.88e-18	4.71e-15	6.15e-13	4.68e-11	3.14e-09	2.57e-06	1.52e-04	2.92e-03	1.96e-02	7.54e-02	1.40e-01	1.35e-01	1.46e-01	3.60e-01	1.09e-01	1.10e-02
 4.67697e+22	3.88e-32	5.00e-21	1.04e-17	5.96e-15	7.49e-13	5.46e-11	3.53e-09	2.93e-06	1.73e-04	3.28e-03	2.16e-02	8.10e-02	1.47e-01	1.38e-01	1.45e-01	3.49e-01	1.03e-01	1.01e-02
 4.68728e+22	5.93e-32	7.48e-21	1.49e-17	8.13e-15	9.67e-13	6.67e-11	4.10e-09	3.47e-06	2.05e-04	3.82e-03	2.44e-02	8.89e-02	1.57e-01	1.42e-01	1.44e-01	3.36e-01	9.58e-02	9.02e-03
 4.69766e+22	8.25e-32	1.02e-20	1.96e-17	1.03e-14	1.18e-12	7.79e-11	4.61e-09	3.96e-06	2.32e-04	4.28e-03	2.68e-02	9.53e-02	1.64e-01	1.45e-01	1.42e-01	3.24e-01	9.01e-02	8.25e-03
 4.70814e+22	1.27e-31	1.54e-20	2.83e-17	1.41e-14	1.53e-12	9.51e-11	5.35e-09	4.68e-06	2.74e-04	4.97e-03	3.02e-02	1.04e-01	1.73e-01	1.48e-01	1.40e-01	3.10e-01	8.28e-02	7.32e-03
 4.71869e+22	1.77e-31	2.11e-20	3.74e-17	1.79e-14	1.86e-12	1.11e-10	6.00e-09	5.31e-06	3.09e-04	5.56e-03	3.31e-02	1.11e-01	1.80e-01	1.50e-01	1.38e-01	2.98e-01	7.75e-02	6.66e-03
 4.72782e+22	2.45e-31	2.87e-20	4.92e-17	2.26e-14	2.25e-12	1.29e-10	6.70e-09	6.00e-06	3.48e-04	6.19e-03	3.61e-02	1.18e-01	1.87e-01	1.51e-01	1.36e-01	2.86e-01	7.24e-02	6.05e-03
 4.73820e+22	3.77e-31	4.30e-20	7.05e-17	3.07e-14	2.89e-12	1.56e-10	7.73e-09	7.02e-06	4.06e-04	7.10e-03	4.03e-02	1.28e-01	1.96e-01	1.53e-01	1.32e-01	2.71e-01	6.60e-02	5.32e-03
 4.74846e+22	5.09e-31	5.72e-20	9.08e-17	3.82e-14	3.46e-12	1.80e-10	8.59e-09	7.84e-06	4.51e-04	7.81e-03	4.35e-02	1.35e-01	2.02e-01	1.54e-01	1.30e-01	2.60e-01	6.17e-02	4.85e-03
 4.75859e+22	7.59e-31	8.33e-20	1.27e-16	5.07e-14	4.38e-12	2.15e-10	9.82e-09	9.04e-06	5.18e-04	8.84e-03	4.80e-02	1.44e-01	2.10e-01	1.55e-01	1.26e-01	2.46e-01	5.64e-02	4.28e-03
 4.76902e+22	1.05e-30	1.13e-19	1.67e-16	6.40e-14	5.30e-12	2.50e-10	1.10e-08	1.01e-05	5.78e-04	9.75e-03	5.19e-02	1.52e-01	2.16e-01	1.55e-01	1.23e-01	2.34e-01	5.22e-02	3.85e-03
 4.77984e+22	1.59e-30	1.67e-19	2.35e-16	8.59e-14	6.75e-12	3.02e-10	1.26e-08	1.17e-05	6.62e-04	1.10e-02	5.71e-02	1.62e-01	2.24e-01	1.55e-01	1.19e-01	2.20e-01	4.72e-02	3.36e-03
 4.79086e+22	2.21e-30	2.27e-19	3.10e-16	1.09e-13	8.19e-12	3.50e-10	1.41e-08	1.30e-05	7.36e-04	1.21e-02	6.15e-02	1.70e-01	2.29e-01	1.55e-01	1.16e-01	2.09e-01	4.35e-02	3.00e-03
 4.80213e+22	3.36e-30	3.37e-19	4.40e-16	1.46e-13	1.05e-11	4.24e-10	1.63e-08	1.50e-05	8.40e-04	1.36e-02	6.74e-02	1.81e-01	2.36e-01	1.54e-01	1.11e-01	1.94e-01	3.90e-02	2.60e-03
 4.81363e+22	4.66e-30	4.58e-19	5.77e-16	1.85e-13	1.27e-11	4.93e-10	1.83e-08	1.67e-05	9.29e-04	1.49e-02	7.22e-02	1.89e-01	2.41e-01	1.53e-01	1.07e-01	1.84e-01	3.58e-02	2.31e-03
 4.82543e+22	7.11e-30	6.79e-19	8.20e-16	2.49e-13	1.63e-11	5.99e-10	2.11e-08	1.91e-05	1.05e-03	1.67e-02	7.87e-02	1.99e-01	2.46e-01	1.51e-01	1.03e-01	1.70e-01	3.19e-02	1.99e-03
 4.83742e+22	9.86e-30	9.21e-19	1.08e-15	3.14e-13	1.97e-11	6.97e-10	2.37e-08	2.12e-05	1.16e-03	1.82e-02	8.40e-02	2.07e-01	2.50e-01	1.50e-01	9.89e-02	1.60e-01	2.91e-02	1.76e-03
 4.84968e+22	1.50e-29	1.36e-18	1.53e-15	4.23e-13	2.53e-11	8.47e-10	2.75e-08	2.42e-05	1.31e-03	2.02e-02	9.11e-02	2.17e-01	2.54e-01	1.47e-01	9.40e-02	1.48e-01	2.58e-02	1.50e-03
 4.86201e+22	2.06e-29	1.83e-18	1.99e-15	5.30e-13	3.05e-11	9.83e-10	3.08e-08	2.67e-05	1.44e-03	2.19e-02	9.67e-02	2.25e-01	2.56e-01	1.45e-01	9.03e-02	1.39e-01	2.35e-02	1.33e-03
 4.87444e+22	3.10e-29	2.68e-18	2.79e-15	7.08e-13	3.89e-11	1.19e-09	3.56e-08	3.02e-05	1.61e-03	2.42e-02	1.04e-01	2.34e-01	2.59e-01	1.42e-01	8.56e-02	1.27e-01	2.08e-02	1.13e-03
 4.88715e+22	4.27e-29	3.59e-18	3.62e-15	8.87e-13	4.70e-11	1.38e-09	4.00e-08	3.33e-05	1.76e-03	2.61e-02	1.10e-01	2.41e-01	2.61e-01	1.39e-01	8.19e-02	1.19e-01	1.89e-02	1.00e-03
 4.89824e+22	5.76e-29	4.73e-18	4.64e-15	1.10e-12	5.61e-11	1.60e-09	4.47e-08	3.65e-05	1.90e-03	2.80e-02	1.16e-01	2.48e-01	2.62e-01	1.36e-01	7.84e-02	1.12e-01	1.72e-02	8.85e-04
 4.91066e+22	8.50e-29	6.77e-18	6.39e-15	1.44e-12	7.06e-11	1.92e-09	5.14e-08	4.09e-05	2.11e-03	3.05e-02	1.24e-01	2.56e-01	2.63e-01	1.32e-01	7.40e-02	1.02e-01	1.52e-02	7.55e-04
 4.92308e+22	1.13e-28	8.78e-18	8.07e-15	1.76e-12	8.36e-11	2.20e-09	5.72e-08	4.45e-05	2.27e-03	3.26e-02	1.29e-01	2.62e-01	2.63e-01	1.29e-01	7.09e-02	9.60e-02	1.39e-02	6.71e-04
 4.93550e+22	1.64e-28	1.24e-17	1.10e-14	2.29e-12	1.04e-10	2.62e-09	6.56e-08	4.97e-05	2.50e-03	3.53e-02	1.37e-01	2.69e-01	2.63e-01	1.26e-01	6.68e-02	8.80e-02	1.23e-02	5.73e-04
 4.94819e+22	2.19e-28	1.61e-17	1.39e-14	2.81e-12	1.24e-10	3.01e-09	7.31e-08	5.41e-05	2.70e-03	3.76e-02	1.43e-01	2.75e-01	2.62e-01	1.22e-01	6.37e-02	8.21e-02	1.11e-02	5.06e-04
 4.95943e+22	2.91e-28	2.09e-17	1.75e-14	3.44e-12	1.47e-10	3.45e-09	8.13e-08	5.88e-05	2.90e-03	3.99e-02	1.49e-01	2.80e-01	2.61e-01	1.19e-01	6.07e-02	7.66e-02	1.01e-02	4.47e-04
 4.97220e+22	4.22e-28	2.92e-17	2.37e-14	4.45e-12	1.83e-10	4.12e-09	9.32e-08	6.53e-05	3.17e-03	4.31e-02	1.58e-01	2.86e-01	2.59e-01	1.15e-01	5.70e-02	6.99e-02	8.91e-03	3.79e-04
 4.98490e+22	5.48e-28	3.70e-17	2.93e-14	5.36e-12	2.14e-10	4.68e-09	1.03e-07	7.06e-05	3.39e-03	4.55e-02	1.63e-01	2.90e-01	2.58e-01	1.12e-01	5.44e-02	6.54e-02	8.13e-03	3.38e-04
 4.99750e+22	7.80e-28	5.10e-17	3.91e-14	6.86e-12	2.63e-10	5.54e-09	1.18e-07	7.81e-05	3.69e-03	4.88e-02	1.71e-01	2.95e-01	2.55e-01	1.07e-01	5.10e-02	5.97e-02	7.16e-03	2.88e-04
 5.01036e+22	1.02e-27	6.48e-17	4.85e-14	8.27e-12	3.09e-10	6.31e-09	1.30e-07	8.45e-05	3.94e-03	5.14e-02	1.78e-01	2.99e-01	2.53e-01	1.04e-01	4.85e-02	5.57e-02	6.51e-03	2.55e-04
 5.02353e+22	1.45e-27	8.93e-17	6.47e-14	1.06e-11	3.82e-10	7.49e-09	1.49e-07	9.34e-05	4.29e-03	5.51e-02	1.86e-01	3.03e-01	2.50e-01	9.99e-02	4.53e-02	5.07e-02	5.71e-03	2.16e-04
 5.03695e+22	1.91e-27	1.14e-16	8.05e-14	1.28e-11	4.49e-10	8.55e-09	1.66e-07	1.01e-04	4.58e-03	5.80e-02	1.92e-01	3.06e-01	2.47e-01	9.65e-02	4.30e-02	4.71e-02	5.17e-03	1.90e-04
 5.05070e+22	4.89e-28	1.57e-16	1.08e-13	1.65e-11	5.56e-10	1.02e-08	1.90e-07	1.12e-04	4.98e-03	6.21e-02	2.01e-01	3.10e-01	2.43e-01	9.21e-02	4.00e-02	4.26e-02	4.51e-03	1.60e-04
 5.06470e+22	6.45e-28	2.01e-16	1.34e-13	2.00e-11	6.55e-10	1.16e-08	2.11e-07	1.22e-04	5.32e-03	6.53e-02	2.07e-01	3.12e-01	2.39e-01	8.88e-02	3.78e-02	3.94e-02	4.06e-03	1.40e-04
 5.07903e+22	9.32e-28	2.77e-16	1.79e-13	2.57e-11	8.12e-10	1.39e-08	2.43e-07	1.35e-04	5.79e-03	6.98e-02	2.16e-01	3.15e-01	2.35e-01	8.44e-02	3.50e-02	3.56e-02	3.53e-03	1.18e-04
 5.09304e+22	1.20e-27	3.44e-16	2.18e-13	3.05e-11	9.41e-10	1.57e-08	2.68e-07	1.45e-04	6.14e-03	7.30e-02	2.22e-01	3.16e-01	2.31e-01	8.15e-02	3.32e-02	3.31e-02	3.21e-03	1.04e-04
 5.10662e+22	1.69e-27	4.66e-16	2.87e-13	3.87e-11	1.15e-09	1.85e-08	3.06e-07	1.60e-04	6.63e-03	7.75e-02	2.31e-01	3.18e-01	2.26e-01	7.75e-02	3.09e-02	2.99e-02	2.80e-03	8.80e-05
 5.12041e+22	2.18e-27	5.79e-16	3.49e-13	4.60e-11	1.34e-09	2.10e-08	3.38e-07	1.72e-04	7.03e-03	8.09e-02	2.37e-01	3.19e-01	2.22e-01	7.46e-02	2.92e-02	2.78e-02	2.54e-03	7.78e-05
 5.13447e+22	3.06e-27	7.78e-16	4.56e-13	5.80e-11	1.63e-09	2.47e-08	3.85e-07	1.90e-04	7.59e-03	8.57e-02	2.45e-01	3.20e-01	2.17e-01	7.08e-02	2.71e-02	2.51e-02	2.22e-03	6.57e-05
 5.14897e+22	4.03e-27	9.87e-16	5.66e-13	6.99e-11	1.92e-09	2.82e-08	4.28e-07	2.05e-04	8.07e-03	8.98e-02	2.51e-01	3.20e-01	2.12e-01	6.77e-02	2.55e-02	2.31e-02	1.99e-03	5.72e-05
 5.16403e+22	5.68e-27	1.33e-15	7.40e-13	8.85e-11	2.35e-09	3.34e-08	4.90e-07	2.27e-04	8.72e-03	9.50e-02	2.59e-01	3.20e-01	2.06e-01	6.40e-02	2.35e-02	2.08e-02	1.73e-03	4.81e-05
 5.17958e+22	7.60e-27	1.70e-15	9.28e-13	1.08e-10	2.79e-09	3.85e-08	5.49e-07	2.47e-04	9.31e-03	9.96e-02	2.66e-01	3.20e-01	2.01e-01	6.09e-02	2.20e-02	1.90e-02	1.53e-03	4.14e-05
 5.19576e+22	1.09e-26	2.32e-15	1.23e-12	1.38e-10	3.44e-09	4.59e-08	6.32e-07	2.74e-04	1.01e-02	1.05e-01	2.75e-01	3.19e-01	1.95e-01	5.73e-02	2.01e-02	1.70e-02	1.32e-03	3.44e-05
 5.21237e+22	1.47e-26	3.00e-15	1.55e-12	1.69e-10	4.11e-09	5.31e-08	7.11e-07	2.99e-04	1.08e-02	1.11e-01	2.81e-01	3.18e-01	1.89e-01	5.43e-02	1.87e-02	1.54e-02	1.16e-03	2.94e-05
 5.22955e+22	2.13e-26	4.11e-15	2.06e-12	2.18e-10	5.11e-09	6.37e-08	8.24e-07	3.33e-04	1.17e-02	1.17e-01	2.90e-01	3.16e-01	1.83e-01	5.07e-02	1.71e-02	1.37e-02	9.93e-04	2.42e-05
 5.24728e+22	2.92e-26	5.36e-15	2.63e-12	2.69e-10	6.14e-09	7.43e-08	9.32e-07	3.66e-04	1.25e-02	1.23e-01	2.97e-01	3.14e-01	1.77e-01	4.78e-02	1.58e-02	1.24e-02	8.67e-04	2.05e-05
 5.26573e+22	4.30e-26	7.45e-15	3.55e-12	3.50e-10	7.71e-09	8.99e-08	1.09e-06	4.10e-04	1.36e-02	1.30e-01	3.05e-01	3.11e-01	1.69e-01	4.44e-02	1.43e-02	1.09e-02	7.33e-04	1.66e-05
 5.28474e+22	5.97e-26	9.84e-15	4.57e-12	4.38e-10	9.35e-09	1.06e-07	1.24e-06	4.51e-04	1.46e-02	1.37e-01	3.12e-01	3.08e-01	1.63e-01	4.16e-02	1.31e-02	9.72e-03	6.34e-04	1.39e-05
 5.30188e+22	8.20e-26	1.29e-14	5.83e-12	5.43e-10	1.13e-08	1.23e-07	1.40e-06	4.95e-04	1.57e-02	1.43e-01	3.18e-01	3.05e-01	1.57e-01	3.90e-02	1.20e-02	8.72e-03	5.50e-04	1.17e-05
 5.32158e+22	1.22e-25	1.81e-14	7.95e-12	7.13e-10	1.43e-08	1.50e-07	1.65e-06	5.57e-04	1.71e-02	1.51e-01	3.26e-01	3.00e-01	1.50e-01	3.59e-02	1.08e-02	7.59e-03	4.59e-04	9.37e-06
 5.34166e+22	1.71e-25	2.39e-14	1.03e-11	8.93e-10	1.73e-08	1.77e-07	1.88e-06	6.13e-04	1.84e-02	1.59e-01	3.33e-01	2.96e-01	1.43e-01	3.34e-02	9.86e-03	6.75e-03	3.95e-04	7.78e-06
 5.36223e+22	2.58e-25	3.39e-14	1.41e-11	1.18e-09	2.21e-08	2.17e-07	2.21e-06	6.92e-04	2.00e-02	1.68e-01	3.40e-01	2.90e-01	1.36e-01	3.06e-02	8.78e-03	5.82e-03	3.26e-04	6.15e-06
 5.38308e+22	3.63e-25	4.51e-14	1.83e-11	1.48e-09	2.69e-08	2.56e-07	2.53e-06	7.63e-04	2.15e-02	1.75e-01	3.46e-01	2.85e-01	1.30e-01	2.83e-02	7.97e-03	5.15e-03	2.78e-04	5.07e-06
 5.40430e+22	5.55e-25	6.45e-14	2.53e-11	1.98e-09	3.45e-08	3.15e-07	3.00e-06	8.63e-04	2.35e-02	1.85e-01	3.53e-01	2.79e-01	1.22e-01	2.57e-02	7.04e-03	4.40e-03	2.27e-04	3.96e-06
 5.42572e+22	7.80e-25	8.59e-14	3.29e-11	2.49e-09	4.21e-08	3.72e-07	3.42e-06	9.52e-04	2.51e-02	1.93e-01	3.58e-01	2.73e-01	1.16e-01	2.37e-02	6.37e-03	3.87e-03	1.93e-04	3.24e-06
 5.44742e+22	1.21e-24	1.24e-13	4.60e-11	3.34e-09	5.44e-08	4.61e-07	4.07e-06	1.08e-03	2.75e-02	2.04e-01	3.64e-01	2.65e-01	1.08e-01	2.14e-02	5.58e-03	3.27e-03	1.55e-04	2.49e-06
 5.46924e+22	1.69e-24	1.65e-13	5.95e-11	4.19e-09	6.62e-08	5.43e-07	4.65e-06	1.19e-03	2.94e-02	2.13e-01	3.68e-01	2.59e-01	1.03e-01	1.97e-02	5.03e-03	2.88e-03	1.32e-04	2.03e-06
 5.48736e+22	2.29e-24	2.13e-13	7.51e-11	5.13e-09	7.90e-08	6.30e-07	5.24e-06	1.29e-03	3.12e-02	2.20e-01	3.71e-01	2.53e-01	9.77e-02	1.82e-02	4.58e-03	2.55e-03	1.13e-04	1.69e-06
 5.50709e+22	3.41e-24	2.98e-13	1.02e-10	6.70e-09	9.96e-08	7.65e-07	6.14e-06	1.45e-03	3.37e-02	2.31e-01	3.75e-01	2.45e-01	9.13e-02	1.64e-02	4.03e-03	2.17e-03	9.20e-05	1.32e-06
 5.52673e+22	4.59e-24	3.82e-13	1.28e-10	8.18e-09	1.18e-07	8.84e-07	6.90e-06	1.58e-03	3.57e-02	2.39e-01	3.78e-01	2.39e-01	8.67e-02	1.52e-02	3.67e-03	1.93e-03	7.89e-05	1.09e-06
 5.54628e+22	6.79e-24	5.32e-13	1.72e-10	1.06e-08	1.49e-07	1.07e-06	8.07e-06	1.76e-03	3.85e-02	2.49e-01	3.81e-01	2.30e-01	8.07e-02	1.37e-02	3.22e-03	1.64e-03	6.41e-05	8.48e-07
 5.56608e+22	9.19e-24	6.87e-13	2.17e-10	1.30e-08	1.78e-07	1.24e-06	9.11e-06	1.92e-03	4.08e-02	2.57e-01	3.83e-01	2.24e-01	7.63e-02	1.26e-02	2.91e-03	1.44e-03	5.45e-05	6.96e-07
 5.58619e+22	1.37e-23	9.65e-13	2.96e-10	1.71e-08	2.25e-07	1.52e-06	1.07e-05	2.15e-03	4.41e-02	2.69e-01	3.85e-01	2.14e-01	7.05e-02	1.12e-02	2.54e-03	1.21e-03	4.37e-05	5.32e-07
 5.60656e+22	1.87e-23	1.25e-12	3.74e-10	2.10e-08	2.70e-07	1.77e-06	1.21e-05	2.35e-03	4.68e-02	2.77e-01	3.86e-01	2.07e-01	6.63e-02	1.03e-02	2.28e-03	1.06e-03	3.68e-05	4.32e-07
 5.62723e+22	2.80e-23	1.76e-12	5.10e-10	2.76e-08	3.43e-07	2.17e-06	1.43e-05	2.64e-03	5.05e-02	2.89e-01	3.87e-01	1.98e-01	6.09e-02	9.08e-03	1.97e-03	8.82e-04	2.92e-05	3.27e-07
 5.64832e+22	3.88e-23	2.31e-12	6.54e-10	3.43e-08	4.16e-07	2.55e-06	1.64e-05	2.90e-03	5.37e-02	2.99e-01	3.87e-01	1.90e-01	5.68e-02	8.21e-03	1.75e-03	7.60e-04	2.42e-05	2.60e-07
 5.66994e+22	5.89e-23	3.29e-12	9.00e-10	4.54e-08	5.34e-07	3.15e-06	1.95e-05	3.28e-03	5.82e-02	3.11e-01	3.86e-01	1.80e-01	5.17e-02	7.18e-03	1.50e-03	6.23e-04	1.88e-05	1.92e-07
 5.69196e+22	8.22e-23	4.34e-12	1.16e-09	5.68e-08	6.51e-07	3.74e-06	2.25e-05	3.61e-03	6.20e-02	3.21e-01	3.85e-01	1.72e-01	4.78e-02	6.43e-03	1.32e-03	5.31e-04	1.53e-05	1.50e-07
 5.71451e+22	1.26e-22	6.22e-12	1.61e-09	7.60e-08	8.44e-07	4.67e-06	2.71e-05	4.11e-03	6.73e-02	3.34e-01	3.83e-01	1.61e-01	4.30e-02	5.55e-03	1.11e-03	4.28e-04	1.17e-05	0.00e+00
 5.73728e+22	1.76e-22	8.20e-12	2.07e-09	9.51e-08	1.03e-06	5.55e-06	3.13e-05	4.54e-03	7.18e-02	3.45e-01	3.80e-01	1.53e-01	3.95e-02	4.93e-03	9.72e-04	3.61e-04	9.43e-06	0.00e+00
 5.75654e+22	2.38e-22	1.05e-11	2.60e-09	1.17e-07	1.24e-06	6.52e-06	3.58e-05	4.98e-03	7.61e-02	3.54e-01	3.77e-01	1.46e-01	3.64e-02	4.41e-03	8.55e-04	3.07e-04	7.70e-06	0.00e+00
 5.77747e+22	3.46e-22	1.44e-11	3.46e-09	1.51e-07	1.57e-06	7.99e-06	4.25e-05	5.61e-03	8.19e-02	3.66e-01	3.72e-01	1.36e-01	3.27e-02	3.81e-03	7.25e-04	2.49e-04	5.93e-06	0.00e+00
 5.79845e+22	4.64e-22	1.84e-11	4.33e-09	1.85e-07	1.89e-06	9.38e-06	4.88e-05	6.16e-03	8.69e-02	3.76e-01	3.68e-01	1.29e-01	3.00e-02	3.39e-03	6.35e-04	2.11e-04	4.81e-06	0.00e+00
 5.81899e+22	6.58e-22	2.44e-11	5.64e-09	2.36e-07	2.36e-06	1.14e-05	5.77e-05	6.91e-03	9.32e-02	3.87e-01	3.62e-01	1.20e-01	2.69e-02	2.93e-03	5.39e-04	1.72e-04	3.72e-06	0.00e+00
 5.83993e+22	8.83e-22	3.11e-11	7.05e-09	2.89e-07	2.86e-06	1.35e-05	6.66e-05	7.62e-03	9.89e-02	3.96e-01	3.57e-01	1.13e-01	2.45e-02	2.57e-03	4.67e-04	1.43e-04	2.97e-06	0.00e+00
 5.86046e+22	1.21e-21	4.03e-11	9.00e-09	3.62e-07	3.52e-06	1.62e-05	7.83e-05	8.50e-03	1.06e-01	4.07e-01	3.49e-01	1.05e-01	2.19e-02	2.22e-03	3.97e-04	1.17e-04	2.30e-06	0.00e+00
 5.88142e+22	1.63e-21	5.09e-11	1.12e-08	4.45e-07	4.28e-06	1.93e-05	9.10e-05	9.42e-03	1.12e-01	4.16e-01	3.42e-01	9.78e-02	1.97e-02	1.93e-03	3.40e-04	9.63e-05	1.81e-06	0.00e+00
 5.90208e+22	2.18e-21	6.45e-11	1.40e-08	5.49e-07	5.22e-06	2.30e-05	1.06e-04	1.05e-02	1.20e-01	4.25e-01	3.34e-01	9.06e-02	1.76e-02	1.67e-03	2.89e-04	7.85e-05	1.40e-06	0.00e+00
 5.92290e+22	2.89e-21	8.04e-11	1.74e-08	6.72e-07	6.33e-06	2.73e-05	1.24e-04	1.16e-02	1.27e-01	4.34e-01	3.26e-01	8.40e-02	1.58e-02	1.44e-03	2.46e-04	6.42e-05	1.09e-06	0.00e+00
 5.94346e+22	3.79e-21	9.93e-11	2.13e-08	8.18e-07	7.64e-06	3.24e-05	1.44e-04	1.29e-02	1.35e-01	4.42e-01	3.17e-01	7.76e-02	1.41e-02	1.25e-03	2.09e-04	5.24e-05	8.51e-07	0.00e+00
 5.96398e+22	4.92e-21	1.21e-10	2.60e-08	9.92e-07	9.20e-06	3.83e-05	1.68e-04	1.42e-02	1.43e-01	4.49e-01	3.08e-01	7.16e-02	1.26e-02	1.07e-03	1.78e-04	4.28e-05	6.62e-07	0.00e+00
 5.98453e+22	6.35e-21	1.48e-10	3.16e-08	1.20e-06	1.11e-05	4.53e-05	1.95e-04	1.58e-02	1.51e-01	4.56e-01	2.98e-01	6.60e-02	1.12e-02	9.24e-04	1.51e-04	3.48e-05	5.14e-07	0.00e+00
