#depth	S	S+	S+2	S+3	S+4	S+5	S+6	S+7	S+8	S+9	S+10	S+11	S+12	S+13	S+14	S+15	S+16
 4.62852e+21	0.00e+00	0.00e+00	0.00e+00	0.00e+00	0.00e+00	0.00e+00	0.00e+00	2.19e-26	1.38e-22	3.58e-19	5.55e-16	4.52e-13	2.32e-10	1.25e-07	1.34e-04	2.05e-02	9.79e-01
 1.05308e+22	0.00e+00	0.00e+00	0.00e+00	0.00e+00	0.00e+00	0.00e+00	4.87e-29	5.40e-25	2.36e-21	4.28e-18	4.71e-15	2.68e-12	9.61e-10	3.63e-07	2.73e-04	2.90e-02	9.71e-01
 1.26618e+22	0.00e+00	0.00e+00	0.00e+00	0.00e+00	0.00e+00	0.00e+00	5.37e-28	4.65e-24	1.59e-20	2.26e-17	1.95e-14	8.70e-12	2.47e-09	7.36e-07	4.36e-04	3.66e-02	9.63e-01
 1.42045e+22	0.00e+00	0.00e+00	0.00e+00	0.00e+00	0.00e+00	1.31e-31	3.63e-27	2.58e-23	7.26e-20	8.51e-17	6.04e-14	2.22e-11	5.22e-09	1.29e-06	6.32e-04	4.39e-02	9.55e-01
 1.50616e+22	0.00e+00	0.00e+00	0.00e+00	0.00e+00	0.00e+00	2.23e-31	5.87e-27	3.97e-23	1.06e-19	1.19e-16	8.02e-14	2.81e-11	6.30e-09	1.48e-06	6.94e-04	4.59e-02	9.53e-01
 1.54559e+22	0.00e+00	0.00e+00	0.00e+00	0.00e+00	0.00e+00	4.43e-31	1.09e-26	6.94e-23	1.74e-19	1.83e-16	1.16e-13	3.81e-11	8.04e-09	1.78e-06	7.83e-04	4.87e-02	9.50e-01
 1.58799e+22	0.00e+00	0.00e+00	0.00e+00	0.00e+00	0.00e+00	7.99e-31	1.86e-26	1.12e-22	2.66e-19	2.64e-16	1.59e-13	4.95e-11	9.89e-09	2.08e-06	8.68e-04	5.12e-02	9.48e-01
 1.63425e+22	0.00e+00	0.00e+00	0.00e+00	0.00e+00	0.00e+00	1.78e-30	3.85e-26	2.15e-22	4.74e-19	4.37e-16	2.43e-13	7.06e-11	1.31e-08	2.57e-06	9.99e-04	5.48e-02	9.44e-01
 1.67663e+22	0.00e+00	0.00e+00	0.00e+00	0.00e+00	0.00e+00	3.00e-30	6.17e-26	3.28e-22	6.90e-19	6.05e-16	3.22e-13	8.89e-11	1.58e-08	2.95e-06	1.09e-03	5.73e-02	9.42e-01
 1.71396e+22	0.00e+00	0.00e+00	0.00e+00	0.00e+00	0.00e+00	5.51e-30	1.07e-25	5.36e-22	1.07e-18	8.85e-16	4.44e-13	1.16e-10	1.95e-08	3.46e-06	1.22e-03	6.03e-02	9.38e-01
 1.75352e+22	0.00e+00	0.00e+00	0.00e+00	0.00e+00	0.00e+00	9.83e-30	1.81e-25	8.58e-22	1.62e-18	1.27e-15	6.05e-13	1.50e-10	2.40e-08	4.03e-06	1.34e-03	6.34e-02	9.35e-01
 1.78829e+22	0.00e+00	0.00e+00	0.00e+00	0.00e+00	0.00e+00	1.64e-29	2.87e-25	1.30e-21	2.34e-18	1.75e-15	7.95e-13	1.88e-10	2.87e-08	4.62e-06	1.47e-03	6.61e-02	9.32e-01
 1.82580e+22	0.00e+00	0.00e+00	0.00e+00	0.00e+00	0.00e+00	3.02e-29	4.99e-25	2.13e-21	3.62e-18	2.57e-15	1.10e-12	2.46e-10	3.56e-08	5.42e-06	1.63e-03	6.96e-02	9.29e-01
 1.86520e+22	0.00e+00	0.00e+00	0.00e+00	0.00e+00	0.00e+00	5.35e-29	8.37e-25	3.39e-21	5.46e-18	3.67e-15	1.49e-12	3.17e-10	4.35e-08	6.29e-06	1.80e-03	7.30e-02	9.25e-01
 1.90032e+22	0.00e+00	0.00e+00	0.00e+00	0.00e+00	0.00e+00	9.07e-29	1.35e-24	5.21e-21	7.98e-18	5.10e-15	1.98e-12	4.00e-10	5.24e-08	7.23e-06	1.98e-03	7.63e-02	9.22e-01
 1.93384e+22	0.00e+00	0.00e+00	0.00e+00	0.00e+00	1.57e-32	1.51e-28	2.14e-24	7.88e-21	1.15e-17	7.02e-15	2.59e-12	5.00e-10	6.27e-08	8.26e-06	2.16e-03	7.95e-02	9.18e-01
 1.97203e+22	0.00e+00	0.00e+00	0.00e+00	0.00e+00	3.11e-32	2.84e-28	3.80e-24	1.31e-20	1.81e-17	1.04e-14	3.62e-12	6.60e-10	7.82e-08	9.74e-06	2.41e-03	8.38e-02	9.14e-01
 2.00847e+22	0.00e+00	0.00e+00	0.00e+00	0.00e+00	5.26e-32	4.61e-28	5.88e-24	1.95e-20	2.56e-17	1.41e-14	4.69e-12	8.17e-10	9.27e-08	1.11e-05	2.62e-03	8.72e-02	9.10e-01
 2.03719e+22	0.00e+00	0.00e+00	0.00e+00	0.00e+00	8.40e-32	7.09e-28	8.69e-24	2.76e-20	3.49e-17	1.85e-14	5.90e-12	9.88e-10	1.08e-07	1.24e-05	2.82e-03	9.03e-02	9.07e-01
 2.06905e+22	0.00e+00	0.00e+00	0.00e+00	0.00e+00	1.46e-31	1.18e-27	1.38e-23	4.17e-20	5.02e-17	2.53e-14	7.71e-12	1.23e-09	1.29e-07	1.41e-05	3.07e-03	9.41e-02	9.03e-01
 2.10344e+22	0.00e+00	0.00e+00	0.00e+00	0.00e+00	2.51e-31	1.95e-27	2.17e-23	6.26e-20	7.20e-17	3.47e-14	1.01e-11	1.54e-09	1.53e-07	1.61e-05	3.35e-03	9.80e-02	8.99e-01
 2.13490e+22	0.00e+00	0.00e+00	0.00e+00	0.00e+00	4.14e-31	3.08e-27	3.29e-23	9.09e-20	1.00e-16	4.62e-14	1.29e-11	1.88e-09	1.80e-07	1.81e-05	3.62e-03	1.02e-01	8.95e-01
 2.16480e+22	0.00e+00	0.00e+00	0.00e+00	0.00e+00	6.76e-31	4.85e-27	4.95e-23	1.31e-19	1.38e-16	6.12e-14	1.63e-11	2.30e-09	2.11e-07	2.04e-05	3.91e-03	1.05e-01	8.91e-01
 2.19888e+22	0.00e+00	0.00e+00	0.00e+00	0.00e+00	1.24e-30	8.50e-27	8.24e-23	2.07e-19	2.07e-16	8.69e-14	2.20e-11	2.94e-09	2.57e-07	2.36e-05	4.30e-03	1.10e-01	8.85e-01
 2.23363e+22	0.00e+00	0.00e+00	0.00e+00	0.00e+00	2.09e-30	1.37e-26	1.27e-22	3.05e-19	2.92e-16	1.17e-13	2.84e-11	3.62e-09	3.03e-07	2.67e-05	4.67e-03	1.15e-01	8.81e-01
 2.26407e+22	0.00e+00	0.00e+00	0.00e+00	0.00e+00	3.44e-30	2.17e-26	1.92e-22	4.43e-19	4.06e-16	1.56e-13	3.62e-11	4.43e-09	3.56e-07	3.01e-05	5.04e-03	1.19e-01	8.76e-01
 2.29360e+22	0.00e+00	0.00e+00	0.00e+00	0.00e+00	5.57e-30	3.38e-26	2.88e-22	6.35e-19	5.58e-16	2.06e-13	4.58e-11	5.38e-09	4.16e-07	3.38e-05	5.44e-03	1.23e-01	8.71e-01
 2.32114e+22	0.00e+00	0.00e+00	0.00e+00	0.00e+00	8.55e-30	5.02e-26	4.12e-22	8.75e-19	7.41e-16	2.64e-13	5.65e-11	6.40e-09	4.77e-07	3.74e-05	5.81e-03	1.27e-01	8.67e-01
 2.35093e+22	0.00e+00	0.00e+00	0.00e+00	0.00e+00	1.42e-29	8.03e-26	6.30e-22	1.28e-18	1.04e-15	3.53e-13	7.23e-11	7.84e-09	5.61e-07	4.22e-05	6.29e-03	1.32e-01	8.62e-01
 2.38225e+22	0.00e+00	0.00e+00	0.00e+00	0.00e+00	2.31e-29	1.26e-25	9.45e-22	1.84e-18	1.43e-15	4.67e-13	9.18e-11	9.55e-09	6.56e-07	4.74e-05	6.78e-03	1.36e-01	8.57e-01
 2.40976e+22	0.00e+00	0.00e+00	0.00e+00	0.00e+00	3.59e-29	1.89e-25	1.37e-21	2.56e-18	1.91e-15	6.01e-13	1.14e-10	1.14e-08	7.55e-07	5.26e-05	7.26e-03	1.41e-01	8.52e-01
 2.43975e+22	0.00e+00	0.00e+00	0.00e+00	0.00e+00	6.04e-29	3.05e-25	2.11e-21	3.77e-18	2.70e-15	8.10e-13	1.47e-10	1.40e-08	8.91e-07	5.94e-05	7.86e-03	1.46e-01	8.46e-01
 2.47060e+22	0.00e+00	0.00e+00	0.00e+00	1.03e-32	9.71e-29	4.72e-25	3.13e-21	5.39e-18	3.69e-15	1.07e-12	1.85e-10	1.70e-08	1.04e-06	6.66e-05	8.46e-03	1.51e-01	8.41e-01
 2.49698e+22	0.00e+00	0.00e+00	0.00e+00	1.63e-32	1.48e-28	6.96e-25	4.46e-21	7.38e-18	4.88e-15	1.36e-12	2.27e-10	2.02e-08	1.19e-06	7.35e-05	9.02e-03	1.55e-01	8.36e-01
 2.52570e+22	0.00e+00	0.00e+00	0.00e+00	2.77e-32	2.43e-28	1.10e-24	6.74e-21	1.07e-17	6.77e-15	1.80e-12	2.89e-10	2.46e-08	1.39e-06	8.26e-05	9.73e-03	1.61e-01	8.30e-01
 2.55635e+22	0.00e+00	0.00e+00	0.00e+00	4.62e-32	3.91e-28	1.70e-24	1.00e-20	1.53e-17	9.27e-15	2.37e-12	3.65e-10	2.98e-08	1.62e-06	9.25e-05	1.05e-02	1.66e-01	8.23e-01
 2.58413e+22	0.00e+00	0.00e+00	0.00e+00	7.46e-32	6.10e-28	2.57e-24	1.46e-20	2.13e-17	1.25e-14	3.06e-12	4.53e-10	3.57e-08	1.87e-06	1.03e-04	1.12e-02	1.71e-01	8.18e-01
 2.60908e+22	0.00e+00	0.00e+00	0.00e+00	1.14e-31	9.06e-28	3.70e-24	2.03e-20	2.86e-17	1.62e-14	3.85e-12	5.50e-10	4.18e-08	2.12e-06	1.13e-04	1.19e-02	1.76e-01	8.12e-01
 2.63224e+22	0.00e+00	0.00e+00	0.00e+00	1.70e-31	1.31e-27	5.20e-24	2.76e-20	3.78e-17	2.06e-14	4.75e-12	6.58e-10	4.85e-08	2.38e-06	1.23e-04	1.26e-02	1.80e-01	8.07e-01
 2.65885e+22	0.00e+00	0.00e+00	0.00e+00	2.74e-31	2.05e-27	7.85e-24	4.01e-20	5.27e-17	2.77e-14	6.13e-12	8.17e-10	5.79e-08	2.74e-06	1.36e-04	1.34e-02	1.86e-01	8.01e-01
 2.68753e+22	0.00e+00	0.00e+00	0.00e+00	4.43e-31	3.20e-27	1.19e-23	5.83e-20	7.37e-17	3.73e-14	7.94e-12	1.02e-09	6.94e-08	3.16e-06	1.52e-04	1.44e-02	1.91e-01	7.94e-01
 2.71335e+22	0.00e+00	0.00e+00	0.00e+00	3.69e-31	2.59e-27	9.28e-24	8.21e-20	1.00e-16	4.89e-14	1.01e-11	1.24e-09	8.18e-08	3.60e-06	1.67e-04	1.53e-02	1.96e-01	7.88e-01
 2.74138e+22	0.00e+00	0.00e+00	0.00e+00	6.21e-31	4.20e-27	1.45e-23	1.23e-19	1.44e-16	6.73e-14	1.33e-11	1.57e-09	9.92e-08	4.20e-06	1.87e-04	1.64e-02	2.03e-01	7.81e-01
 2.76983e+22	0.00e+00	0.00e+00	0.00e+00	9.93e-31	6.50e-27	2.17e-23	1.77e-19	2.00e-16	8.98e-14	1.71e-11	1.95e-09	1.18e-07	4.82e-06	2.07e-04	1.76e-02	2.08e-01	7.74e-01
 2.79362e+22	0.00e+00	0.00e+00	0.00e+00	1.49e-30	9.48e-27	3.07e-23	2.43e-19	2.65e-16	1.15e-13	2.12e-11	2.34e-09	1.38e-07	5.44e-06	2.26e-04	1.86e-02	2.14e-01	7.68e-01
 2.81934e+22	0.00e+00	0.00e+00	0.00e+00	2.39e-30	1.47e-26	4.61e-23	3.51e-19	3.68e-16	1.54e-13	2.72e-11	2.89e-09	1.64e-07	6.24e-06	2.50e-04	1.98e-02	2.20e-01	7.60e-01
 2.84715e+22	0.00e+00	0.00e+00	0.00e+00	3.82e-30	2.28e-26	6.90e-23	5.05e-19	5.10e-16	2.06e-13	3.50e-11	3.58e-09	1.95e-07	7.17e-06	2.76e-04	2.11e-02	2.26e-01	7.53e-01
 2.87265e+22	0.00e+00	0.00e+00	0.00e+00	5.87e-30	3.40e-26	9.97e-23	7.06e-19	6.88e-16	2.68e-13	4.41e-11	4.35e-09	2.29e-07	8.14e-06	3.03e-04	2.24e-02	2.31e-01	7.46e-01
 2.89612e+22	0.00e+00	0.00e+00	0.00e+00	8.76e-30	4.93e-26	1.41e-22	9.64e-19	9.09e-16	3.43e-13	5.46e-11	5.21e-09	2.66e-07	9.15e-06	3.30e-04	2.37e-02	2.37e-01	7.39e-01
 2.92200e+22	0.00e+00	0.00e+00	0.00e+00	1.40e-29	7.64e-26	2.10e-22	1.39e-18	1.26e-15	4.57e-13	7.00e-11	6.44e-09	3.17e-07	1.05e-05	3.65e-04	2.52e-02	2.43e-01	7.31e-01
 2.94930e+22	0.00e+00	0.00e+00	0.00e+00	2.20e-29	1.16e-25	3.10e-22	1.97e-18	1.72e-15	6.04e-13	8.92e-11	7.90e-09	3.75e-07	1.20e-05	4.02e-04	2.68e-02	2.49e-01	7.24e-01
 2.97351e+22	0.00e+00	0.00e+00	3.57e-33	3.32e-29	1.71e-25	4.42e-22	2.72e-18	2.30e-15	7.79e-13	1.11e-10	9.53e-09	4.37e-07	1.35e-05	4.39e-04	2.84e-02	2.55e-01	7.16e-01
 3.00002e+22	0.00e+00	0.00e+00	5.98e-33	5.41e-29	2.69e-25	6.72e-22	3.97e-18	3.23e-15	1.05e-12	1.44e-10	1.19e-08	5.23e-07	1.56e-05	4.87e-04	3.03e-02	2.62e-01	7.07e-01
 3.02811e+22	0.00e+00	0.00e+00	9.85e-33	8.63e-29	4.16e-25	1.00e-21	5.72e-18	4.48e-15	1.40e-12	1.85e-10	1.47e-08	6.23e-07	1.79e-05	5.39e-04	3.22e-02	2.68e-01	6.99e-01
 3.05250e+22	0.00e+00	0.00e+00	1.53e-32	1.30e-28	6.10e-25	1.43e-21	7.88e-18	5.97e-15	1.81e-12	2.31e-10	1.77e-08	7.27e-07	2.02e-05	5.88e-04	3.40e-02	2.74e-01	6.91e-01
 3.07462e+22	0.00e+00	0.00e+00	2.30e-32	1.91e-28	8.71e-25	1.98e-21	1.06e-17	7.79e-15	2.29e-12	2.83e-10	2.10e-08	8.38e-07	2.26e-05	6.38e-04	3.58e-02	2.80e-01	6.84e-01
 3.09958e+22	0.00e+00	0.00e+00	3.71e-32	3.00e-28	1.33e-24	2.92e-21	1.51e-17	1.07e-14	3.02e-12	3.60e-10	2.58e-08	9.89e-07	2.57e-05	7.01e-04	3.80e-02	2.87e-01	6.75e-01
 3.12648e+22	0.00e+00	0.00e+00	6.05e-32	4.75e-28	2.03e-24	4.33e-21	2.16e-17	1.47e-14	4.00e-12	4.61e-10	3.18e-08	1.17e-06	2.94e-05	7.73e-04	4.04e-02	2.93e-01	6.66e-01
 3.15068e+22	0.00e+00	0.00e+00	9.26e-32	7.08e-28	2.95e-24	6.10e-21	2.94e-17	1.94e-14	5.12e-12	5.70e-10	3.81e-08	1.36e-06	3.30e-05	8.41e-04	4.25e-02	2.99e-01	6.57e-01
 3.17693e+22	0.00e+00	0.00e+00	1.58e-31	1.17e-27	4.70e-24	9.38e-21	4.35e-17	2.75e-14	6.97e-12	7.46e-10	4.78e-08	1.64e-06	3.82e-05	9.34e-04	4.54e-02	3.07e-01	6.47e-01
 3.20425e+22	0.00e+00	0.00e+00	1.59e-31	1.14e-27	4.45e-24	1.37e-20	6.13e-17	3.75e-14	9.16e-12	9.44e-10	5.84e-08	1.93e-06	4.35e-05	1.03e-03	4.81e-02	3.13e-01	6.38e-01
 3.22778e+22	0.00e+00	0.00e+00	2.43e-31	1.70e-27	6.45e-24	1.93e-20	8.36e-17	4.95e-14	1.17e-11	1.17e-09	7.00e-08	2.24e-06	4.88e-05	1.11e-03	5.06e-02	3.19e-01	6.29e-01
 3.25321e+22	0.00e+00	0.00e+00	4.00e-31	2.72e-27	9.99e-24	2.88e-20	1.20e-16	6.85e-14	1.56e-11	1.50e-09	8.64e-08	2.67e-06	5.59e-05	1.23e-03	5.38e-02	3.26e-01	6.19e-01
 3.27996e+22	0.00e+00	0.00e+00	6.43e-31	4.24e-27	1.51e-23	4.21e-20	1.70e-16	9.34e-14	2.05e-11	1.90e-09	1.06e-07	3.15e-06	6.36e-05	1.35e-03	5.69e-02	3.33e-01	6.09e-01
 3.30373e+22	0.00e+00	0.00e+00	9.99e-31	6.41e-27	2.22e-23	5.97e-20	2.34e-16	1.24e-13	2.65e-11	2.37e-09	1.27e-07	3.67e-06	7.17e-05	1.47e-03	5.99e-02	3.39e-01	5.99e-01
 3.32994e+22	0.00e+00	0.00e+00	1.71e-30	1.06e-26	3.55e-23	9.19e-20	3.46e-16	1.77e-13	3.61e-11	3.11e-09	1.60e-07	4.43e-06	8.29e-05	1.63e-03	6.39e-02	3.47e-01	5.88e-01
 3.35695e+22	0.00e+00	0.00e+00	2.73e-30	1.65e-26	5.33e-23	1.33e-19	4.86e-16	2.40e-13	4.72e-11	3.92e-09	1.95e-07	5.21e-06	9.41e-05	1.79e-03	6.75e-02	3.53e-01	5.77e-01
 3.37992e+22	0.00e+00	0.00e+00	4.18e-30	2.45e-26	7.72e-23	1.87e-19	6.62e-16	3.16e-13	6.03e-11	4.86e-09	2.34e-07	6.05e-06	1.06e-04	1.94e-03	7.09e-02	3.59e-01	5.68e-01
 3.40138e+22	0.00e+00	0.00e+00	6.18e-30	3.54e-26	1.09e-22	2.55e-19	8.79e-16	4.08e-13	7.56e-11	5.90e-09	2.76e-07	6.93e-06	1.17e-04	2.09e-03	7.42e-02	3.64e-01	5.59e-01
 3.42596e+22	0.00e+00	0.00e+00	1.01e-29	5.63e-26	1.67e-22	3.79e-19	1.26e-15	5.63e-13	1.01e-10	7.56e-09	3.41e-07	8.23e-06	1.34e-04	2.30e-03	7.85e-02	3.71e-01	5.48e-01
 3.45189e+22	0.00e+00	0.00e+00	1.63e-29	8.79e-26	2.52e-22	5.51e-19	1.77e-15	7.66e-13	1.32e-10	9.59e-09	4.18e-07	9.72e-06	1.53e-04	2.52e-03	8.29e-02	3.77e-01	5.37e-01
 3.47495e+22	0.00e+00	0.00e+00	2.53e-29	1.32e-25	3.69e-22	7.79e-19	2.43e-15	1.02e-12	1.70e-10	1.19e-08	5.03e-07	1.13e-05	1.72e-04	2.74e-03	8.71e-02	3.83e-01	5.27e-01
 3.50033e+22	0.00e+00	0.00e+00	4.27e-29	2.16e-25	5.81e-22	1.18e-18	3.55e-15	1.43e-12	2.30e-10	1.55e-08	6.28e-07	1.36e-05	1.98e-04	3.03e-03	9.24e-02	3.90e-01	5.14e-01
 3.52577e+22	0.00e+00	0.00e+00	6.79e-29	3.33e-25	8.67e-22	1.70e-18	4.95e-15	1.93e-12	2.99e-10	1.95e-08	7.65e-07	1.60e-05	2.24e-04	3.30e-03	9.73e-02	3.96e-01	5.03e-01
 3.54675e+22	0.00e+00	1.98e-33	9.98e-29	4.78e-25	1.21e-21	2.30e-18	6.54e-15	2.47e-12	3.73e-10	2.37e-08	9.00e-07	1.82e-05	2.48e-04	3.55e-03	1.01e-01	4.01e-01	4.94e-01
 3.56943e+22	0.00e+00	3.33e-33	1.62e-28	7.54e-25	1.84e-21	3.37e-18	9.28e-15	3.39e-12	4.93e-10	3.02e-08	1.11e-06	2.16e-05	2.83e-04	3.89e-03	1.07e-01	4.06e-01	4.82e-01
 3.59334e+22	0.00e+00	5.38e-33	2.53e-28	1.14e-24	2.70e-21	4.76e-18	1.27e-14	4.51e-12	6.36e-10	3.76e-08	1.34e-06	2.53e-05	3.18e-04	4.23e-03	1.12e-01	4.12e-01	4.72e-01
 3.61514e+22	0.00e+00	8.47e-33	3.87e-28	1.69e-24	3.89e-21	6.63e-18	1.73e-14	5.93e-12	8.11e-10	4.65e-08	1.60e-06	2.93e-05	3.57e-04	4.58e-03	1.18e-01	4.16e-01	4.61e-01
 3.63977e+22	0.00e+00	1.49e-32	6.53e-28	2.76e-24	6.10e-21	9.96e-18	2.51e-14	8.30e-12	1.09e-09	6.03e-08	2.00e-06	3.51e-05	4.10e-04	5.05e-03	1.24e-01	4.22e-01	4.48e-01
 3.66423e+22	0.00e+00	2.42e-32	1.03e-27	4.21e-24	8.99e-21	1.41e-17	3.46e-14	1.11e-11	1.41e-09	7.55e-08	2.42e-06	4.11e-05	4.62e-04	5.49e-03	1.30e-01	4.27e-01	4.37e-01
 3.68421e+22	0.00e+00	3.66e-32	1.51e-27	6.02e-24	1.25e-20	1.91e-17	4.56e-14	1.42e-11	1.76e-09	9.14e-08	2.85e-06	4.70e-05	5.12e-04	5.89e-03	1.36e-01	4.30e-01	4.27e-01
 3.70593e+22	0.00e+00	6.15e-32	2.45e-27	9.42e-24	1.89e-20	2.77e-17	6.41e-14	1.93e-11	2.32e-09	1.16e-07	3.49e-06	5.55e-05	5.82e-04	6.43e-03	1.43e-01	4.35e-01	4.15e-01
 3.72866e+22	0.00e+00	9.83e-32	3.78e-27	1.41e-23	2.74e-20	3.86e-17	8.72e-14	2.55e-11	2.97e-09	1.44e-07	4.20e-06	6.46e-05	6.53e-04	6.96e-03	1.49e-01	4.39e-01	4.05e-01
 3.74916e+22	0.00e+00	1.52e-31	5.68e-27	2.06e-23	3.88e-20	5.28e-17	1.16e-13	3.31e-11	3.74e-09	1.76e-07	4.99e-06	7.44e-05	7.26e-04	7.50e-03	1.55e-01	4.42e-01	3.94e-01
 3.77227e+22	0.00e+00	2.67e-31	9.55e-27	3.34e-23	6.04e-20	7.87e-17	1.68e-13	4.62e-11	5.02e-09	2.28e-07	6.22e-06	8.91e-05	8.33e-04	8.23e-03	1.63e-01	4.46e-01	3.81e-01
 3.79518e+22	0.00e+00	4.26e-31	1.47e-26	4.98e-23	8.70e-20	1.09e-16	2.27e-13	6.07e-11	6.42e-09	2.82e-07	7.47e-06	1.04e-04	9.33e-04	8.90e-03	1.70e-01	4.49e-01	3.71e-01
 3.81409e+22	0.00e+00	6.37e-31	2.14e-26	7.05e-23	1.20e-19	1.45e-16	2.96e-13	7.71e-11	7.93e-09	3.39e-07	8.75e-06	1.18e-04	1.03e-03	9.51e-03	1.77e-01	4.51e-01	3.61e-01
 3.83494e+22	0.00e+00	1.07e-30	3.45e-26	1.10e-22	1.79e-19	2.09e-16	4.14e-13	1.04e-10	1.04e-08	4.29e-07	1.07e-05	1.39e-04	1.17e-03	1.03e-02	1.85e-01	4.54e-01	3.49e-01
 3.85661e+22	0.00e+00	1.65e-30	5.16e-26	1.59e-22	2.53e-19	2.84e-16	5.50e-13	1.35e-10	1.31e-08	5.23e-07	1.27e-05	1.60e-04	1.29e-03	1.11e-02	1.92e-01	4.56e-01	3.39e-01
 3.87934e+22	0.00e+00	2.90e-30	8.72e-26	2.59e-22	3.93e-19	4.22e-16	7.94e-13	1.88e-10	1.76e-08	6.78e-07	1.58e-05	1.91e-04	1.48e-03	1.22e-02	2.02e-01	4.58e-01	3.27e-01
 3.90207e+22	0.00e+00	4.70e-30	1.36e-25	3.90e-22	5.71e-19	5.89e-16	1.08e-12	2.49e-10	2.26e-08	8.43e-07	1.91e-05	2.23e-04	1.66e-03	1.31e-02	2.10e-01	4.59e-01	3.16e-01
 3.92061e+22	0.00e+00	6.97e-30	1.96e-25	5.47e-22	7.78e-19	7.76e-16	1.40e-12	3.14e-10	2.77e-08	1.01e-06	2.23e-05	2.53e-04	1.83e-03	1.40e-02	2.17e-01	4.60e-01	3.07e-01
 3.94049e+22	0.00e+00	1.14e-29	3.10e-25	8.35e-22	1.14e-18	1.09e-15	1.92e-12	4.20e-10	3.59e-08	1.26e-06	2.70e-05	2.96e-04	2.06e-03	1.51e-02	2.26e-01	4.61e-01	2.96e-01
 3.96151e+22	0.00e+00	1.78e-29	4.67e-25	1.22e-21	1.62e-18	1.49e-15	2.56e-12	5.43e-10	4.52e-08	1.55e-06	3.21e-05	3.41e-04	2.28e-03	1.62e-02	2.34e-01	4.61e-01	2.86e-01
 3.98072e+22	0.00e+00	2.76e-29	6.98e-25	1.77e-21	2.26e-18	2.01e-15	3.38e-12	7.00e-10	5.67e-08	1.88e-06	3.80e-05	3.91e-04	2.53e-03	1.74e-02	2.42e-01	4.61e-01	2.76e-01
 3.99947e+22	0.00e+00	4.24e-29	1.04e-24	2.55e-21	3.16e-18	2.70e-15	4.46e-12	9.00e-10	7.10e-08	2.29e-06	4.49e-05	4.48e-04	2.80e-03	1.86e-02	2.50e-01	4.61e-01	2.67e-01
 4.02092e+22	0.00e+00	7.38e-29	1.73e-24	4.08e-21	4.84e-18	3.95e-15	6.35e-12	1.24e-09	9.46e-08	2.94e-06	5.56e-05	5.34e-04	3.18e-03	2.02e-02	2.61e-01	4.60e-01	2.55e-01
 4.04242e+22	0.00e+00	1.15e-28	2.60e-24	5.93e-21	6.80e-18	5.33e-15	8.40e-12	1.60e-09	1.19e-07	3.59e-06	6.59e-05	6.13e-04	3.53e-03	2.16e-02	2.69e-01	4.59e-01	2.46e-01
 4.06399e+22	0.00e+00	1.96e-28	4.27e-24	9.37e-21	1.03e-17	7.71e-15	1.19e-11	2.19e-09	1.57e-07	4.57e-06	8.11e-05	7.26e-04	4.00e-03	2.34e-02	2.80e-01	4.57e-01	2.35e-01
 4.08568e+22	0.00e+00	3.07e-28	6.46e-24	1.37e-20	1.46e-17	1.05e-14	1.58e-11	2.84e-09	1.98e-07	5.60e-06	9.64e-05	8.35e-04	4.43e-03	2.50e-02	2.89e-01	4.55e-01	2.26e-01
 4.10442e+22	0.00e+00	4.71e-28	9.58e-24	1.97e-20	2.02e-17	1.40e-14	2.07e-11	3.64e-09	2.47e-07	6.78e-06	1.14e-04	9.54e-04	4.89e-03	2.66e-02	2.97e-01	4.53e-01	2.17e-01
 4.12566e+22	0.00e+00	8.25e-28	1.61e-23	3.16e-20	3.10e-17	2.04e-14	2.95e-11	5.02e-09	3.30e-07	8.72e-06	1.41e-04	1.14e-03	5.55e-03	2.89e-02	3.09e-01	4.49e-01	2.06e-01
 4.14718e+22	0.00e+00	1.28e-27	2.41e-23	4.59e-20	4.34e-17	2.75e-14	3.90e-11	6.48e-09	4.15e-07	1.06e-05	1.67e-04	1.30e-03	6.14e-03	3.07e-02	3.18e-01	4.46e-01	1.98e-01
 4.16592e+22	0.00e+00	2.00e-27	3.63e-23	6.66e-20	6.07e-17	3.68e-14	5.15e-11	8.35e-09	5.21e-07	1.30e-05	1.98e-04	1.50e-03	6.78e-03	3.27e-02	3.27e-01	4.43e-01	1.89e-01
 4.18369e+22	0.00e+00	2.99e-27	5.25e-23	9.35e-20	8.24e-17	4.81e-14	6.62e-11	1.05e-08	6.41e-07	1.55e-05	2.31e-04	1.69e-03	7.43e-03	3.46e-02	3.35e-01	4.39e-01	1.82e-01
 4.20333e+22	0.00e+00	4.95e-27	8.35e-23	1.43e-19	1.21e-16	6.74e-14	9.09e-11	1.41e-08	8.31e-07	1.95e-05	2.80e-04	1.98e-03	8.31e-03	3.72e-02	3.45e-01	4.34e-01	1.73e-01
 4.22351e+22	6.67e-34	7.76e-27	1.26e-22	2.08e-19	1.69e-16	9.05e-14	1.20e-10	1.82e-08	1.05e-06	2.38e-05	3.32e-04	2.27e-03	9.19e-03	3.95e-02	3.54e-01	4.30e-01	1.65e-01
 4.23979e+22	9.81e-34	1.10e-26	1.74e-22	2.79e-19	2.20e-16	1.14e-13	1.50e-10	2.22e-08	1.25e-06	2.78e-05	3.80e-04	2.53e-03	9.93e-03	4.14e-02	3.61e-01	4.26e-01	1.59e-01
 4.25634e+22	1.59e-33	1.70e-26	2.60e-22	4.02e-19	3.05e-16	1.51e-13	1.96e-10	2.84e-08	1.56e-06	3.37e-05	4.48e-04	2.89e-03	1.09e-02	4.39e-02	3.70e-01	4.21e-01	1.51e-01
 4.27230e+22	2.28e-33	2.37e-26	3.51e-22	5.28e-19	3.90e-16	1.87e-13	2.40e-10	3.43e-08	1.85e-06	3.90e-05	5.08e-04	3.19e-03	1.17e-02	4.59e-02	3.76e-01	4.17e-01	1.46e-01
 4.28535e+22	3.25e-33	3.27e-26	4.72e-22	6.92e-19	4.96e-16	2.31e-13	2.93e-10	4.12e-08	2.18e-06	4.51e-05	5.74e-04	3.52e-03	1.26e-02	4.78e-02	3.83e-01	4.12e-01	1.40e-01
 4.29818e+22	4.57e-33	4.46e-26	6.27e-22	8.94e-19	6.24e-16	2.82e-13	3.54e-10	4.90e-08	2.56e-06	5.17e-05	6.45e-04	3.87e-03	1.35e-02	4.98e-02	3.89e-01	4.08e-01	1.36e-01
 4.31067e+22	6.29e-33	5.95e-26	8.16e-22	1.14e-18	7.73e-16	3.39e-13	4.23e-10	5.77e-08	2.96e-06	5.87e-05	7.19e-04	4.22e-03	1.43e-02	5.16e-02	3.94e-01	4.04e-01	1.31e-01
 4.32471e+22	9.60e-33	8.73e-26	1.16e-21	1.56e-18	1.02e-15	4.32e-13	5.35e-10	7.17e-08	3.60e-06	6.95e-05	8.31e-04	4.74e-03	1.56e-02	5.42e-02	4.01e-01	3.98e-01	1.25e-01
 4.33868e+22	1.34e-32	1.18e-25	1.52e-21	2.00e-18	1.28e-15	5.23e-13	6.42e-10	8.49e-08	4.19e-06	7.94e-05	9.30e-04	5.19e-03	1.66e-02	5.63e-02	4.07e-01	3.94e-01	1.21e-01
 4.35255e+22	2.02e-32	1.71e-25	2.15e-21	2.72e-18	1.68e-15	6.62e-13	8.06e-10	1.05e-07	5.07e-06	9.36e-05	1.07e-03	5.80e-03	1.80e-02	5.89e-02	4.13e-01	3.88e-01	1.15e-01
 4.36603e+22	2.79e-32	2.30e-25	2.80e-21	3.47e-18	2.08e-15	7.95e-13	9.62e-10	1.23e-07	5.88e-06	1.06e-04	1.19e-03	6.34e-03	1.91e-02	6.11e-02	4.18e-01	3.83e-01	1.11e-01
 4.37703e+22	3.81e-32	3.04e-25	3.62e-21	4.36e-18	2.54e-15	9.45e-13	1.14e-09	1.44e-07	6.77e-06	1.20e-04	1.33e-03	6.89e-03	2.03e-02	6.31e-02	4.23e-01	3.78e-01	1.07e-01
 4.38936e+22	5.53e-32	4.26e-25	4.92e-21	5.75e-18	3.25e-15	1.17e-12	1.39e-09	1.74e-07	8.03e-06	1.40e-04	1.50e-03	7.61e-03	2.17e-02	6.57e-02	4.28e-01	3.72e-01	1.03e-01
 4.40206e+22	7.72e-32	5.75e-25	6.47e-21	7.34e-18	4.03e-15	1.40e-12	1.67e-09	2.06e-07	9.34e-06	1.59e-04	1.68e-03	8.32e-03	2.31e-02	6.80e-02	4.33e-01	3.67e-01	9.86e-02
 4.41324e+22	1.04e-31	7.55e-25	8.29e-21	9.18e-18	4.90e-15	1.66e-12	1.97e-09	2.40e-07	1.07e-05	1.79e-04	1.86e-03	9.02e-03	2.45e-02	7.02e-02	4.37e-01	3.62e-01	9.50e-02
 4.42577e+22	1.57e-31	1.09e-24	1.16e-20	1.24e-17	6.37e-15	2.06e-12	2.44e-09	2.94e-07	1.29e-05	2.10e-04	2.13e-03	1.01e-02	2.64e-02	7.32e-02	4.43e-01	3.55e-01	9.04e-02
 4.43762e+22	2.09e-31	1.41e-24	1.46e-20	1.53e-17	7.64e-15	2.41e-12	2.84e-09	3.39e-07	1.47e-05	2.35e-04	2.35e-03	1.08e-02	2.78e-02	7.53e-02	4.46e-01	3.50e-01	8.72e-02
 4.44861e+22	2.99e-31	1.95e-24	1.96e-20	1.98e-17	9.57e-15	2.91e-12	3.43e-09	4.05e-07	1.72e-05	2.70e-04	2.64e-03	1.19e-02	2.97e-02	7.80e-02	4.50e-01	3.44e-01	8.33e-02
 4.45982e+22	3.99e-31	2.53e-24	2.48e-20	2.44e-17	1.15e-14	3.41e-12	4.01e-09	4.68e-07	1.97e-05	3.03e-04	2.91e-03	1.28e-02	3.13e-02	8.03e-02	4.54e-01	3.39e-01	8.03e-02
 4.47133e+22	5.93e-31	3.61e-24	3.42e-20	3.24e-17	1.47e-14	4.17e-12	4.92e-09	5.67e-07	2.35e-05	3.53e-04	3.31e-03	1.42e-02	3.36e-02	8.33e-02	4.58e-01	3.31e-01	7.62e-02
 4.48264e+22	7.87e-31	4.66e-24	4.31e-20	3.98e-17	1.76e-14	4.85e-12	5.71e-09	6.53e-07	2.67e-05	3.94e-04	3.64e-03	1.53e-02	3.53e-02	8.56e-02	4.60e-01	3.26e-01	7.34e-02
 4.49369e+22	1.18e-30	6.69e-24	5.97e-20	5.29e-17	2.24e-14	5.93e-12	7.01e-09	7.94e-07	3.19e-05	4.60e-04	4.15e-03	1.70e-02	3.79e-02	8.88e-02	4.64e-01	3.18e-01	6.95e-02
 4.50458e+22	1.56e-30	8.60e-24	7.49e-20	6.47e-17	2.67e-14	6.85e-12	8.11e-09	9.10e-07	3.62e-05	5.12e-04	4.55e-03	1.83e-02	3.98e-02	9.10e-02	4.66e-01	3.13e-01	6.68e-02
 4.51529e+22	2.26e-30	1.20e-23	1.01e-19	8.43e-17	3.34e-14	8.26e-12	9.81e-09	1.09e-06	4.27e-05	5.91e-04	5.13e-03	2.01e-02	4.24e-02	9.41e-02	4.69e-01	3.05e-01	6.34e-02
 4.52638e+22	3.13e-30	1.61e-23	1.31e-19	1.06e-16	4.06e-14	9.69e-12	1.16e-08	1.28e-06	4.93e-05	6.69e-04	5.70e-03	2.18e-02	4.49e-02	9.67e-02	4.71e-01	2.99e-01	6.05e-02
 4.53601e+22	4.20e-30	2.09e-23	1.66e-19	1.30e-16	4.84e-14	1.12e-11	1.34e-08	1.47e-06	5.61e-05	7.48e-04	6.26e-03	2.35e-02	4.72e-02	9.91e-02	4.72e-01	2.93e-01	5.80e-02
 4.54658e+22	6.18e-30	2.96e-23	2.27e-19	1.70e-16	6.08e-14	1.35e-11	1.63e-08	1.77e-06	6.65e-05	8.65e-04	7.08e-03	2.59e-02	5.03e-02	1.02e-01	4.74e-01	2.85e-01	5.47e-02
 4.55722e+22	8.41e-30	3.89e-23	2.90e-19	2.11e-16	7.29e-14	1.56e-11	1.90e-08	2.05e-06	7.61e-05	9.72e-04	7.81e-03	2.79e-02	5.29e-02	1.05e-01	4.75e-01	2.79e-01	5.23e-02
 4.56795e+22	1.27e-29	5.63e-23	4.03e-19	2.80e-16	9.24e-14	1.89e-11	2.32e-08	2.49e-06	9.11e-05	1.13e-03	8.89e-03	3.09e-02	5.66e-02	1.08e-01	4.75e-01	2.70e-01	4.90e-02
 4.57829e+22	1.67e-29	7.18e-23	5.01e-19	3.39e-16	1.08e-13	2.15e-11	2.66e-08	2.84e-06	1.03e-04	1.26e-03	9.68e-03	3.30e-02	5.92e-02	1.10e-01	4.75e-01	2.64e-01	4.70e-02
 4.58812e+22	2.48e-29	1.02e-22	6.86e-19	4.44e-16	1.35e-13	2.56e-11	3.22e-08	3.42e-06	1.22e-04	1.45e-03	1.10e-02	3.63e-02	6.30e-02	1.13e-01	4.75e-01	2.56e-01	4.40e-02
 4.59790e+22	1.66e-32	1.30e-22	8.48e-19	5.34e-16	1.58e-13	2.91e-11	3.68e-08	3.88e-06	1.37e-04	1.60e-03	1.19e-02	3.87e-02	6.57e-02	1.15e-01	4.74e-01	2.50e-01	4.21e-02
 4.60761e+22	2.50e-32	1.87e-22	1.17e-18	7.00e-16	1.98e-13	3.46e-11	4.45e-08	4.68e-06	1.63e-04	1.86e-03	1.35e-02	4.26e-02	6.99e-02	1.19e-01	4.73e-01	2.41e-01	3.94e-02
 4.61731e+22	3.32e-32	2.40e-22	1.46e-18	8.48e-16	2.32e-13	3.93e-11	5.11e-08	5.35e-06	1.84e-04	2.06e-03	1.47e-02	4.55e-02	7.30e-02	1.21e-01	4.71e-01	2.35e-01	3.75e-02
 4.62699e+22	4.99e-32	3.43e-22	2.00e-18	1.11e-15	2.88e-13	4.65e-11	6.16e-08	6.43e-06	2.18e-04	2.38e-03	1.66e-02	5.00e-02	7.75e-02	1.24e-01	4.69e-01	2.26e-01	3.49e-02
 4.63684e+22	6.76e-32	4.48e-22	2.54e-18	1.36e-15	3.40e-13	5.30e-11	7.11e-08	7.39e-06	2.48e-04	2.65e-03	1.81e-02	5.35e-02	8.09e-02	1.26e-01	4.66e-01	2.19e-01	3.31e-02
 4.64694e+22	1.02e-31	6.44e-22	3.49e-18	1.78e-15	4.24e-13	6.29e-11	8.60e-08	8.90e-06	2.94e-04	3.07e-03	2.04e-02	5.86e-02	8.57e-02	1.28e-01	4.62e-01	2.10e-01	3.07e-02
 4.65696e+22	1.39e-31	8.48e-22	4.45e-18	2.18e-15	5.00e-13	7.15e-11	9.93e-08	1.02e-05	3.34e-04	3.42e-03	2.23e-02	6.28e-02	8.95e-02	1.30e-01	4.59e-01	2.03e-01	2.89e-02
 4.66688e+22	2.10e-31	1.22e-21	6.12e-18	2.85e-15	6.20e-13	8.43e-11	1.20e-07	1.23e-05	3.96e-04	3.94e-03	2.51e-02	6.86e-02	9.45e-02	1.33e-01	4.54e-01	1.94e-01	2.67e-02
 4.67697e+22	2.91e-31	1.62e-21	7.87e-18	3.52e-15	7.35e-13	9.61e-11	1.39e-07	1.42e-05	4.52e-04	4.40e-03	2.75e-02	7.35e-02	9.86e-02	1.34e-01	4.49e-01	1.87e-01	2.51e-02
 4.68728e+22	4.46e-31	2.36e-21	1.10e-17	4.64e-15	9.17e-13	1.14e-10	1.68e-07	1.72e-05	5.37e-04	5.08e-03	3.09e-02	8.03e-02	1.04e-01	1.37e-01	4.42e-01	1.78e-01	2.30e-02
 4.69766e+22	6.22e-31	3.16e-21	1.41e-17	5.75e-15	1.09e-12	1.29e-10	1.94e-07	1.98e-05	6.13e-04	5.68e-03	3.38e-02	8.59e-02	1.08e-01	1.38e-01	4.36e-01	1.70e-01	2.14e-02
 4.70814e+22	9.61e-31	4.64e-21	1.98e-17	7.60e-15	1.36e-12	1.53e-10	2.35e-07	2.40e-05	7.28e-04	6.55e-03	3.80e-02	9.36e-02	1.14e-01	1.40e-01	4.27e-01	1.61e-01	1.95e-02
 4.71869e+22	1.34e-30	6.22e-21	2.55e-17	9.41e-15	1.61e-12	1.74e-10	2.71e-07	2.76e-05	8.30e-04	7.29e-03	4.14e-02	9.98e-02	1.18e-01	1.41e-01	4.20e-01	1.54e-01	1.81e-02
 4.72782e+22	1.86e-30	8.30e-21	3.28e-17	1.16e-14	1.89e-12	1.96e-10	3.12e-07	3.17e-05	9.42e-04	8.08e-03	4.50e-02	1.06e-01	1.22e-01	1.42e-01	4.12e-01	1.47e-01	1.68e-02
 4.73820e+22	2.86e-30	1.21e-20	4.56e-17	1.52e-14	2.34e-12	2.30e-10	3.74e-07	3.80e-05	1.11e-03	9.24e-03	5.01e-02	1.15e-01	1.28e-01	1.42e-01	4.01e-01	1.38e-01	1.52e-02
 4.74846e+22	3.87e-30	1.58e-20	5.76e-17	1.85e-14	2.74e-12	2.59e-10	4.25e-07	4.31e-05	1.24e-03	1.01e-02	5.40e-02	1.21e-01	1.32e-01	1.43e-01	3.93e-01	1.31e-01	1.42e-02
 4.75859e+22	5.78e-30	2.25e-20	7.84e-17	2.38e-14	3.34e-12	3.01e-10	5.02e-07	5.07e-05	1.44e-03	1.14e-02	5.93e-02	1.30e-01	1.37e-01	1.43e-01	3.82e-01	1.23e-01	1.28e-02
 4.76902e+22	8.01e-30	2.99e-20	1.01e-16	2.93e-14	3.93e-12	3.40e-10	5.73e-07	5.79e-05	1.62e-03	1.26e-02	6.40e-02	1.37e-01	1.41e-01	1.43e-01	3.73e-01	1.17e-01	1.18e-02
 4.77984e+22	1.22e-29	4.31e-20	1.38e-16	3.82e-14	4.84e-12	3.97e-10	6.78e-07	6.83e-05	1.88e-03	1.42e-02	7.03e-02	1.46e-01	1.45e-01	1.42e-01	3.60e-01	1.09e-01	1.06e-02
 4.79086e+22	1.69e-29	5.76e-20	1.78e-16	4.70e-14	5.70e-12	4.49e-10	7.72e-07	7.77e-05	2.12e-03	1.56e-02	7.55e-02	1.54e-01	1.49e-01	1.42e-01	3.50e-01	1.03e-01	9.74e-03
 4.80213e+22	2.58e-29	8.35e-20	2.46e-16	6.15e-14	7.03e-12	5.25e-10	9.11e-07	9.14e-05	2.45e-03	1.75e-02	8.25e-02	1.64e-01	1.53e-01	1.40e-01	3.36e-01	9.50e-02	8.68e-03
 4.81363e+22	3.58e-29	1.11e-19	3.17e-16	7.58e-14	8.30e-12	5.95e-10	1.03e-06	1.04e-04	2.74e-03	1.91e-02	8.83e-02	1.71e-01	1.56e-01	1.39e-01	3.25e-01	8.92e-02	7.92e-03
 4.82543e+22	5.48e-29	1.61e-19	4.38e-16	9.91e-14	1.03e-11	6.99e-10	1.22e-06	1.21e-04	3.16e-03	2.14e-02	9.60e-02	1.81e-01	1.60e-01	1.37e-01	3.11e-01	8.21e-02	7.02e-03
 4.83742e+22	7.61e-29	2.15e-19	5.64e-16	1.22e-13	1.21e-11	7.93e-10	1.38e-06	1.37e-04	3.52e-03	2.33e-02	1.02e-01	1.89e-01	1.63e-01	1.36e-01	3.00e-01	7.68e-02	6.37e-03
 4.84968e+22	1.16e-28	3.12e-19	7.79e-16	1.60e-13	1.50e-11	9.32e-10	1.61e-06	1.60e-04	4.03e-03	2.59e-02	1.11e-01	1.99e-01	1.66e-01	1.33e-01	2.85e-01	7.03e-02	5.61e-03
 4.86201e+22	1.60e-28	4.13e-19	9.96e-16	1.97e-13	1.76e-11	1.06e-09	1.81e-06	1.79e-04	4.46e-03	2.80e-02	1.17e-01	2.06e-01	1.68e-01	1.31e-01	2.74e-01	6.56e-02	5.09e-03
 4.87444e+22	2.41e-28	5.92e-19	1.37e-15	2.56e-13	2.17e-11	1.24e-09	2.10e-06	2.07e-04	5.06e-03	3.09e-02	1.26e-01	2.16e-01	1.70e-01	1.28e-01	2.60e-01	5.98e-02	4.47e-03
 4.88715e+22	3.32e-28	7.84e-19	1.75e-15	3.14e-13	2.56e-11	1.41e-09	2.36e-06	2.32e-04	5.58e-03	3.33e-02	1.32e-01	2.23e-01	1.71e-01	1.26e-01	2.49e-01	5.56e-02	4.04e-03
 4.89824e+22	4.50e-28	1.02e-18	2.20e-15	3.82e-13	2.99e-11	1.59e-09	2.63e-06	2.57e-04	6.11e-03	3.57e-02	1.39e-01	2.29e-01	1.72e-01	1.23e-01	2.39e-01	5.18e-02	3.66e-03
 4.91066e+22	6.65e-28	1.44e-18	2.98e-15	4.90e-13	3.65e-11	1.85e-09	3.01e-06	2.93e-04	6.86e-03	3.89e-02	1.48e-01	2.38e-01	1.73e-01	1.20e-01	2.25e-01	4.72e-02	3.21e-03
 4.92308e+22	8.85e-28	1.84e-18	3.70e-15	5.90e-13	4.24e-11	2.07e-09	3.33e-06	3.23e-04	7.45e-03	4.15e-02	1.54e-01	2.43e-01	1.73e-01	1.17e-01	2.16e-01	4.40e-02	2.91e-03
 4.93550e+22	1.29e-27	2.56e-18	4.94e-15	7.51e-13	5.14e-11	2.41e-09	3.79e-06	3.65e-04	8.30e-03	4.49e-02	1.63e-01	2.51e-01	1.73e-01	1.14e-01	2.04e-01	4.00e-02	2.56e-03
 4.94819e+22	1.73e-27	3.30e-18	6.18e-15	9.07e-13	5.99e-11	2.71e-09	4.19e-06	4.02e-04	9.01e-03	4.78e-02	1.69e-01	2.56e-01	1.73e-01	1.11e-01	1.94e-01	3.71e-02	2.31e-03
 4.95943e+22	2.30e-27	4.24e-18	7.70e-15	1.09e-12	6.94e-11	3.04e-09	4.62e-06	4.41e-04	9.75e-03	5.06e-02	1.76e-01	2.61e-01	1.73e-01	1.08e-01	1.85e-01	3.44e-02	2.08e-03
 4.97220e+22	3.34e-27	5.86e-18	1.02e-14	1.38e-12	8.41e-11	3.53e-09	5.23e-06	4.96e-04	1.08e-02	5.45e-02	1.84e-01	2.67e-01	1.72e-01	1.04e-01	1.74e-01	3.11e-02	1.82e-03
 4.98490e+22	4.35e-27	7.37e-18	1.25e-14	1.64e-12	9.67e-11	3.94e-09	5.72e-06	5.40e-04	1.16e-02	5.75e-02	1.90e-01	2.71e-01	1.71e-01	1.02e-01	1.66e-01	2.89e-02	1.65e-03
 4.99750e+22	6.22e-27	1.00e-17	1.65e-14	2.07e-12	1.16e-10	4.55e-09	6.43e-06	6.03e-04	1.27e-02	6.15e-02	1.99e-01	2.76e-01	1.69e-01	9.79e-02	1.55e-01	2.62e-02	1.44e-03
 5.01036e+22	8.13e-27	1.27e-17	2.02e-14	2.46e-12	1.34e-10	5.09e-09	7.05e-06	6.56e-04	1.37e-02	6.47e-02	2.05e-01	2.80e-01	1.68e-01	9.50e-02	1.48e-01	2.43e-02	1.30e-03
 5.02353e+22	1.16e-26	1.73e-17	2.66e-14	3.10e-12	1.61e-10	5.89e-09	7.92e-06	7.32e-04	1.50e-02	6.91e-02	2.13e-01	2.84e-01	1.66e-01	9.11e-02	1.38e-01	2.19e-02	1.13e-03
 5.03695e+22	1.53e-26	2.19e-17	3.27e-14	3.70e-12	1.87e-10	6.61e-09	8.69e-06	7.96e-04	1.61e-02	7.26e-02	2.19e-01	2.87e-01	1.64e-01	8.81e-02	1.31e-01	2.02e-02	1.02e-03
 5.05070e+22	3.94e-27	2.99e-17	4.32e-14	4.68e-12	2.25e-10	7.67e-09	9.77e-06	8.87e-04	1.76e-02	7.74e-02	2.27e-01	2.91e-01	1.61e-01	8.42e-02	1.21e-01	1.81e-02	8.81e-04
 5.06470e+22	5.21e-27	3.80e-17	5.33e-14	5.60e-12	2.61e-10	8.62e-09	1.07e-05	9.65e-04	1.89e-02	8.12e-02	2.33e-01	2.93e-01	1.59e-01	8.12e-02	1.15e-01	1.66e-02	7.88e-04
 5.07903e+22	7.55e-27	5.21e-17	7.04e-14	7.08e-12	3.16e-10	1.00e-08	1.21e-05	1.08e-03	2.06e-02	8.64e-02	2.41e-01	2.96e-01	1.56e-01	7.73e-02	1.06e-01	1.48e-02	6.78e-04
 5.09304e+22	9.70e-27	6.43e-17	8.50e-14	8.33e-12	3.62e-10	1.12e-08	1.31e-05	1.16e-03	2.19e-02	9.00e-02	2.47e-01	2.97e-01	1.54e-01	7.47e-02	1.01e-01	1.37e-02	6.12e-04
 5.10662e+22	1.38e-26	8.65e-17	1.10e-13	1.04e-11	4.33e-10	1.29e-08	1.47e-05	1.28e-03	2.38e-02	9.52e-02	2.54e-01	2.98e-01	1.50e-01	7.11e-02	9.34e-02	1.23e-02	5.29e-04
 5.12041e+22	1.77e-26	1.07e-16	1.34e-13	1.22e-11	4.96e-10	1.44e-08	1.60e-05	1.38e-03	2.53e-02	9.91e-02	2.59e-01	2.99e-01	1.48e-01	6.85e-02	8.83e-02	1.13e-02	4.76e-04
 5.13447e+22	2.50e-26	1.43e-16	1.73e-13	1.52e-11	5.93e-10	1.65e-08	1.78e-05	1.52e-03	2.73e-02	1.04e-01	2.65e-01	3.00e-01	1.44e-01	6.50e-02	8.18e-02	1.01e-02	4.12e-04
 5.14897e+22	3.30e-26	1.80e-16	2.12e-13	1.82e-11	6.86e-10	1.86e-08	1.95e-05	1.65e-03	2.91e-02	1.09e-01	2.71e-01	3.00e-01	1.41e-01	6.23e-02	7.68e-02	9.26e-03	3.66e-04
 5.16403e+22	4.66e-26	2.41e-16	2.75e-13	2.27e-11	8.24e-10	2.16e-08	2.19e-05	1.82e-03	3.15e-02	1.15e-01	2.77e-01	3.00e-01	1.37e-01	5.89e-02	7.08e-02	8.25e-03	3.15e-04
 5.17958e+22	6.26e-26	3.09e-16	3.42e-13	2.74e-11	9.62e-10	2.44e-08	2.41e-05	1.98e-03	3.37e-02	1.20e-01	2.82e-01	2.99e-01	1.34e-01	5.62e-02	6.61e-02	7.47e-03	2.77e-04
 5.19576e+22	8.98e-26	4.18e-16	4.48e-13	3.45e-11	1.17e-09	2.85e-08	2.72e-05	2.19e-03	3.65e-02	1.26e-01	2.88e-01	2.98e-01	1.29e-01	5.29e-02	6.05e-02	6.60e-03	2.36e-04
 5.21237e+22	1.22e-25	5.38e-16	5.62e-13	4.20e-11	1.37e-09	3.25e-08	3.00e-05	2.38e-03	3.90e-02	1.31e-01	2.93e-01	2.96e-01	1.26e-01	5.02e-02	5.62e-02	5.95e-03	2.06e-04
 5.22955e+22	1.77e-25	7.35e-16	7.42e-13	5.33e-11	1.67e-09	3.82e-08	3.40e-05	2.65e-03	4.22e-02	1.38e-01	2.99e-01	2.94e-01	1.21e-01	4.69e-02	5.12e-02	5.21e-03	1.74e-04
 5.24728e+22	2.43e-25	9.56e-16	9.40e-13	6.54e-11	1.98e-09	4.38e-08	3.78e-05	2.89e-03	4.52e-02	1.44e-01	3.03e-01	2.91e-01	1.17e-01	4.43e-02	4.72e-02	4.66e-03	1.51e-04
 5.26573e+22	3.58e-25	1.32e-15	1.26e-12	8.41e-11	2.45e-09	5.19e-08	4.30e-05	3.22e-03	4.91e-02	1.51e-01	3.09e-01	2.88e-01	1.12e-01	4.12e-02	4.26e-02	4.04e-03	1.26e-04
 5.28474e+22	4.99e-25	1.74e-15	1.61e-12	1.04e-10	2.92e-09	5.99e-08	4.81e-05	3.53e-03	5.26e-02	1.57e-01	3.13e-01	2.85e-01	1.08e-01	3.87e-02	3.91e-02	3.58e-03	1.08e-04
 5.30188e+22	6.87e-25	2.28e-15	2.04e-12	1.28e-10	3.47e-09	6.89e-08	5.35e-05	3.86e-03	5.61e-02	1.64e-01	3.16e-01	2.81e-01	1.04e-01	3.63e-02	3.59e-02	3.18e-03	9.26e-05
 5.32158e+22	1.03e-24	3.19e-15	2.76e-12	1.66e-10	4.32e-09	8.23e-08	6.13e-05	4.31e-03	6.10e-02	1.72e-01	3.20e-01	2.76e-01	9.85e-02	3.35e-02	3.21e-02	2.73e-03	7.63e-05
 5.34166e+22	1.44e-24	4.21e-15	3.54e-12	2.06e-10	5.17e-09	9.52e-08	6.85e-05	4.72e-03	6.52e-02	1.78e-01	3.23e-01	2.72e-01	9.42e-02	3.12e-02	2.92e-02	2.40e-03	6.48e-05
 5.36223e+22	2.19e-24	5.96e-15	4.83e-12	2.70e-10	6.47e-09	1.14e-07	7.88e-05	5.28e-03	7.07e-02	1.87e-01	3.26e-01	2.66e-01	8.90e-02	2.86e-02	2.60e-02	2.04e-03	5.28e-05
 5.38308e+22	3.08e-24	7.92e-15	6.23e-12	3.36e-10	7.78e-09	1.33e-07	8.82e-05	5.79e-03	7.56e-02	1.93e-01	3.28e-01	2.61e-01	8.48e-02	2.66e-02	2.35e-02	1.79e-03	4.46e-05
 5.40430e+22	4.74e-24	1.13e-14	8.60e-12	4.44e-10	9.80e-09	1.60e-07	1.02e-04	6.48e-03	8.20e-02	2.02e-01	3.30e-01	2.54e-01	7.96e-02	2.42e-02	2.07e-02	1.50e-03	3.59e-05
 5.42572e+22	6.68e-24	1.51e-14	1.11e-11	5.53e-10	1.18e-08	1.86e-07	1.14e-04	7.09e-03	8.74e-02	2.09e-01	3.31e-01	2.48e-01	7.56e-02	2.24e-02	1.87e-02	1.31e-03	3.01e-05
 5.44742e+22	1.04e-23	2.19e-14	1.55e-11	7.37e-10	1.50e-08	2.26e-07	1.32e-04	7.95e-03	9.48e-02	2.18e-01	3.31e-01	2.40e-01	7.06e-02	2.02e-02	1.63e-02	1.09e-03	2.39e-05
 5.46924e+22	1.47e-23	2.92e-14	2.00e-11	9.18e-10	1.80e-08	2.62e-07	1.47e-04	8.69e-03	1.01e-01	2.24e-01	3.31e-01	2.34e-01	6.68e-02	1.86e-02	1.47e-02	9.45e-04	2.00e-05
 5.48736e+22	2.00e-23	3.78e-14	2.52e-11	1.12e-09	2.12e-08	2.99e-07	1.63e-04	9.39e-03	1.06e-01	2.30e-01	3.31e-01	2.28e-01	6.35e-02	1.73e-02	1.33e-02	8.30e-04	1.70e-05
 5.50709e+22	3.01e-23	5.32e-14	3.41e-11	1.45e-09	2.63e-08	3.57e-07	1.85e-04	1.04e-02	1.14e-01	2.38e-01	3.29e-01	2.21e-01	5.93e-02	1.57e-02	1.17e-02	6.97e-04	1.36e-05
 5.52673e+22	4.07e-23	6.85e-14	4.28e-11	1.77e-09	3.10e-08	4.07e-07	2.05e-04	1.12e-02	1.20e-01	2.44e-01	3.28e-01	2.15e-01	5.62e-02	1.46e-02	1.06e-02	6.12e-04	1.16e-05
 5.54628e+22	6.10e-23	9.64e-14	5.79e-11	2.29e-09	3.84e-08	4.85e-07	2.33e-04	1.24e-02	1.28e-01	2.51e-01	3.26e-01	2.07e-01	5.24e-02	1.32e-02	9.33e-03	5.12e-04	9.28e-06
 5.56608e+22	8.34e-23	1.25e-13	7.32e-11	2.80e-09	4.54e-08	5.56e-07	2.58e-04	1.34e-02	1.35e-01	2.56e-01	3.23e-01	2.01e-01	4.94e-02	1.22e-02	8.41e-03	4.46e-04	7.81e-06
 5.58619e+22	1.27e-22	1.79e-13	1.00e-10	3.67e-09	5.68e-08	6.67e-07	2.94e-04	1.48e-02	1.45e-01	2.63e-01	3.20e-01	1.93e-01	4.58e-02	1.09e-02	7.31e-03	3.70e-04	6.17e-06
 5.60656e+22	1.75e-22	2.34e-13	1.28e-10	4.52e-09	6.75e-08	7.69e-07	3.27e-04	1.61e-02	1.52e-01	2.69e-01	3.17e-01	1.86e-01	4.30e-02	1.01e-02	6.55e-03	3.19e-04	5.14e-06
 5.62723e+22	2.67e-22	3.36e-13	1.76e-10	5.95e-09	8.49e-08	9.28e-07	3.75e-04	1.78e-02	1.62e-01	2.75e-01	3.12e-01	1.78e-01	3.96e-02	8.99e-03	5.65e-03	2.62e-04	4.02e-06
 5.64832e+22	3.76e-22	4.50e-13	2.28e-10	7.43e-09	1.02e-07	1.08e-06	4.19e-04	1.94e-02	1.71e-01	2.80e-01	3.08e-01	1.71e-01	3.69e-02	8.19e-03	5.00e-03	2.23e-04	3.29e-06
 5.66994e+22	5.88e-22	6.57e-13	3.19e-10	9.94e-09	1.30e-07	1.32e-06	4.86e-04	2.16e-02	1.83e-01	2.86e-01	3.01e-01	1.62e-01	3.37e-02	7.24e-03	4.26e-03	1.80e-04	2.52e-06
 5.69196e+22	8.38e-22	8.90e-13	4.18e-10	1.25e-08	1.59e-07	1.55e-06	5.47e-04	2.35e-02	1.93e-01	2.91e-01	2.96e-01	1.55e-01	3.12e-02	6.55e-03	3.74e-03	1.52e-04	2.04e-06
 5.71451e+22	1.33e-21	1.32e-12	5.95e-10	1.70e-08	2.05e-07	1.92e-06	6.39e-04	2.64e-02	2.06e-01	2.96e-01	2.88e-01	1.46e-01	2.81e-02	5.73e-03	3.14e-03	1.21e-04	1.53e-06
 5.73728e+22	1.91e-21	1.80e-12	7.84e-10	2.16e-08	2.51e-07	2.28e-06	7.24e-04	2.89e-02	2.17e-01	2.99e-01	2.81e-01	1.39e-01	2.59e-02	5.15e-03	2.74e-03	1.00e-04	1.22e-06
 5.75654e+22	2.66e-21	2.40e-12	1.01e-09	2.70e-08	3.03e-07	2.67e-06	8.13e-04	3.14e-02	2.27e-01	3.02e-01	2.75e-01	1.33e-01	2.39e-02	4.65e-03	2.40e-03	8.45e-05	9.84e-07
 5.77747e+22	4.03e-21	3.43e-12	1.40e-09	3.58e-08	3.86e-07	3.27e-06	9.43e-04	3.49e-02	2.41e-01	3.05e-01	2.66e-01	1.24e-01	2.16e-02	4.08e-03	2.03e-03	6.76e-05	7.48e-07
 5.79845e+22	5.60e-21	4.55e-12	1.80e-09	4.48e-08	4.67e-07	3.85e-06	1.06e-03	3.80e-02	2.52e-01	3.07e-01	2.59e-01	1.18e-01	1.99e-02	3.67e-03	1.77e-03	5.66e-05	6.00e-07
 5.81899e+22	8.29e-21	6.40e-12	2.44e-09	5.87e-08	5.90e-07	4.70e-06	1.23e-03	4.22e-02	2.65e-01	3.09e-01	2.50e-01	1.10e-01	1.79e-02	3.22e-03	1.49e-03	4.54e-05	4.57e-07
 5.83993e+22	1.16e-20	8.54e-12	3.17e-09	7.40e-08	7.21e-07	5.58e-06	1.40e-03	4.61e-02	2.77e-01	3.09e-01	2.41e-01	1.04e-01	1.63e-02	2.87e-03	1.29e-03	3.74e-05	3.61e-07
 5.86046e+22	1.67e-20	1.18e-11	4.24e-09	9.59e-08	9.04e-07	6.79e-06	1.61e-03	5.10e-02	2.91e-01	3.09e-01	2.32e-01	9.70e-02	1.46e-02	2.51e-03	1.09e-03	3.00e-05	2.75e-07
 5.88142e+22	2.34e-20	1.57e-11	5.52e-09	1.22e-07	1.11e-06	8.15e-06	1.84e-03	5.60e-02	3.04e-01	3.09e-01	2.23e-01	9.07e-02	1.32e-02	2.22e-03	9.25e-04	2.44e-05	2.13e-07
 5.90208e+22	3.29e-20	2.12e-11	7.26e-09	1.56e-07	1.39e-06	9.86e-06	2.12e-03	6.17e-02	3.17e-01	3.07e-01	2.13e-01	8.42e-02	1.18e-02	1.94e-03	7.80e-04	1.96e-05	1.63e-07
 5.92290e+22	4.56e-20	2.82e-11	9.43e-09	1.98e-07	1.71e-06	1.19e-05	2.43e-03	6.78e-02	3.30e-01	3.05e-01	2.03e-01	7.81e-02	1.05e-02	1.69e-03	6.58e-04	1.57e-05	1.25e-07
 5.94346e+22	6.27e-20	3.72e-11	1.22e-08	2.51e-07	2.11e-06	1.43e-05	2.78e-03	7.44e-02	3.43e-01	3.02e-01	1.93e-01	7.22e-02	9.40e-03	1.48e-03	5.54e-04	1.26e-05	0.00e+00
 5.96398e+22	8.53e-20	4.86e-11	1.56e-08	3.17e-07	2.60e-06	1.72e-05	3.18e-03	8.15e-02	3.56e-01	2.99e-01	1.84e-01	6.66e-02	8.37e-03	1.28e-03	4.65e-04	1.01e-05	0.00e+00
 5.98453e+22	1.15e-19	6.31e-11	2.00e-08	3.99e-07	3.20e-06	2.07e-05	3.64e-03	8.92e-02	3.69e-01	2.95e-01	1.74e-01	6.12e-02	7.42e-03	1.11e-03	3.89e-04	8.05e-06	0.00e+00
 6.00514e+22	1.54e-19	8.12e-11	2.54e-08	4.99e-07	3.92e-06	2.49e-05	4.16e-03	9.75e-02	3.81e-01	2.90e-01	1.64e-01	5.60e-02	6.56e-03	9.62e-04	3.25e-04	6.41e-06	0.00e+00
 6.02586e+22	2.06e-19	1.04e-10	3.21e-08	6.24e-07	4.79e-06	2.98e-05	4.74e-03	1.06e-01	3.92e-01	2.84e-01	1.54e-01	5.12e-02	5.78e-03	8.28e-04	2.70e-04	5.08e-06	0.00e+00
 6.04675e+22	2.72e-19	1.32e-10	4.03e-08	7.78e-07	5.85e-06	3.58e-05	5.41e-03	1.16e-01	4.03e-01	2.78e-01	1.45e-01	4.65e-02	5.07e-03	7.11e-04	2.24e-04	4.01e-06	0.00e+00
 6.06787e+22	3.57e-19	1.67e-10	5.05e-08	9.67e-07	7.14e-06	4.29e-05	6.16e-03	1.26e-01	4.14e-01	2.71e-01	1.35e-01	4.22e-02	4.44e-03	6.07e-04	1.85e-04	3.15e-06	0.00e+00
 6.08910e+22	4.64e-19	2.08e-10	6.28e-08	1.19e-06	8.66e-06	5.13e-05	7.00e-03	1.37e-01	4.23e-01	2.64e-01	1.26e-01	3.81e-02	3.87e-03	5.18e-04	1.52e-04	2.47e-06	0.00e+00
 6.11066e+22	6.04e-19	2.60e-10	7.82e-08	1.48e-06	1.05e-05	6.14e-05	7.96e-03	1.48e-01	4.32e-01	2.56e-01	1.17e-01	3.43e-02	3.36e-03	4.38e-04	1.24e-04	1.92e-06	0.00e+00
 6.13245e+22	7.76e-19	3.21e-10	9.63e-08	1.82e-06	1.27e-05	7.32e-05	9.01e-03	1.60e-01	4.40e-01	2.48e-01	1.09e-01	3.08e-02	2.91e-03	3.71e-04	1.02e-04	1.50e-06	0.00e+00
 6.15467e+22	1.00e-18	3.96e-10	1.19e-07	2.24e-06	1.55e-05	8.76e-05	1.02e-02	1.73e-01	4.47e-01	2.39e-01	1.00e-01	2.74e-02	2.51e-03	3.11e-04	8.25e-05	1.15e-06	0.00e+00
 6.17728e+22	1.28e-18	4.84e-10	1.46e-07	2.74e-06	1.86e-05	1.04e-04	1.16e-02	1.87e-01	4.52e-01	2.30e-01	9.24e-02	2.44e-02	2.16e-03	2.61e-04	6.69e-05	8.91e-07	0.00e+00
 6.19800e+22	1.56e-18	5.70e-10	1.72e-07	3.24e-06	2.17e-05	1.20e-04	1.28e-02	1.98e-01	4.56e-01	2.22e-01	8.61e-02	2.21e-02	1.90e-03	2.24e-04	5.60e-05	7.15e-07	0.00e+00
 6.21964e+22	2.00e-18	6.95e-10	2.12e-07	3.99e-06	2.63e-05	1.45e-04	1.45e-02	2.13e-01	4.60e-01	2.12e-01	7.84e-02	1.95e-02	1.61e-03	1.85e-04	4.45e-05	5.39e-07	0.00e+00
 6.24163e+22	2.45e-18	8.14e-10	2.49e-07	4.70e-06	3.06e-05	1.67e-04	1.60e-02	2.25e-01	4.62e-01	2.04e-01	7.26e-02	1.75e-02	1.41e-03	1.58e-04	3.71e-05	4.30e-07	0.00e+00
 6.26426e+22	3.51e-17	9.89e-10	3.06e-07	5.78e-06	3.71e-05	2.00e-04	1.81e-02	2.42e-01	4.64e-01	1.94e-01	6.56e-02	1.53e-02	1.18e-03	1.29e-04	2.92e-05	3.20e-07	0.00e+00
