#depth	N	N+	N+2	N+3	N+4	N+5	N+6	N+7
 4.62852e+21	0.00e+00	0.00e+00	1.22e-24	4.13e-19	4.97e-14	1.45e-08	2.46e-04	1.00e+00
 1.05308e+22	0.00e+00	3.20e-30	7.41e-24	1.76e-18	1.50e-13	3.00e-08	3.52e-04	1.00e+00
 1.26618e+22	0.00e+00	1.34e-29	2.46e-23	4.65e-18	3.13e-13	4.86e-08	4.46e-04	1.00e+00
 1.42045e+22	0.00e+00	4.14e-29	6.33e-23	1.01e-17	5.64e-13	7.15e-08	5.39e-04	9.99e-01
 1.50616e+22	0.00e+00	5.52e-29	8.05e-23	1.22e-17	6.55e-13	7.88e-08	5.65e-04	9.99e-01
 1.54559e+22	0.00e+00	8.00e-29	1.10e-22	1.57e-17	7.92e-13	8.93e-08	6.01e-04	9.99e-01
 1.58799e+22	0.00e+00	1.10e-28	1.44e-22	1.96e-17	9.37e-13	9.95e-08	6.34e-04	9.99e-01
 1.63425e+22	0.00e+00	1.70e-28	2.07e-22	2.63e-17	1.17e-12	1.15e-07	6.81e-04	9.99e-01
 1.67663e+22	0.00e+00	2.25e-28	2.62e-22	3.18e-17	1.36e-12	1.27e-07	7.14e-04	9.99e-01
 1.71396e+22	0.00e+00	3.12e-28	3.45e-22	3.98e-17	1.62e-12	1.42e-07	7.53e-04	9.99e-01
 1.75352e+22	0.00e+00	4.26e-28	4.48e-22	4.92e-17	1.90e-12	1.58e-07	7.93e-04	9.99e-01
 1.78829e+22	0.00e+00	5.62e-28	5.65e-22	5.94e-17	2.20e-12	1.73e-07	8.31e-04	9.99e-01
 1.82580e+22	0.00e+00	7.81e-28	7.45e-22	7.44e-17	2.61e-12	1.94e-07	8.77e-04	9.99e-01
 1.86520e+22	0.00e+00	1.06e-27	9.65e-22	9.18e-17	3.07e-12	2.15e-07	9.23e-04	9.99e-01
 1.90032e+22	0.00e+00	1.41e-27	1.23e-21	1.12e-16	3.56e-12	2.37e-07	9.68e-04	9.99e-01
 1.93384e+22	0.00e+00	1.86e-27	1.55e-21	1.35e-16	4.11e-12	2.61e-07	1.01e-03	9.99e-01
 1.97203e+22	0.00e+00	2.61e-27	2.05e-21	1.70e-16	4.92e-12	2.93e-07	1.07e-03	9.99e-01
 2.00847e+22	0.00e+00	3.38e-27	2.56e-21	2.03e-16	5.64e-12	3.20e-07	1.12e-03	9.99e-01
 2.03719e+22	0.00e+00	4.27e-27	3.11e-21	2.38e-16	6.38e-12	3.47e-07	1.16e-03	9.99e-01
 2.06905e+22	0.00e+00	5.59e-27	3.91e-21	2.87e-16	7.38e-12	3.81e-07	1.22e-03	9.99e-01
 2.10344e+22	0.00e+00	7.34e-27	4.91e-21	3.46e-16	8.50e-12	4.18e-07	1.27e-03	9.99e-01
 2.13490e+22	0.00e+00	9.37e-27	6.03e-21	4.10e-16	9.69e-12	4.55e-07	1.33e-03	9.99e-01
 2.16480e+22	0.00e+00	1.20e-26	7.41e-21	4.84e-16	1.10e-11	4.95e-07	1.38e-03	9.99e-01
 2.19888e+22	0.00e+00	1.62e-26	9.54e-21	5.96e-16	1.29e-11	5.50e-07	1.45e-03	9.99e-01
 2.23363e+22	0.00e+00	2.09e-26	1.18e-20	7.11e-16	1.48e-11	6.01e-07	1.52e-03	9.98e-01
 2.26407e+22	0.00e+00	2.67e-26	1.46e-20	8.43e-16	1.69e-11	6.54e-07	1.58e-03	9.98e-01
 2.29360e+22	0.00e+00	3.40e-26	1.78e-20	9.94e-16	1.92e-11	7.11e-07	1.65e-03	9.98e-01
 2.32114e+22	2.09e-33	4.20e-26	2.13e-20	1.15e-15	2.15e-11	7.65e-07	1.71e-03	9.98e-01
 2.35093e+22	2.80e-33	5.40e-26	2.64e-20	1.37e-15	2.46e-11	8.35e-07	1.78e-03	9.98e-01
 2.38225e+22	3.71e-33	6.88e-26	3.23e-20	1.62e-15	2.79e-11	9.07e-07	1.85e-03	9.98e-01
 2.40976e+22	4.79e-33	8.57e-26	3.88e-20	1.88e-15	3.13e-11	9.78e-07	1.92e-03	9.98e-01
 2.43975e+22	6.45e-33	1.11e-25	4.83e-20	2.24e-15	3.60e-11	1.07e-06	2.01e-03	9.98e-01
 2.47060e+22	8.50e-33	1.41e-25	5.89e-20	2.64e-15	4.07e-11	1.16e-06	2.09e-03	9.98e-01
 2.49698e+22	1.08e-32	1.73e-25	7.03e-20	3.04e-15	4.55e-11	1.25e-06	2.16e-03	9.98e-01
 2.52570e+22	1.44e-32	2.21e-25	8.64e-20	3.61e-15	5.20e-11	1.36e-06	2.25e-03	9.98e-01
 2.55635e+22	1.90e-32	2.81e-25	1.05e-19	4.25e-15	5.89e-11	1.48e-06	2.35e-03	9.98e-01
 2.58413e+22	2.45e-32	3.51e-25	1.27e-19	4.94e-15	6.62e-11	1.59e-06	2.44e-03	9.98e-01
 2.60908e+22	3.09e-32	4.27e-25	1.50e-19	5.65e-15	7.34e-11	1.71e-06	2.52e-03	9.97e-01
 2.63224e+22	3.82e-32	5.13e-25	1.75e-19	6.42e-15	8.10e-11	1.82e-06	2.60e-03	9.97e-01
 2.65885e+22	4.93e-32	6.40e-25	2.11e-19	7.48e-15	9.13e-11	1.97e-06	2.69e-03	9.97e-01
 2.68753e+22	6.40e-32	8.00e-25	2.54e-19	8.71e-15	1.03e-10	2.13e-06	2.80e-03	9.97e-01
 2.71335e+22	8.11e-32	9.81e-25	3.02e-19	1.00e-14	1.14e-10	2.28e-06	2.90e-03	9.97e-01
 2.74138e+22	1.07e-31	1.25e-24	3.70e-19	1.18e-14	1.30e-10	2.48e-06	3.02e-03	9.97e-01
 2.76983e+22	1.38e-31	1.55e-24	4.44e-19	1.37e-14	1.46e-10	2.68e-06	3.13e-03	9.97e-01
 2.79362e+22	1.72e-31	1.87e-24	5.20e-19	1.56e-14	1.61e-10	2.86e-06	3.23e-03	9.97e-01
 2.81934e+22	2.21e-31	2.33e-24	6.25e-19	1.82e-14	1.81e-10	3.09e-06	3.35e-03	9.97e-01
 2.84715e+22	2.85e-31	2.89e-24	7.51e-19	2.11e-14	2.03e-10	3.33e-06	3.48e-03	9.97e-01
 2.87265e+22	3.59e-31	3.53e-24	8.87e-19	2.41e-14	2.26e-10	3.57e-06	3.60e-03	9.96e-01
 2.89612e+22	4.45e-31	4.25e-24	1.04e-18	2.74e-14	2.49e-10	3.81e-06	3.71e-03	9.96e-01
 2.92200e+22	5.73e-31	5.27e-24	1.24e-18	3.19e-14	2.80e-10	4.11e-06	3.85e-03	9.96e-01
 2.94930e+22	7.31e-31	6.50e-24	1.48e-18	3.67e-14	3.12e-10	4.42e-06	3.99e-03	9.96e-01
 2.97351e+22	9.14e-31	7.87e-24	1.74e-18	4.19e-14	3.45e-10	4.73e-06	4.13e-03	9.96e-01
 3.00002e+22	1.19e-30	9.86e-24	2.10e-18	4.89e-14	3.90e-10	5.12e-06	4.29e-03	9.96e-01
 3.02811e+22	1.53e-30	1.23e-23	2.52e-18	5.67e-14	4.36e-10	5.53e-06	4.45e-03	9.96e-01
 3.05250e+22	1.91e-30	1.48e-23	2.96e-18	6.46e-14	4.82e-10	5.91e-06	4.60e-03	9.95e-01
 3.07462e+22	2.35e-30	1.77e-23	3.44e-18	7.29e-14	5.30e-10	6.29e-06	4.74e-03	9.95e-01
 3.09958e+22	2.99e-30	2.18e-23	4.09e-18	8.41e-14	5.92e-10	6.77e-06	4.92e-03	9.95e-01
 3.12648e+22	3.84e-30	2.70e-23	4.89e-18	9.71e-14	6.60e-10	7.29e-06	5.10e-03	9.95e-01
 3.15068e+22	4.77e-30	3.25e-23	5.71e-18	1.10e-13	7.28e-10	7.79e-06	5.27e-03	9.95e-01
 3.17693e+22	6.26e-30	4.10e-23	6.93e-18	1.29e-13	8.22e-10	8.45e-06	5.49e-03	9.95e-01
 3.20425e+22	7.96e-30	5.03e-23	8.23e-18	1.48e-13	9.14e-10	9.08e-06	5.69e-03	9.94e-01
 3.22778e+22	9.89e-30	6.06e-23	9.60e-18	1.68e-13	1.00e-09	9.69e-06	5.87e-03	9.94e-01
 3.25321e+22	1.27e-29	7.52e-23	1.15e-17	1.95e-13	1.13e-09	1.05e-05	6.10e-03	9.94e-01
 3.27996e+22	1.62e-29	9.25e-23	1.37e-17	2.23e-13	1.25e-09	1.12e-05	6.33e-03	9.94e-01
 3.30373e+22	2.03e-29	1.12e-22	1.60e-17	2.54e-13	1.38e-09	1.20e-05	6.54e-03	9.93e-01
 3.32994e+22	2.67e-29	1.41e-22	1.94e-17	2.97e-13	1.55e-09	1.30e-05	6.82e-03	9.93e-01
 3.35695e+22	3.40e-29	1.73e-22	2.30e-17	3.40e-13	1.72e-09	1.40e-05	7.07e-03	9.93e-01
 3.37992e+22	4.22e-29	2.08e-22	2.68e-17	3.84e-13	1.88e-09	1.49e-05	7.30e-03	9.93e-01
 3.40138e+22	5.16e-29	2.47e-22	3.09e-17	4.31e-13	2.05e-09	1.58e-05	7.53e-03	9.92e-01
 3.42596e+22	6.65e-29	3.06e-22	3.69e-17	4.97e-13	2.28e-09	1.71e-05	7.82e-03	9.92e-01
 3.45189e+22	8.50e-29	3.77e-22	4.37e-17	5.68e-13	2.52e-09	1.83e-05	8.12e-03	9.92e-01
 3.47495e+22	1.06e-28	4.56e-22	5.11e-17	6.44e-13	2.77e-09	1.96e-05	8.40e-03	9.92e-01
 3.50033e+22	1.39e-28	5.73e-22	6.17e-17	7.48e-13	3.09e-09	2.12e-05	8.75e-03	9.91e-01
 3.52577e+22	1.77e-28	7.01e-22	7.28e-17	8.52e-13	3.40e-09	2.27e-05	9.08e-03	9.91e-01
 3.54675e+22	2.16e-28	8.29e-22	8.36e-17	9.51e-13	3.69e-09	2.41e-05	9.36e-03	9.91e-01
 3.56943e+22	2.78e-28	1.03e-21	9.94e-17	1.09e-12	4.07e-09	2.59e-05	9.73e-03	9.90e-01
 3.59334e+22	3.51e-28	1.25e-21	1.16e-16	1.23e-12	4.45e-09	2.76e-05	1.01e-02	9.90e-01
 3.61514e+22	4.38e-28	1.50e-21	1.35e-16	1.39e-12	4.85e-09	2.94e-05	1.04e-02	9.90e-01
 3.63977e+22	5.75e-28	1.88e-21	1.63e-16	1.61e-12	5.38e-09	3.18e-05	1.09e-02	9.89e-01
 3.66423e+22	7.30e-28	2.30e-21	1.92e-16	1.82e-12	5.89e-09	3.40e-05	1.13e-02	9.89e-01
 3.68421e+22	8.93e-28	2.72e-21	2.20e-16	2.03e-12	6.36e-09	3.60e-05	1.16e-02	9.88e-01
 3.70593e+22	1.15e-27	3.36e-21	2.61e-16	2.32e-12	6.98e-09	3.86e-05	1.21e-02	9.88e-01
 3.72866e+22	1.45e-27	4.08e-21	3.05e-16	2.61e-12	7.59e-09	4.12e-05	1.25e-02	9.87e-01
 3.74916e+22	1.80e-27	4.88e-21	3.53e-16	2.92e-12	8.22e-09	4.38e-05	1.29e-02	9.87e-01
 3.77227e+22	2.37e-27	6.15e-21	4.25e-16	3.37e-12	9.09e-09	4.72e-05	1.35e-02	9.86e-01
 3.79518e+22	2.99e-27	7.45e-21	4.96e-16	3.80e-12	9.85e-09	5.03e-05	1.40e-02	9.86e-01
 3.81409e+22	3.66e-27	8.81e-21	5.67e-16	4.21e-12	1.06e-08	5.32e-05	1.44e-02	9.86e-01
 3.83494e+22	4.73e-27	1.09e-20	6.74e-16	4.80e-12	1.16e-08	5.71e-05	1.50e-02	9.85e-01
 3.85661e+22	5.88e-27	1.31e-20	7.80e-16	5.38e-12	1.25e-08	6.07e-05	1.55e-02	9.84e-01
 3.87934e+22	7.82e-27	1.66e-20	9.43e-16	6.22e-12	1.39e-08	6.56e-05	1.62e-02	9.84e-01
 3.90207e+22	9.99e-27	2.03e-20	1.11e-15	7.03e-12	1.50e-08	7.01e-05	1.68e-02	9.83e-01
 3.92061e+22	1.22e-26	2.40e-20	1.27e-15	7.79e-12	1.61e-08	7.40e-05	1.73e-02	9.83e-01
 3.94049e+22	1.57e-26	2.95e-20	1.50e-15	8.85e-12	1.76e-08	7.93e-05	1.80e-02	9.82e-01
 3.96151e+22	1.97e-26	3.57e-20	1.74e-15	9.94e-12	1.91e-08	8.44e-05	1.86e-02	9.81e-01
 3.98072e+22	2.47e-26	4.30e-20	2.02e-15	1.11e-11	2.06e-08	8.97e-05	1.93e-02	9.81e-01
 3.99947e+22	3.09e-26	5.17e-20	2.35e-15	1.25e-11	2.22e-08	9.53e-05	1.99e-02	9.80e-01
 4.02092e+22	4.13e-26	6.57e-20	2.84e-15	1.44e-11	2.45e-08	1.03e-04	2.08e-02	9.79e-01
 4.04242e+22	5.20e-26	7.96e-20	3.32e-15	1.62e-11	2.65e-08	1.10e-04	2.15e-02	9.78e-01
 4.06399e+22	6.90e-26	1.01e-19	4.01e-15	1.87e-11	2.92e-08	1.19e-04	2.25e-02	9.77e-01
 4.08568e+22	8.76e-26	1.23e-19	4.69e-15	2.11e-11	3.17e-08	1.26e-04	2.33e-02	9.77e-01
 4.10442e+22	1.10e-25	1.48e-19	5.47e-15	2.37e-11	3.43e-08	1.35e-04	2.41e-02	9.76e-01
 4.12566e+22	1.49e-25	1.91e-19	6.69e-15	2.76e-11	3.79e-08	1.46e-04	2.52e-02	9.75e-01
 4.14718e+22	1.89e-25	2.32e-19	7.84e-15	3.12e-11	4.12e-08	1.56e-04	2.61e-02	9.74e-01
 4.16592e+22	2.42e-25	2.85e-19	9.23e-15	3.53e-11	4.47e-08	1.66e-04	2.70e-02	9.73e-01
 4.18369e+22	3.03e-25	3.43e-19	1.07e-14	3.95e-11	4.82e-08	1.76e-04	2.79e-02	9.72e-01
 4.20333e+22	4.01e-25	4.33e-19	1.29e-14	4.55e-11	5.31e-08	1.90e-04	2.90e-02	9.71e-01
 4.22351e+22	5.17e-25	5.35e-19	1.53e-14	5.18e-11	5.78e-08	2.03e-04	3.01e-02	9.70e-01
 4.23979e+22	6.31e-25	6.31e-19	1.75e-14	5.73e-11	6.18e-08	2.14e-04	3.10e-02	9.69e-01
 4.25634e+22	8.10e-25	7.77e-19	2.07e-14	6.51e-11	6.73e-08	2.29e-04	3.21e-02	9.68e-01
 4.27230e+22	9.80e-25	9.10e-19	2.35e-14	7.17e-11	7.18e-08	2.41e-04	3.29e-02	9.67e-01
 4.28535e+22	1.19e-24	1.07e-18	2.67e-14	7.89e-11	7.65e-08	2.53e-04	3.38e-02	9.66e-01
 4.29818e+22	1.42e-24	1.24e-18	3.01e-14	8.66e-11	8.14e-08	2.65e-04	3.47e-02	9.65e-01
 4.31067e+22	1.69e-24	1.43e-18	3.38e-14	9.45e-11	8.63e-08	2.77e-04	3.55e-02	9.64e-01
 4.32471e+22	2.12e-24	1.73e-18	3.94e-14	1.06e-10	9.33e-08	2.94e-04	3.66e-02	9.63e-01
 4.33868e+22	2.54e-24	2.01e-18	4.45e-14	1.17e-10	9.93e-08	3.09e-04	3.75e-02	9.62e-01
 4.35255e+22	3.19e-24	2.43e-18	5.19e-14	1.31e-10	1.07e-07	3.27e-04	3.87e-02	9.61e-01
 4.36603e+22	3.82e-24	2.83e-18	5.87e-14	1.44e-10	1.14e-07	3.43e-04	3.96e-02	9.60e-01
 4.37703e+22	4.56e-24	3.28e-18	6.61e-14	1.57e-10	1.21e-07	3.58e-04	4.06e-02	9.59e-01
 4.38936e+22	5.63e-24	3.91e-18	7.62e-14	1.75e-10	1.30e-07	3.78e-04	4.17e-02	9.58e-01
 4.40206e+22	6.81e-24	4.59e-18	8.67e-14	1.94e-10	1.39e-07	3.97e-04	4.27e-02	9.57e-01
 4.41324e+22	8.10e-24	5.31e-18	9.75e-14	2.12e-10	1.48e-07	4.15e-04	4.37e-02	9.56e-01
 4.42577e+22	1.03e-23	6.49e-18	1.15e-13	2.40e-10	1.60e-07	4.40e-04	4.51e-02	9.55e-01
 4.43762e+22	1.22e-23	7.48e-18	1.29e-13	2.62e-10	1.70e-07	4.59e-04	4.60e-02	9.54e-01
 4.44861e+22	1.51e-23	8.94e-18	1.49e-13	2.92e-10	1.83e-07	4.84e-04	4.73e-02	9.52e-01
 4.45982e+22	1.79e-23	1.03e-17	1.68e-13	3.20e-10	1.94e-07	5.05e-04	4.83e-02	9.51e-01
 4.47133e+22	2.29e-23	1.27e-17	1.98e-13	3.62e-10	2.11e-07	5.36e-04	4.98e-02	9.50e-01
 4.48264e+22	2.71e-23	1.46e-17	2.22e-13	3.97e-10	2.24e-07	5.59e-04	5.08e-02	9.49e-01
 4.49369e+22	3.51e-23	1.82e-17	2.65e-13	4.53e-10	2.45e-07	5.94e-04	5.24e-02	9.47e-01
 4.50458e+22	4.18e-23	2.11e-17	2.99e-13	4.96e-10	2.60e-07	6.20e-04	5.35e-02	9.46e-01
 4.51529e+22	5.30e-23	2.57e-17	3.52e-13	5.62e-10	2.83e-07	6.56e-04	5.50e-02	9.44e-01
 4.52638e+22	6.53e-23	3.07e-17	4.06e-13	6.27e-10	3.04e-07	6.89e-04	5.64e-02	9.43e-01
 4.53601e+22	7.90e-23	3.61e-17	4.63e-13	6.93e-10	3.25e-07	7.21e-04	5.77e-02	9.42e-01
 4.54658e+22	1.02e-22	4.47e-17	5.53e-13	7.93e-10	3.55e-07	7.65e-04	5.94e-02	9.40e-01
 4.55722e+22	1.25e-22	5.32e-17	6.37e-13	8.83e-10	3.82e-07	8.03e-04	6.08e-02	9.38e-01
 4.56795e+22	1.66e-22	6.75e-17	7.73e-13	1.02e-09	4.21e-07	8.56e-04	6.27e-02	9.36e-01
 4.57829e+22	1.99e-22	7.87e-17	8.78e-13	1.13e-09	4.49e-07	8.93e-04	6.40e-02	9.35e-01
 4.58812e+22	2.63e-22	9.97e-17	1.06e-12	1.31e-09	4.95e-07	9.51e-04	6.60e-02	9.33e-01
 4.59790e+22	3.15e-22	1.16e-16	1.21e-12	1.44e-09	5.28e-07	9.92e-04	6.74e-02	9.32e-01
 4.60761e+22	4.22e-22	1.49e-16	1.48e-12	1.68e-09	5.84e-07	1.06e-03	6.95e-02	9.29e-01
 4.61731e+22	5.14e-22	1.76e-16	1.70e-12	1.86e-09	6.27e-07	1.11e-03	7.10e-02	9.28e-01
 4.62699e+22	6.88e-22	2.26e-16	2.08e-12	2.17e-09	6.95e-07	1.18e-03	7.33e-02	9.26e-01
 4.63684e+22	8.53e-22	2.71e-16	2.42e-12	2.44e-09	7.50e-07	1.24e-03	7.50e-02	9.24e-01
 4.64694e+22	1.15e-21	3.49e-16	2.98e-12	2.86e-09	8.34e-07	1.33e-03	7.74e-02	9.21e-01
 4.65696e+22	1.44e-21	4.24e-16	3.49e-12	3.23e-09	9.04e-07	1.39e-03	7.93e-02	9.19e-01
 4.66688e+22	1.95e-21	5.48e-16	4.31e-12	3.79e-09	1.01e-06	1.49e-03	8.18e-02	9.17e-01
 4.67697e+22	2.48e-21	6.74e-16	5.11e-12	4.31e-09	1.10e-06	1.57e-03	8.39e-02	9.15e-01
 4.68728e+22	3.42e-21	8.85e-16	6.40e-12	5.12e-09	1.23e-06	1.69e-03	8.68e-02	9.12e-01
 4.69766e+22	4.39e-21	1.09e-15	7.62e-12	5.85e-09	1.34e-06	1.78e-03	8.90e-02	9.09e-01
 4.70814e+22	6.11e-21	1.45e-15	9.62e-12	6.98e-09	1.51e-06	1.92e-03	9.21e-02	9.06e-01
 4.71869e+22	7.86e-21	1.80e-15	1.15e-11	7.99e-09	1.66e-06	2.03e-03	9.46e-02	9.03e-01
 4.72782e+22	1.01e-20	2.23e-15	1.37e-11	9.14e-09	1.81e-06	2.14e-03	9.71e-02	9.01e-01
 4.73820e+22	1.40e-20	2.95e-15	1.73e-11	1.09e-08	2.04e-06	2.31e-03	1.00e-01	8.97e-01
 4.74846e+22	1.77e-20	3.60e-15	2.03e-11	1.24e-08	2.22e-06	2.43e-03	1.03e-01	8.95e-01
 4.75859e+22	2.40e-20	4.68e-15	2.53e-11	1.46e-08	2.48e-06	2.60e-03	1.06e-01	8.91e-01
 4.76902e+22	3.08e-20	5.79e-15	3.01e-11	1.67e-08	2.71e-06	2.75e-03	1.09e-01	8.88e-01
 4.77984e+22	4.24e-20	7.60e-15	3.78e-11	1.98e-08	3.05e-06	2.96e-03	1.13e-01	8.84e-01
 4.79086e+22	5.45e-20	9.43e-15	4.51e-11	2.27e-08	3.34e-06	3.13e-03	1.16e-01	8.81e-01
 4.80213e+22	7.52e-20	1.24e-14	5.68e-11	2.71e-08	3.76e-06	3.37e-03	1.20e-01	8.77e-01
 4.81363e+22	9.65e-20	1.54e-14	6.77e-11	3.10e-08	4.13e-06	3.56e-03	1.23e-01	8.74e-01
 4.82543e+22	1.33e-19	2.03e-14	8.51e-11	3.70e-08	4.65e-06	3.84e-03	1.27e-01	8.69e-01
 4.83742e+22	1.70e-19	2.51e-14	1.01e-10	4.23e-08	5.10e-06	4.07e-03	1.30e-01	8.65e-01
 4.84968e+22	2.35e-19	3.30e-14	1.27e-10	5.04e-08	5.75e-06	4.38e-03	1.35e-01	8.61e-01
 4.86201e+22	2.98e-19	4.05e-14	1.51e-10	5.75e-08	6.29e-06	4.63e-03	1.38e-01	8.57e-01
 4.87444e+22	4.06e-19	5.28e-14	1.88e-10	6.82e-08	7.07e-06	4.98e-03	1.43e-01	8.52e-01
 4.88715e+22	5.14e-19	6.47e-14	2.23e-10	7.78e-08	7.74e-06	5.27e-03	1.47e-01	8.48e-01
 4.89824e+22	6.44e-19	7.85e-14	2.62e-10	8.81e-08	8.44e-06	5.56e-03	1.50e-01	8.44e-01
 4.91066e+22	8.62e-19	1.01e-13	3.23e-10	1.04e-07	9.44e-06	5.96e-03	1.55e-01	8.39e-01
 4.92308e+22	1.06e-18	1.21e-13	3.75e-10	1.16e-07	1.02e-05	6.27e-03	1.59e-01	8.35e-01
 4.93550e+22	1.40e-18	1.53e-13	4.58e-10	1.36e-07	1.14e-05	6.70e-03	1.64e-01	8.30e-01
 4.94819e+22	1.74e-18	1.84e-13	5.34e-10	1.53e-07	1.24e-05	7.06e-03	1.67e-01	8.25e-01
 4.95943e+22	2.14e-18	2.20e-13	6.21e-10	1.72e-07	1.34e-05	7.43e-03	1.71e-01	8.21e-01
 4.97220e+22	2.82e-18	2.79e-13	7.57e-10	2.01e-07	1.50e-05	7.95e-03	1.76e-01	8.16e-01
 4.98490e+22	3.41e-18	3.29e-13	8.67e-10	2.24e-07	1.61e-05	8.33e-03	1.80e-01	8.11e-01
 4.99750e+22	4.42e-18	4.12e-13	1.05e-09	2.59e-07	1.79e-05	8.89e-03	1.85e-01	8.06e-01
 5.01036e+22	5.36e-18	4.86e-13	1.20e-09	2.89e-07	1.93e-05	9.32e-03	1.89e-01	8.01e-01
 5.02353e+22	6.97e-18	6.09e-13	1.45e-09	3.35e-07	2.14e-05	9.95e-03	1.95e-01	7.95e-01
 5.03695e+22	8.47e-18	7.21e-13	1.67e-09	3.74e-07	2.32e-05	1.04e-02	1.99e-01	7.91e-01
 5.05070e+22	1.10e-17	9.04e-13	2.02e-09	4.35e-07	2.57e-05	1.12e-02	2.05e-01	7.84e-01
 5.06470e+22	1.34e-17	1.07e-12	2.33e-09	4.86e-07	2.79e-05	1.17e-02	2.09e-01	7.79e-01
 5.07903e+22	1.74e-17	1.34e-12	2.82e-09	5.65e-07	3.10e-05	1.25e-02	2.15e-01	7.72e-01
 5.09304e+22	2.07e-17	1.56e-12	3.20e-09	6.23e-07	3.32e-05	1.31e-02	2.19e-01	7.68e-01
 5.10662e+22	2.66e-17	1.93e-12	3.83e-09	7.19e-07	3.67e-05	1.39e-02	2.25e-01	7.61e-01
 5.12041e+22	3.16e-17	2.24e-12	4.34e-09	7.94e-07	3.94e-05	1.46e-02	2.29e-01	7.56e-01
 5.13447e+22	4.02e-17	2.76e-12	5.16e-09	9.11e-07	4.35e-05	1.55e-02	2.35e-01	7.49e-01
 5.14897e+22	4.87e-17	3.26e-12	5.94e-09	1.02e-06	4.70e-05	1.62e-02	2.40e-01	7.44e-01
 5.16403e+22	6.18e-17	4.00e-12	7.06e-09	1.17e-06	5.19e-05	1.73e-02	2.46e-01	7.36e-01
 5.17958e+22	7.56e-17	4.76e-12	8.18e-09	1.31e-06	5.64e-05	1.82e-02	2.52e-01	7.30e-01
 5.19576e+22	9.69e-17	5.90e-12	9.78e-09	1.51e-06	6.24e-05	1.94e-02	2.58e-01	7.22e-01
 5.21237e+22	1.19e-16	7.05e-12	1.14e-08	1.70e-06	6.80e-05	2.04e-02	2.64e-01	7.16e-01
 5.22955e+22	1.54e-16	8.78e-12	1.37e-08	1.97e-06	7.55e-05	2.18e-02	2.71e-01	7.07e-01
 5.24728e+22	1.90e-16	1.06e-11	1.60e-08	2.23e-06	8.25e-05	2.30e-02	2.77e-01	7.00e-01
 5.26573e+22	2.48e-16	1.33e-11	1.94e-08	2.60e-06	9.20e-05	2.46e-02	2.84e-01	6.91e-01
 5.28474e+22	3.10e-16	1.61e-11	2.28e-08	2.96e-06	1.01e-04	2.60e-02	2.91e-01	6.83e-01
 5.30188e+22	3.85e-16	1.94e-11	2.66e-08	3.36e-06	1.10e-04	2.75e-02	2.97e-01	6.75e-01
 5.32158e+22	5.06e-16	2.45e-11	3.25e-08	3.93e-06	1.24e-04	2.95e-02	3.05e-01	6.65e-01
 5.34166e+22	6.34e-16	2.98e-11	3.83e-08	4.48e-06	1.36e-04	3.12e-02	3.12e-01	6.57e-01
 5.36223e+22	8.40e-16	3.81e-11	4.70e-08	5.28e-06	1.53e-04	3.35e-02	3.21e-01	6.46e-01
 5.38308e+22	1.06e-15	4.65e-11	5.56e-08	6.03e-06	1.68e-04	3.56e-02	3.28e-01	6.37e-01
 5.40430e+22	1.42e-15	5.98e-11	6.88e-08	7.15e-06	1.90e-04	3.83e-02	3.37e-01	6.25e-01
 5.42572e+22	1.79e-15	7.31e-11	8.15e-08	8.18e-06	2.09e-04	4.06e-02	3.44e-01	6.15e-01
 5.44742e+22	2.43e-15	9.51e-11	1.02e-07	9.77e-06	2.37e-04	4.38e-02	3.54e-01	6.02e-01
 5.46924e+22	3.05e-15	1.16e-10	1.20e-07	1.12e-05	2.61e-04	4.64e-02	3.61e-01	5.93e-01
 5.48736e+22	3.77e-15	1.39e-10	1.40e-07	1.26e-05	2.85e-04	4.89e-02	3.67e-01	5.83e-01
 5.50709e+22	4.98e-15	1.77e-10	1.72e-07	1.49e-05	3.20e-04	5.24e-02	3.76e-01	5.71e-01
 5.52673e+22	6.12e-15	2.12e-10	2.00e-07	1.68e-05	3.49e-04	5.52e-02	3.83e-01	5.62e-01
 5.54628e+22	8.07e-15	2.69e-10	2.45e-07	1.98e-05	3.92e-04	5.91e-02	3.92e-01	5.49e-01
 5.56608e+22	9.97e-15	3.23e-10	2.87e-07	2.24e-05	4.28e-04	6.23e-02	3.98e-01	5.39e-01
 5.58619e+22	1.33e-14	4.15e-10	3.54e-07	2.66e-05	4.84e-04	6.69e-02	4.07e-01	5.25e-01
 5.60656e+22	1.65e-14	5.01e-10	4.15e-07	3.02e-05	5.31e-04	7.06e-02	4.14e-01	5.15e-01
 5.62723e+22	2.20e-14	6.43e-10	5.15e-07	3.59e-05	6.00e-04	7.58e-02	4.23e-01	5.00e-01
 5.64832e+22	2.77e-14	7.87e-10	6.11e-07	4.13e-05	6.63e-04	8.03e-02	4.30e-01	4.89e-01
 5.66994e+22	3.74e-14	1.02e-09	7.65e-07	4.96e-05	7.56e-04	8.66e-02	4.39e-01	4.73e-01
 5.69196e+22	4.74e-14	1.26e-09	9.14e-07	5.74e-05	8.39e-04	9.19e-02	4.46e-01	4.61e-01
 5.71451e+22	6.46e-14	1.65e-09	1.15e-06	6.95e-05	9.63e-04	9.93e-02	4.56e-01	4.44e-01
 5.73728e+22	8.19e-14	2.03e-09	1.38e-06	8.07e-05	1.07e-03	1.05e-01	4.62e-01	4.31e-01
 5.75654e+22	1.02e-13	2.46e-09	1.63e-06	9.27e-05	1.18e-03	1.12e-01	4.68e-01	4.19e-01
 5.77747e+22	1.34e-13	3.12e-09	2.01e-06	1.10e-04	1.34e-03	1.20e-01	4.76e-01	4.03e-01
 5.79845e+22	1.66e-13	3.77e-09	2.37e-06	1.27e-04	1.48e-03	1.26e-01	4.81e-01	3.91e-01
 5.81899e+22	2.13e-13	4.72e-09	2.89e-06	1.50e-04	1.67e-03	1.35e-01	4.87e-01	3.76e-01
 5.83993e+22	2.64e-13	5.70e-09	3.41e-06	1.73e-04	1.86e-03	1.43e-01	4.92e-01	3.63e-01
 5.86046e+22	3.33e-13	7.02e-09	4.11e-06	2.02e-04	2.09e-03	1.52e-01	4.98e-01	3.48e-01
 5.88142e+22	4.12e-13	8.48e-09	4.87e-06	2.34e-04	2.32e-03	1.61e-01	5.02e-01	3.35e-01
 5.90208e+22	5.11e-13	1.03e-08	5.79e-06	2.72e-04	2.59e-03	1.70e-01	5.06e-01	3.21e-01
 5.92290e+22	6.26e-13	1.23e-08	6.83e-06	3.15e-04	2.88e-03	1.80e-01	5.09e-01	3.08e-01
 5.94346e+22	7.62e-13	1.48e-08	8.04e-06	3.63e-04	3.21e-03	1.90e-01	5.11e-01	2.95e-01
 5.96398e+22	9.21e-13	1.75e-08	9.41e-06	4.18e-04	3.56e-03	2.01e-01	5.13e-01	2.82e-01
 5.98453e+22	1.11e-12	2.07e-08	1.10e-05	4.80e-04	3.95e-03	2.12e-01	5.15e-01	2.69e-01
 6.00514e+22	1.32e-12	2.44e-08	1.28e-05	5.50e-04	4.37e-03	2.23e-01	5.16e-01	2.57e-01
 6.02586e+22	1.57e-12	2.86e-08	1.48e-05	6.30e-04	4.84e-03	2.34e-01	5.16e-01	2.45e-01
 6.04675e+22	1.86e-12	3.34e-08	1.72e-05	7.20e-04	5.34e-03	2.46e-01	5.15e-01	2.33e-01
 6.06787e+22	2.19e-12	3.89e-08	1.98e-05	8.21e-04	5.90e-03	2.58e-01	5.14e-01	2.21e-01
 6.08910e+22	2.56e-12	4.50e-08	2.28e-05	9.34e-04	6.51e-03	2.70e-01	5.13e-01	2.10e-01
 6.11066e+22	2.98e-12	5.21e-08	2.63e-05	1.06e-03	7.19e-03	2.83e-01	5.10e-01	1.99e-01
 6.13245e+22	3.46e-12	5.99e-08	3.00e-05	1.21e-03	7.91e-03	2.96e-01	5.07e-01	1.88e-01
 6.15467e+22	4.01e-12	6.90e-08	3.45e-05	1.37e-03	8.73e-03	3.09e-01	5.04e-01	1.77e-01
 6.17728e+22	4.62e-12	7.89e-08	3.94e-05	1.55e-03	9.59e-03	3.23e-01	4.99e-01	1.67e-01
 6.19800e+22	5.19e-12	8.82e-08	4.39e-05	1.72e-03	1.04e-02	3.34e-01	4.95e-01	1.59e-01
 6.21964e+22	5.97e-12	1.01e-07	5.03e-05	1.95e-03	1.15e-02	3.49e-01	4.89e-01	1.49e-01
 6.24163e+22	6.69e-12	1.13e-07	5.60e-05	2.16e-03	1.24e-02	3.60e-01	4.84e-01	1.41e-01
 6.26426e+22	7.70e-12	1.29e-07	6.42e-05	2.45e-03	1.37e-02	3.75e-01	4.77e-01	1.31e-01
 6.28693e+22	8.55e-12	1.43e-07	7.11e-05	2.70e-03	1.47e-02	3.87e-01	4.71e-01	1.24e-01
 6.30963e+22	9.74e-12	1.63e-07	8.10e-05	3.05e-03	1.62e-02	4.02e-01	4.63e-01	1.16e-01
 6.33242e+22	1.08e-11	1.80e-07	8.95e-05	3.35e-03	1.74e-02	4.13e-01	4.56e-01	1.09e-01
 6.35533e+22	1.22e-11	2.04e-07	1.02e-04	3.77e-03	1.91e-02	4.28e-01	4.47e-01	1.01e-01
 6.37849e+22	1.35e-11	2.25e-07	1.12e-04	4.13e-03	2.04e-02	4.40e-01	4.40e-01	9.57e-02
 6.40196e+22	1.53e-11	2.55e-07	1.27e-04	4.63e-03	2.24e-02	4.54e-01	4.30e-01	8.85e-02
 6.42575e+22	1.69e-11	2.81e-07	1.40e-04	5.06e-03	2.40e-02	4.66e-01	4.22e-01	8.32e-02
 6.44994e+22	1.90e-11	3.18e-07	1.59e-04	5.67e-03	2.62e-02	4.80e-01	4.11e-01	7.67e-02
 6.47459e+22	2.10e-11	3.51e-07	1.75e-04	6.20e-03	2.80e-02	4.91e-01	4.02e-01	7.18e-02
 6.49981e+22	2.38e-11	3.97e-07	1.99e-04	6.95e-03	3.06e-02	5.06e-01	3.91e-01	6.58e-02
 6.52561e+22	2.64e-11	4.40e-07	2.20e-04	7.60e-03	3.28e-02	5.17e-01	3.81e-01	6.14e-02
 6.55217e+22	2.99e-11	4.99e-07	2.51e-04	8.52e-03	3.58e-02	5.31e-01	3.69e-01	5.59e-02
 6.57921e+22	3.34e-11	5.55e-07	2.78e-04	9.31e-03	3.83e-02	5.41e-01	3.59e-01	5.20e-02
 6.60212e+22	3.65e-11	6.08e-07	3.05e-04	1.01e-02	4.07e-02	5.51e-01	3.50e-01	4.85e-02
 6.62713e+22	4.10e-11	6.84e-07	3.44e-04	1.12e-02	4.40e-02	5.62e-01	3.38e-01	4.44e-02
 6.65129e+22	4.47e-11	7.46e-07	3.75e-04	1.20e-02	4.64e-02	5.70e-01	3.29e-01	4.16e-02
 6.67434e+22	4.95e-11	8.28e-07	4.18e-04	1.31e-02	4.98e-02	5.80e-01	3.18e-01	3.82e-02
 6.69764e+22	5.44e-11	9.06e-07	4.56e-04	1.41e-02	5.24e-02	5.87e-01	3.10e-01	3.59e-02
 6.72125e+22	6.06e-11	1.01e-06	5.08e-04	1.54e-02	5.61e-02	5.96e-01	2.99e-01	3.28e-02
 6.74521e+22	6.67e-11	1.11e-06	5.56e-04	1.65e-02	5.90e-02	6.03e-01	2.90e-01	3.07e-02
 6.76964e+22	7.45e-11	1.24e-06	6.22e-04	1.81e-02	6.31e-02	6.11e-01	2.79e-01	2.80e-02
 6.79441e+22	8.25e-11	1.37e-06	6.82e-04	1.94e-02	6.63e-02	6.17e-01	2.71e-01	2.61e-02
 6.81965e+22	9.24e-11	1.53e-06	7.65e-04	2.12e-02	7.10e-02	6.24e-01	2.59e-01	2.37e-02
 6.84530e+22	1.02e-10	1.69e-06	8.41e-04	2.28e-02	7.46e-02	6.29e-01	2.51e-01	2.19e-02
 6.87151e+22	1.16e-10	1.91e-06	9.49e-04	2.50e-02	7.97e-02	6.35e-01	2.39e-01	1.98e-02
 6.89845e+22	1.30e-10	2.12e-06	1.05e-03	2.69e-02	8.39e-02	6.39e-01	2.31e-01	1.83e-02
 6.92635e+22	1.48e-10	2.42e-06	1.19e-03	2.95e-02	8.97e-02	6.44e-01	2.19e-01	1.64e-02
 6.95486e+22	1.67e-10	2.70e-06	1.32e-03	3.18e-02	9.44e-02	6.47e-01	2.10e-01	1.50e-02
 6.98416e+22	1.93e-10	3.11e-06	1.51e-03	3.50e-02	1.01e-01	6.51e-01	1.99e-01	1.34e-02
 7.01372e+22	2.19e-10	3.49e-06	1.68e-03	3.77e-02	1.06e-01	6.52e-01	1.90e-01	1.22e-02
 7.04362e+22	2.53e-10	4.02e-06	1.92e-03	4.15e-02	1.13e-01	6.54e-01	1.79e-01	1.08e-02
 7.07383e+22	2.88e-10	4.53e-06	2.14e-03	4.47e-02	1.19e-01	6.54e-01	1.71e-01	9.86e-03
 7.10446e+22	3.36e-10	5.24e-06	2.45e-03	4.91e-02	1.26e-01	6.53e-01	1.60e-01	8.69e-03
 7.13564e+22	3.86e-10	5.94e-06	2.74e-03	5.29e-02	1.32e-01	6.52e-01	1.52e-01	7.87e-03
 7.16327e+22	4.39e-10	6.69e-06	3.06e-03	5.68e-02	1.38e-01	6.50e-01	1.45e-01	7.11e-03
 7.19493e+22	5.20e-10	7.82e-06	3.52e-03	6.24e-02	1.47e-01	6.46e-01	1.35e-01	6.24e-03
 7.22718e+22	5.94e-10	8.86e-06	3.95e-03	6.71e-02	1.54e-01	6.42e-01	1.27e-01	5.59e-03
 7.25326e+22	6.72e-10	9.89e-06	4.35e-03	7.15e-02	1.59e-01	6.39e-01	1.21e-01	5.09e-03
 7.28024e+22	7.78e-10	1.13e-05	4.87e-03	7.69e-02	1.66e-01	6.33e-01	1.14e-01	4.56e-03
 7.30864e+22	8.86e-10	1.27e-05	5.40e-03	8.20e-02	1.73e-01	6.28e-01	1.08e-01	4.13e-03
 7.33473e+22	1.01e-09	1.42e-05	5.96e-03	8.73e-02	1.79e-01	6.22e-01	1.02e-01	3.73e-03
 7.36452e+22	1.19e-09	1.64e-05	6.76e-03	9.44e-02	1.87e-01	6.13e-01	9.53e-02	3.29e-03
 7.39508e+22	1.36e-09	1.86e-05	7.54e-03	1.01e-01	1.94e-01	6.05e-01	8.93e-02	2.93e-03
 7.42191e+22	1.56e-09	2.09e-05	8.33e-03	1.07e-01	2.00e-01	5.97e-01	8.42e-02	2.64e-03
 7.45207e+22	1.85e-09	2.43e-05	9.43e-03	1.15e-01	2.08e-01	5.87e-01	7.81e-02	2.31e-03
 7.48356e+22	2.14e-09	2.76e-05	1.05e-02	1.23e-01	2.15e-01	5.76e-01	7.27e-02	2.04e-03
 7.51197e+22	2.47e-09	3.13e-05	1.17e-02	1.31e-01	2.22e-01	5.66e-01	6.80e-02	1.82e-03
 7.54409e+22	2.97e-09	3.67e-05	1.33e-02	1.41e-01	2.30e-01	5.52e-01	6.24e-02	1.57e-03
 7.57722e+22	3.46e-09	4.19e-05	1.49e-02	1.51e-01	2.37e-01	5.39e-01	5.76e-02	1.38e-03
 7.60674e+22	4.03e-09	4.77e-05	1.65e-02	1.60e-01	2.43e-01	5.26e-01	5.35e-02	1.21e-03
 7.64017e+22	4.89e-09	5.62e-05	1.88e-02	1.72e-01	2.51e-01	5.09e-01	4.86e-02	1.04e-03
 7.67491e+22	5.78e-09	6.48e-05	2.11e-02	1.83e-01	2.57e-01	4.94e-01	4.44e-02	8.95e-04
 7.70621e+22	6.79e-09	7.42e-05	2.35e-02	1.94e-01	2.63e-01	4.78e-01	4.08e-02	7.79e-04
 7.74176e+22	8.36e-09	8.82e-05	2.69e-02	2.08e-01	2.69e-01	4.58e-01	3.64e-02	6.50e-04
 7.77816e+22	9.94e-09	1.02e-04	3.00e-02	2.21e-01	2.74e-01	4.41e-01	3.31e-02	5.57e-04
 7.81078e+22	1.18e-08	1.17e-04	3.34e-02	2.33e-01	2.79e-01	4.24e-01	3.00e-02	4.78e-04
 7.84827e+22	1.47e-08	1.40e-04	3.83e-02	2.50e-01	2.84e-01	4.01e-01	2.63e-02	3.90e-04
 7.88608e+22	1.75e-08	1.62e-04	4.27e-02	2.63e-01	2.87e-01	3.83e-01	2.37e-02	3.30e-04
 7.92428e+22	2.19e-08	1.94e-04	4.87e-02	2.80e-01	2.90e-01	3.60e-01	2.06e-02	2.67e-04
 7.96311e+22	2.63e-08	2.25e-04	5.42e-02	2.94e-01	2.92e-01	3.41e-01	1.83e-02	2.23e-04
 8.00275e+22	3.33e-08	2.71e-04	6.19e-02	3.12e-01	2.92e-01	3.17e-01	1.57e-02	1.77e-04
 8.04278e+22	4.01e-08	3.14e-04	6.87e-02	3.27e-01	2.92e-01	2.98e-01	1.39e-02	1.47e-04
 8.08331e+22	5.10e-08	3.79e-04	7.82e-02	3.45e-01	2.91e-01	2.74e-01	1.18e-02	1.15e-04
 8.12423e+22	6.17e-08	4.39e-04	8.64e-02	3.58e-01	2.89e-01	2.56e-01	1.03e-02	9.39e-05
 8.16564e+22	7.88e-08	5.30e-04	9.80e-02	3.76e-01	2.84e-01	2.33e-01	8.58e-03	7.22e-05
 8.20763e+22	9.58e-08	6.15e-04	1.08e-01	3.89e-01	2.80e-01	2.15e-01	7.40e-03	5.83e-05
 8.24394e+22	1.15e-07	7.07e-04	1.18e-01	4.00e-01	2.75e-01	1.99e-01	6.43e-03	4.76e-05
 8.28474e+22	1.47e-07	8.48e-04	1.32e-01	4.15e-01	2.68e-01	1.79e-01	5.30e-03	3.60e-05
 8.32444e+22	1.74e-07	9.64e-04	1.43e-01	4.24e-01	2.62e-01	1.65e-01	4.61e-03	2.95e-05
 8.35757e+22	2.07e-07	1.09e-03	1.54e-01	4.33e-01	2.55e-01	1.53e-01	4.00e-03	2.42e-05
 8.39550e+22	2.58e-07	1.28e-03	1.70e-01	4.43e-01	2.46e-01	1.37e-01	3.30e-03	1.84e-05
 8.43314e+22	3.05e-07	1.45e-03	1.82e-01	4.49e-01	2.39e-01	1.26e-01	2.86e-03	1.50e-05
 8.47040e+22	3.76e-07	1.69e-03	1.98e-01	4.56e-01	2.29e-01	1.13e-01	2.37e-03	1.16e-05
 8.50886e+22	4.51e-07	1.92e-03	2.13e-01	4.61e-01	2.20e-01	1.02e-01	2.00e-03	9.16e-06
 8.54325e+22	5.35e-07	2.17e-03	2.28e-01	4.65e-01	2.11e-01	9.24e-02	1.70e-03	7.33e-06
 8.58230e+22	6.66e-07	2.53e-03	2.47e-01	4.68e-01	2.00e-01	8.13e-02	1.38e-03	5.48e-06
 8.62200e+22	7.97e-07	2.87e-03	2.63e-01	4.69e-01	1.91e-01	7.29e-02	1.15e-03	4.28e-06
 8.66255e+22	9.92e-07	3.33e-03	2.84e-01	4.69e-01	1.79e-01	6.36e-02	9.25e-04	3.16e-06
 8.70022e+22	1.15e-06	3.70e-03	2.99e-01	4.68e-01	1.71e-01	5.77e-02	7.90e-04	2.55e-06
 8.72944e+22	1.34e-06	4.09e-03	3.13e-01	4.67e-01	1.63e-01	5.24e-02	6.76e-04	2.06e-06
 8.76272e+22	1.59e-06	4.61e-03	3.31e-01	4.63e-01	1.54e-01	4.65e-02	5.59e-04	1.59e-06
 8.79700e+22	1.85e-06	5.09e-03	3.47e-01	4.60e-01	1.46e-01	4.20e-02	4.76e-04	1.28e-06
 8.82793e+22	2.14e-06	5.63e-03	3.62e-01	4.56e-01	1.38e-01	3.79e-02	4.03e-04	1.02e-06
 8.85883e+22	2.48e-06	6.21e-03	3.78e-01	4.51e-01	1.31e-01	3.40e-02	3.41e-04	8.16e-07
 8.89434e+22	2.97e-06	7.01e-03	3.97e-01	4.44e-01	1.22e-01	2.97e-02	2.76e-04	6.13e-07
 8.93010e+22	3.46e-06	7.75e-03	4.14e-01	4.37e-01	1.14e-01	2.65e-02	2.30e-04	4.81e-07
 8.96110e+22	3.99e-06	8.51e-03	4.30e-01	4.30e-01	1.07e-01	2.37e-02	1.94e-04	3.81e-07
 8.99632e+22	4.77e-06	9.57e-03	4.49e-01	4.21e-01	9.93e-02	2.06e-02	1.55e-04	2.83e-07
 9.03226e+22	5.52e-06	1.05e-02	4.66e-01	4.13e-01	9.28e-02	1.83e-02	1.29e-04	2.22e-07
 9.06916e+22	6.64e-06	1.19e-02	4.86e-01	4.01e-01	8.51e-02	1.57e-02	1.02e-04	1.62e-07
 9.10623e+22	7.74e-06	1.31e-02	5.03e-01	3.92e-01	7.90e-02	1.38e-02	8.37e-05	0.00e+00
 9.13843e+22	8.90e-06	1.43e-02	5.18e-01	3.82e-01	7.36e-02	1.23e-02	6.95e-05	0.00e+00
 9.17519e+22	1.06e-05	1.61e-02	5.37e-01	3.69e-01	6.71e-02	1.05e-02	5.47e-05	0.00e+00
 9.21295e+22	1.24e-05	1.77e-02	5.53e-01	3.58e-01	6.19e-02	9.16e-03	4.44e-05	0.00e+00
 9.24348e+22	1.40e-05	1.91e-02	5.66e-01	3.49e-01	5.79e-02	8.20e-03	3.75e-05	0.00e+00
