#depth	H	H+	H2
 1.54284e+22	9.09e-05	1.00e+00	2.65e-24
 3.54437e+22	1.26e-04	1.00e+00	9.82e-24
 4.23241e+22	1.48e-04	1.00e+00	2.03e-23
 4.63972e+22	1.68e-04	1.00e+00	3.62e-23
 4.89348e+22	1.77e-04	1.00e+00	4.63e-23
 5.06779e+22	1.89e-04	1.00e+00	6.40e-23
 5.25299e+22	2.01e-04	1.00e+00	8.53e-23
 5.45234e+22	2.16e-04	1.00e+00	1.23e-22
 5.65462e+22	2.31e-04	1.00e+00	1.68e-22
 5.83308e+22	2.45e-04	1.00e+00	2.27e-22
 6.03749e+22	2.65e-04	1.00e+00	3.34e-22
 6.24521e+22	2.82e-04	1.00e+00	4.59e-22
 6.42614e+22	3.00e-04	1.00e+00	6.21e-22
 6.63029e+22	3.24e-04	1.00e+00	9.23e-22
 6.82522e+22	3.42e-04	1.00e+00	1.22e-21
 7.00817e+22	3.66e-04	1.00e+00	1.73e-21
 7.19174e+22	3.87e-04	1.00e+00	2.30e-21
 7.37613e+22	4.14e-04	1.00e+00	3.29e-21
 7.56529e+22	4.39e-04	1.00e+00	4.49e-21
 7.73507e+22	4.64e-04	1.00e+00	6.06e-21
 7.93019e+22	4.99e-04	1.00e+00	9.06e-21
 8.12693e+22	5.29e-04	9.99e-01	1.26e-20
 8.32577e+22	5.69e-04	9.99e-01	1.91e-20
 8.51812e+22	6.00e-04	9.99e-01	2.65e-20
 8.67248e+22	6.31e-04	9.99e-01	3.52e-20
 8.84362e+22	6.70e-04	9.99e-01	5.02e-20
 9.01702e+22	7.05e-04	9.99e-01	6.89e-20
 9.16976e+22	7.40e-04	9.99e-01	9.21e-20
 9.34469e+22	7.87e-04	9.99e-01	1.36e-19
 9.52193e+22	8.29e-04	9.99e-01	1.90e-19
 9.67801e+22	8.71e-04	9.99e-01	2.57e-19
 9.85677e+22	9.27e-04	9.99e-01	3.89e-19
 1.00375e+23	9.76e-04	9.99e-01	5.63e-19
 1.01961e+23	1.03e-03	9.99e-01	7.87e-19
 1.03779e+23	1.09e-03	9.99e-01	1.29e-18
 1.05627e+23	1.15e-03	9.99e-01	2.09e-18
 1.07268e+23	1.21e-03	9.99e-01	3.25e-18
 1.09154e+23	1.29e-03	9.99e-01	6.52e-18
 1.11071e+23	1.36e-03	9.99e-01	1.36e-17
 1.12394e+23	1.40e-03	9.99e-01	3.48e-17
 1.13480e+23	1.46e-03	9.99e-01	5.87e-17
 1.14891e+23	1.53e-03	9.98e-01	9.32e-17
 1.16726e+23	1.63e-03	9.98e-01	2.27e-16
 1.18643e+23	1.71e-03	9.98e-01	3.14e-16
 1.20667e+23	1.84e-03	9.98e-01	5.20e-16
 1.22731e+23	1.94e-03	9.98e-01	7.42e-16
 1.24847e+23	2.08e-03	9.98e-01	1.10e-15
 1.27026e+23	2.21e-03	9.98e-01	1.58e-15
 1.28703e+23	2.30e-03	9.98e-01	1.96e-15
 1.30297e+23	2.42e-03	9.98e-01	2.51e-15
 1.31931e+23	2.52e-03	9.97e-01	3.05e-15
 1.33614e+23	2.67e-03	9.97e-01	3.91e-15
 1.35306e+23	2.78e-03	9.97e-01	4.63e-15
 1.37008e+23	2.93e-03	9.97e-01	5.70e-15
 1.38760e+23	3.06e-03	9.97e-01	6.82e-15
 1.40578e+23	3.24e-03	9.97e-01	8.53e-15
 1.42400e+23	3.39e-03	9.97e-01	1.02e-14
 1.44224e+23	3.59e-03	9.96e-01	1.26e-14
 1.46099e+23	3.76e-03	9.96e-01	1.52e-14
 1.48038e+23	4.00e-03	9.96e-01	1.92e-14
 1.49982e+23	4.19e-03	9.96e-01	2.30e-14
 1.51932e+23	4.45e-03	9.96e-01	2.92e-14
 1.53922e+23	4.67e-03	9.95e-01	3.52e-14
 1.55964e+23	4.97e-03	9.95e-01	4.51e-14
 1.58029e+23	5.22e-03	9.95e-01	5.50e-14
 1.60124e+23	5.58e-03	9.94e-01	7.12e-14
 1.62217e+23	5.86e-03	9.94e-01	8.70e-14
 1.64309e+23	6.28e-03	9.94e-01	1.13e-13
 1.66402e+23	6.60e-03	9.93e-01	1.38e-13
 1.68497e+23	7.10e-03	9.93e-01	1.82e-13
 1.70586e+23	7.48e-03	9.93e-01	2.24e-13
 1.72668e+23	8.09e-03	9.92e-01	2.97e-13
 1.74738e+23	8.55e-03	9.91e-01	3.68e-13
 1.76794e+23	9.28e-03	9.91e-01	4.93e-13
 1.78846e+23	9.89e-03	9.90e-01	6.21e-13
 1.80896e+23	1.08e-02	9.89e-01	8.43e-13
 1.82952e+23	1.16e-02	9.88e-01	1.09e-12
 1.85018e+23	1.29e-02	9.87e-01	1.51e-12
 1.87096e+23	1.40e-02	9.86e-01	2.01e-12
 1.88904e+23	1.54e-02	9.85e-01	2.70e-12
 1.90967e+23	1.74e-02	9.83e-01	3.92e-12
 1.93066e+23	1.96e-02	9.80e-01	5.58e-12
 1.94661e+23	2.16e-02	9.78e-01	7.40e-12
 1.96183e+23	2.43e-02	9.76e-01	1.03e-11
 1.97824e+23	2.76e-02	9.72e-01	1.46e-11
 1.99345e+23	3.16e-02	9.68e-01	2.09e-11
 2.00795e+23	3.66e-02	9.63e-01	3.04e-11
 2.02167e+23	4.26e-02	9.57e-01	4.45e-11
 2.03447e+23	4.98e-02	9.50e-01	6.49e-11
 2.04646e+23	5.90e-02	9.41e-01	9.69e-11
 2.05761e+23	7.01e-02	9.30e-01	1.45e-10
 2.06776e+23	8.35e-02	9.16e-01	2.14e-10
 2.07699e+23	9.96e-02	9.00e-01	3.17e-10
 2.08522e+23	1.18e-01	8.82e-01	4.59e-10
 2.09254e+23	1.40e-01	8.60e-01	6.55e-10
 2.09909e+23	1.62e-01	8.38e-01	8.95e-10
 2.10516e+23	1.88e-01	8.12e-01	1.22e-09
 2.11090e+23	2.18e-01	7.82e-01	1.65e-09
 2.11613e+23	2.50e-01	7.50e-01	2.17e-09
 2.12089e+23	2.83e-01	7.17e-01	2.77e-09
 2.12535e+23	3.17e-01	6.83e-01	3.47e-09
 2.12942e+23	3.51e-01	6.49e-01	4.22e-09
 2.13291e+23	3.82e-01	6.18e-01	4.93e-09
 2.13592e+23	4.09e-01	5.91e-01	5.61e-09
 2.13844e+23	4.32e-01	5.68e-01	6.21e-09
 2.14063e+23	4.53e-01	5.47e-01	6.76e-09
 2.14297e+23	4.75e-01	5.25e-01	7.37e-09
 2.14558e+23	4.99e-01	5.01e-01	8.04e-09
 2.14822e+23	5.23e-01	4.77e-01	8.71e-09
 2.15066e+23	5.44e-01	4.56e-01	9.31e-09
 2.15253e+23	5.58e-01	4.42e-01	9.70e-09
 2.15385e+23	5.69e-01	4.31e-01	1.00e-08
 2.15519e+23	5.80e-01	4.20e-01	1.03e-08
 2.15676e+23	5.92e-01	4.08e-01	1.07e-08
 2.15848e+23	6.05e-01	3.95e-01	1.11e-08
 2.16013e+23	6.17e-01	3.83e-01	1.14e-08
 2.16176e+23	6.29e-01	3.71e-01	1.18e-08
 2.16344e+23	6.40e-01	3.60e-01	1.21e-08
 2.16521e+23	6.51e-01	3.49e-01	1.25e-08
 2.16706e+23	6.63e-01	3.37e-01	1.28e-08
 2.16887e+23	6.74e-01	3.26e-01	1.31e-08
 2.17069e+23	6.85e-01	3.15e-01	1.34e-08
 2.17264e+23	6.95e-01	3.05e-01	1.38e-08
 2.17468e+23	7.06e-01	2.94e-01	1.41e-08
 2.17670e+23	7.16e-01	2.84e-01	1.44e-08
 2.17875e+23	7.26e-01	2.74e-01	1.47e-08
 2.18091e+23	7.36e-01	2.64e-01	1.49e-08
 2.18317e+23	7.46e-01	2.54e-01	1.52e-08
 2.18546e+23	7.55e-01	2.45e-01	1.55e-08
 2.18779e+23	7.64e-01	2.36e-01	1.58e-08
 2.19024e+23	7.73e-01	2.27e-01	1.60e-08
 2.19277e+23	7.81e-01	2.19e-01	1.63e-08
 2.19538e+23	7.90e-01	2.10e-01	1.65e-08
 2.19810e+23	7.98e-01	2.02e-01	1.67e-08
 2.20093e+23	8.06e-01	1.94e-01	1.70e-08
 2.20386e+23	8.13e-01	1.87e-01	1.72e-08
 2.20688e+23	8.20e-01	1.80e-01	1.74e-08
 2.20996e+23	8.27e-01	1.73e-01	1.76e-08
 2.21314e+23	8.34e-01	1.66e-01	1.79e-08
 2.21642e+23	8.40e-01	1.60e-01	1.81e-08
 2.21986e+23	8.46e-01	1.54e-01	1.84e-08
 2.22343e+23	8.51e-01	1.49e-01	1.86e-08
 2.22708e+23	8.57e-01	1.43e-01	1.89e-08
 2.23086e+23	8.62e-01	1.38e-01	1.92e-08
 2.23484e+23	8.67e-01	1.33e-01	1.96e-08
 2.23909e+23	8.71e-01	1.29e-01	1.99e-08
 2.24351e+23	8.75e-01	1.25e-01	2.03e-08
 2.24811e+23	8.80e-01	1.20e-01	2.08e-08
 2.25302e+23	8.84e-01	1.16e-01	2.14e-08
 2.25826e+23	8.88e-01	1.12e-01	2.20e-08
 2.26376e+23	8.92e-01	1.08e-01	2.28e-08
 2.26936e+23	8.95e-01	1.05e-01	2.36e-08
 2.27475e+23	8.98e-01	1.02e-01	2.45e-08
 2.27991e+23	9.01e-01	9.90e-02	2.54e-08
 2.28499e+23	9.04e-01	9.63e-02	2.64e-08
 2.28999e+23	9.06e-01	9.38e-02	2.75e-08
 2.29488e+23	9.09e-01	9.14e-02	2.84e-08
 2.29956e+23	9.11e-01	8.92e-02	2.93e-08
 2.30402e+23	9.13e-01	8.72e-02	3.03e-08
 2.30820e+23	9.15e-01	8.53e-02	3.12e-08
 2.31225e+23	9.17e-01	8.35e-02	3.23e-08
 2.31632e+23	9.18e-01	8.16e-02	3.35e-08
 2.32025e+23	9.20e-01	7.99e-02	3.47e-08
 2.32403e+23	9.22e-01	7.83e-02	3.60e-08
 2.32768e+23	9.23e-01	7.67e-02	3.74e-08
 2.33120e+23	9.25e-01	7.52e-02	3.88e-08
 2.33460e+23	9.26e-01	7.37e-02	4.03e-08
 2.33789e+23	9.28e-01	7.23e-02	4.18e-08
 2.34105e+23	9.29e-01	7.10e-02	4.35e-08
 2.34411e+23	9.30e-01	6.97e-02	4.53e-08
 2.34705e+23	9.32e-01	6.84e-02	4.73e-08
 2.34985e+23	9.33e-01	6.73e-02	4.93e-08
 2.35259e+23	9.34e-01	6.61e-02	5.16e-08
 2.35525e+23	9.35e-01	6.49e-02	5.39e-08
 2.35767e+23	9.36e-01	6.39e-02	5.61e-08
 2.35987e+23	9.37e-01	6.30e-02	5.82e-08
 2.36188e+23	9.38e-01	6.22e-02	6.04e-08
 2.36370e+23	9.38e-01	6.15e-02	6.24e-08
 2.36536e+23	9.39e-01	6.09e-02	6.43e-08
 2.36688e+23	9.40e-01	6.03e-02	6.61e-08
 2.36825e+23	9.40e-01	5.97e-02	6.83e-08
 2.36950e+23	9.41e-01	5.94e-02	6.96e-08
 2.37087e+23	9.41e-01	5.87e-02	7.12e-08
 2.37266e+23	9.42e-01	5.78e-02	7.39e-08
 2.37458e+23	9.43e-01	5.69e-02	7.63e-08
 2.37633e+23	9.44e-01	5.60e-02	7.85e-08
 2.37792e+23	9.45e-01	5.55e-02	8.04e-08
 2.37937e+23	9.45e-01	5.49e-02	8.22e-08
 2.38069e+23	9.46e-01	5.45e-02	8.36e-08
 2.38214e+23	9.46e-01	5.39e-02	8.55e-08
 2.38370e+23	9.47e-01	5.33e-02	8.72e-08
 2.38541e+23	9.47e-01	5.26e-02	8.88e-08
 2.38726e+23	9.48e-01	5.19e-02	9.06e-08
 2.38894e+23	9.49e-01	5.12e-02	9.21e-08
 2.39047e+23	9.49e-01	5.09e-02	9.34e-08
 2.39214e+23	9.50e-01	5.02e-02	9.40e-08
 2.39432e+23	9.51e-01	4.93e-02	9.58e-08
 2.39668e+23	9.52e-01	4.84e-02	9.73e-08
 2.39882e+23	9.52e-01	4.77e-02	9.83e-08
 2.40076e+23	9.53e-01	4.71e-02	9.90e-08
 2.40254e+23	9.53e-01	4.67e-02	9.95e-08
 2.40415e+23	9.54e-01	4.62e-02	9.98e-08
 2.40592e+23	9.54e-01	4.56e-02	1.00e-07
 2.40782e+23	9.55e-01	4.49e-02	1.00e-07
 2.40956e+23	9.56e-01	4.44e-02	1.01e-07
 2.41114e+23	9.56e-01	4.40e-02	1.01e-07
 2.41258e+23	9.56e-01	4.36e-02	1.01e-07
 2.41415e+23	9.57e-01	4.31e-02	1.00e-07
 2.41585e+23	9.58e-01	4.25e-02	1.00e-07
 2.41740e+23	9.58e-01	4.21e-02	1.00e-07
 2.41910e+23	9.58e-01	4.16e-02	1.00e-07
 2.42093e+23	9.59e-01	4.09e-02	9.99e-08
 2.42260e+23	9.59e-01	4.05e-02	9.98e-08
 2.42442e+23	9.60e-01	4.00e-02	9.93e-08
 2.42639e+23	9.61e-01	3.93e-02	9.90e-08
 2.42819e+23	9.61e-01	3.89e-02	9.87e-08
 2.42982e+23	9.61e-01	3.85e-02	9.83e-08
 2.43161e+23	9.62e-01	3.80e-02	9.76e-08
 2.43354e+23	9.63e-01	3.74e-02	9.73e-08
 2.43530e+23	9.63e-01	3.70e-02	9.70e-08
 2.43722e+23	9.63e-01	3.66e-02	9.65e-08
 2.43930e+23	9.64e-01	3.61e-02	9.65e-08
 2.44119e+23	9.64e-01	3.56e-02	9.58e-08
 2.44291e+23	9.65e-01	3.53e-02	9.57e-08
 2.44480e+23	9.65e-01	3.49e-02	9.52e-08
 2.44684e+23	9.66e-01	3.44e-02	9.51e-08
 2.44869e+23	9.66e-01	3.41e-02	9.49e-08
 2.45072e+23	9.66e-01	3.36e-02	9.42e-08
 2.45291e+23	9.67e-01	3.31e-02	9.41e-08
 2.45491e+23	9.67e-01	3.27e-02	9.36e-08
 2.45672e+23	9.68e-01	3.25e-02	9.36e-08
 2.45871e+23	9.68e-01	3.21e-02	9.30e-08
 2.46086e+23	9.68e-01	3.16e-02	9.29e-08
 2.46282e+23	9.69e-01	3.13e-02	9.28e-08
 2.46496e+23	9.69e-01	3.09e-02	9.21e-08
 2.46727e+23	9.70e-01	3.04e-02	9.21e-08
 2.46937e+23	9.70e-01	3.00e-02	9.16e-08
 2.47129e+23	9.70e-01	2.98e-02	9.15e-08
 2.47339e+23	9.71e-01	2.94e-02	9.10e-08
 2.47565e+23	9.71e-01	2.90e-02	9.10e-08
 2.47771e+23	9.71e-01	2.87e-02	9.09e-08
 2.47997e+23	9.72e-01	2.83e-02	9.03e-08
 2.48241e+23	9.72e-01	2.79e-02	9.03e-08
 2.48463e+23	9.72e-01	2.76e-02	9.02e-08
 2.48706e+23	9.73e-01	2.72e-02	8.96e-08
 2.48969e+23	9.73e-01	2.67e-02	8.96e-08
 2.49208e+23	9.74e-01	2.64e-02	8.96e-08
 2.49469e+23	9.74e-01	2.60e-02	8.93e-08
 2.49752e+23	9.74e-01	2.56e-02	8.96e-08
 2.50009e+23	9.75e-01	2.53e-02	8.93e-08
 2.50243e+23	9.75e-01	2.50e-02	8.91e-08
 2.50456e+23	9.75e-01	2.48e-02	8.91e-08
 2.50689e+23	9.76e-01	2.45e-02	8.88e-08
 2.50941e+23	9.76e-01	2.41e-02	8.90e-08
 2.51171e+23	9.76e-01	2.38e-02	8.90e-08
 2.51422e+23	9.76e-01	2.35e-02	8.87e-08
 2.51693e+23	9.77e-01	2.31e-02	8.88e-08
 2.51940e+23	9.77e-01	2.29e-02	8.89e-08
 2.52210e+23	9.77e-01	2.26e-02	8.87e-08
 2.52502e+23	9.78e-01	2.22e-02	8.88e-08
 2.52768e+23	9.78e-01	2.20e-02	8.88e-08
 2.53059e+23	9.78e-01	2.16e-02	8.86e-08
 2.53373e+23	9.79e-01	2.12e-02	8.87e-08
 2.53659e+23	9.79e-01	2.10e-02	8.88e-08
 2.53973e+23	9.79e-01	2.06e-02	8.85e-08
 2.54311e+23	9.80e-01	2.03e-02	8.86e-08
 2.54619e+23	9.80e-01	2.00e-02	8.87e-08
 2.54957e+23	9.80e-01	1.97e-02	8.85e-08
 2.55321e+23	9.81e-01	1.93e-02	8.86e-08
 2.55652e+23	9.81e-01	1.91e-02	8.87e-08
 2.56016e+23	9.81e-01	1.87e-02	8.85e-08
 2.56408e+23	9.82e-01	1.84e-02	8.87e-08
 2.56765e+23	9.82e-01	1.81e-02	8.86e-08
 2.57089e+23	9.82e-01	1.79e-02	8.86e-08
 2.57445e+23	9.82e-01	1.76e-02	8.84e-08
 2.57829e+23	9.83e-01	1.72e-02	8.85e-08
 2.58179e+23	9.83e-01	1.70e-02	8.86e-08
 2.58562e+23	9.83e-01	1.67e-02	8.84e-08
 2.58975e+23	9.84e-01	1.64e-02	8.85e-08
 2.59352e+23	9.84e-01	1.61e-02	8.86e-08
 2.59764e+23	9.84e-01	1.58e-02	8.86e-08
 2.60209e+23	9.84e-01	1.55e-02	8.87e-08
 2.60614e+23	9.85e-01	1.53e-02	8.85e-08
 2.60983e+23	9.85e-01	1.51e-02	8.86e-08
 2.61387e+23	9.85e-01	1.48e-02	8.86e-08
 2.61823e+23	9.85e-01	1.45e-02	8.87e-08
 2.62220e+23	9.86e-01	1.43e-02	8.86e-08
 2.62655e+23	9.86e-01	1.40e-02	8.87e-08
 2.63125e+23	9.86e-01	1.37e-02	8.88e-08
 2.63552e+23	9.86e-01	1.35e-02	8.88e-08
 2.64020e+23	9.87e-01	1.32e-02	8.88e-08
 2.64525e+23	9.87e-01	1.30e-02	8.90e-08
 2.64985e+23	9.87e-01	1.28e-02	8.90e-08
 2.65404e+23	9.87e-01	1.26e-02	8.89e-08
 2.65863e+23	9.88e-01	1.23e-02	8.91e-08
 2.66358e+23	9.88e-01	1.21e-02	8.92e-08
 2.66808e+23	9.88e-01	1.19e-02	8.91e-08
 2.67302e+23	9.88e-01	1.16e-02	8.93e-08
 2.67944e+23	9.89e-01	1.13e-02	8.94e-08
 2.68637e+23	9.89e-01	1.10e-02	8.95e-08
 2.69334e+23	9.89e-01	1.07e-02	8.96e-08
 2.70060e+23	9.90e-01	1.04e-02	8.97e-08
 2.70785e+23	9.90e-01	1.01e-02	8.98e-08
 2.71519e+23	9.90e-01	9.86e-03	8.99e-08
 2.72261e+23	9.90e-01	9.59e-03	9.00e-08
 2.73009e+23	9.91e-01	9.32e-03	9.01e-08
 2.73765e+23	9.91e-01	9.05e-03	9.02e-08
 2.74527e+23	9.91e-01	8.80e-03	9.03e-08
 2.75295e+23	9.91e-01	8.55e-03	9.04e-08
 2.76073e+23	9.92e-01	8.31e-03	9.05e-08
 2.76857e+23	9.92e-01	8.07e-03	9.07e-08
 2.77649e+23	9.92e-01	7.84e-03	9.08e-08
 2.78447e+23	9.92e-01	7.61e-03	9.09e-08
 2.79250e+23	9.93e-01	7.39e-03	9.11e-08
 2.80059e+23	9.93e-01	7.17e-03	9.12e-08
 2.80872e+23	9.93e-01	6.96e-03	9.14e-08
 2.81693e+23	9.93e-01	6.76e-03	9.15e-08
 2.82521e+23	9.93e-01	6.56e-03	9.17e-08
 2.83354e+23	9.94e-01	6.36e-03	9.18e-08
 2.84194e+23	9.94e-01	6.17e-03	9.20e-08
 2.85040e+23	9.94e-01	5.99e-03	9.22e-08
 2.85892e+23	9.94e-01	5.81e-03	9.24e-08
 2.86757e+23	9.94e-01	5.63e-03	9.27e-08
 2.87641e+23	9.95e-01	5.46e-03	9.29e-08
 2.88539e+23	9.95e-01	5.29e-03	9.32e-08
 2.89446e+23	9.95e-01	5.12e-03	9.35e-08
 2.90364e+23	9.95e-01	4.96e-03	9.38e-08
 2.91291e+23	9.95e-01	4.80e-03	9.42e-08
 2.92228e+23	9.95e-01	4.65e-03	9.46e-08
 2.93177e+23	9.95e-01	4.50e-03	9.50e-08
 2.94140e+23	9.96e-01	4.35e-03	9.54e-08
 2.95119e+23	9.96e-01	4.21e-03	9.59e-08
 2.96120e+23	9.96e-01	4.07e-03	9.65e-08
 2.97147e+23	9.96e-01	3.93e-03	9.70e-08
 2.98193e+23	9.96e-01	3.80e-03	9.77e-08
 2.99259e+23	9.96e-01	3.66e-03	9.84e-08
 3.00343e+23	9.96e-01	3.53e-03	9.91e-08
 3.01446e+23	9.97e-01	3.41e-03	1.00e-07
 3.02571e+23	9.97e-01	3.28e-03	1.01e-07
 3.03718e+23	9.97e-01	3.16e-03	1.02e-07
 3.04894e+23	9.97e-01	3.04e-03	1.03e-07
 3.06099e+23	9.97e-01	2.93e-03	1.04e-07
 3.07332e+23	9.97e-01	2.81e-03	1.05e-07
 3.08261e+23	9.97e-01	2.76e-03	1.07e-07
