#depth	O	O+	O+2	O+3	O+4	O+5	O+6	O+7	O+8	O[1]	O[2]	O[3]
 4.62852e+21	5.33e-19	3.61e-14	1.60e-10	7.55e-08	6.90e-06	2.24e-04	4.21e-02	3.47e-01	6.10e-01	0.00e+00	0.00e+00	0.00e+00
 1.02721e+22	8.04e-18	3.86e-13	1.24e-09	4.25e-07	2.77e-05	6.05e-04	7.60e-02	4.22e-01	5.02e-01	0.00e+00	0.00e+00	0.00e+00
 1.17948e+22	2.77e-17	1.14e-12	3.13e-09	9.27e-07	5.16e-05	9.41e-04	9.81e-02	4.53e-01	4.48e-01	2.77e-17	1.77e-27	1.87e-27
 1.25684e+22	5.20e-17	1.98e-12	5.04e-09	1.38e-06	7.09e-05	1.18e-03	1.11e-01	4.67e-01	4.20e-01	5.20e-17	8.59e-27	9.91e-27
 1.29083e+22	6.41e-17	2.37e-12	5.89e-09	1.58e-06	7.88e-05	1.27e-03	1.16e-01	4.72e-01	4.11e-01	6.41e-17	1.07e-26	1.23e-26
 1.30782e+22	7.75e-17	2.80e-12	6.79e-09	1.77e-06	8.65e-05	1.36e-03	1.21e-01	4.75e-01	4.03e-01	7.75e-17	1.30e-26	1.50e-26
 1.32991e+22	1.04e-16	3.62e-12	8.48e-09	2.14e-06	1.00e-04	1.51e-03	1.28e-01	4.81e-01	3.89e-01	1.04e-16	1.78e-26	2.05e-26
 1.35135e+22	1.29e-16	4.36e-12	9.96e-09	2.45e-06	1.12e-04	1.63e-03	1.33e-01	4.85e-01	3.80e-01	1.29e-16	2.23e-26	2.56e-26
 1.37197e+22	1.67e-16	5.48e-12	1.21e-08	2.89e-06	1.28e-04	1.78e-03	1.40e-01	4.90e-01	3.68e-01	1.67e-16	2.94e-26	3.37e-26
 1.39332e+22	2.11e-16	6.70e-12	1.44e-08	3.34e-06	1.44e-04	1.94e-03	1.47e-01	4.94e-01	3.58e-01	2.11e-16	3.74e-26	4.29e-26
 1.41244e+22	2.64e-16	8.15e-12	1.71e-08	3.85e-06	1.61e-04	2.10e-03	1.53e-01	4.97e-01	3.47e-01	2.64e-16	4.73e-26	5.42e-26
 1.43409e+22	3.49e-16	1.04e-11	2.11e-08	4.61e-06	1.86e-04	2.32e-03	1.62e-01	5.01e-01	3.35e-01	3.49e-16	6.37e-26	7.27e-26
 1.45620e+22	4.41e-16	1.28e-11	2.52e-08	5.35e-06	2.10e-04	2.53e-03	1.69e-01	5.04e-01	3.24e-01	4.41e-16	8.15e-26	9.30e-26
 1.47589e+22	5.53e-16	1.56e-11	2.99e-08	6.20e-06	2.36e-04	2.74e-03	1.77e-01	5.07e-01	3.14e-01	5.53e-16	1.04e-25	1.18e-25
 1.49850e+22	7.44e-16	2.02e-11	3.75e-08	7.51e-06	2.76e-04	3.06e-03	1.87e-01	5.10e-01	3.00e-01	7.44e-16	1.42e-25	1.61e-25
 1.51984e+22	9.02e-16	2.39e-11	4.33e-08	8.49e-06	3.05e-04	3.28e-03	1.94e-01	5.11e-01	2.91e-01	9.02e-16	1.74e-25	1.98e-25
 1.53954e+22	1.17e-15	2.99e-11	5.29e-08	1.01e-05	3.51e-04	3.62e-03	2.04e-01	5.13e-01	2.79e-01	1.17e-15	2.29e-25	2.60e-25
 1.55922e+22	1.41e-15	3.54e-11	6.11e-08	1.14e-05	3.88e-04	3.88e-03	2.11e-01	5.14e-01	2.70e-01	1.41e-15	2.80e-25	3.18e-25
 1.57885e+22	1.81e-15	4.39e-11	7.39e-08	1.34e-05	4.43e-04	4.26e-03	2.21e-01	5.15e-01	2.59e-01	1.81e-15	3.65e-25	4.13e-25
 1.59895e+22	2.22e-15	5.24e-11	8.63e-08	1.53e-05	4.94e-04	4.60e-03	2.30e-01	5.15e-01	2.49e-01	2.22e-15	4.52e-25	5.11e-25
 1.61965e+22	2.87e-15	6.57e-11	1.05e-07	1.83e-05	5.71e-04	5.10e-03	2.42e-01	5.15e-01	2.37e-01	2.87e-15	5.95e-25	6.71e-25
 1.64041e+22	3.49e-15	7.80e-11	1.23e-07	2.08e-05	6.36e-04	5.49e-03	2.51e-01	5.15e-01	2.28e-01	3.49e-15	7.33e-25	8.26e-25
 1.66128e+22	4.48e-15	9.73e-11	1.49e-07	2.47e-05	7.33e-04	6.07e-03	2.63e-01	5.13e-01	2.16e-01	4.48e-15	9.59e-25	1.08e-24
 1.68254e+22	5.47e-15	1.16e-10	1.74e-07	2.83e-05	8.21e-04	6.58e-03	2.74e-01	5.12e-01	2.07e-01	5.47e-15	1.19e-24	1.33e-24
 1.70433e+22	7.04e-15	1.45e-10	2.13e-07	3.38e-05	9.52e-04	7.30e-03	2.87e-01	5.09e-01	1.95e-01	7.04e-15	1.56e-24	1.75e-24
 1.72653e+22	8.59e-15	1.73e-10	2.49e-07	3.88e-05	1.07e-03	7.93e-03	2.99e-01	5.06e-01	1.86e-01	8.59e-15	1.93e-24	2.16e-24
 1.74927e+22	1.10e-14	2.15e-10	3.05e-07	4.65e-05	1.25e-03	8.84e-03	3.14e-01	5.02e-01	1.74e-01	1.10e-14	2.53e-24	2.83e-24
 1.77243e+22	1.34e-14	2.56e-10	3.57e-07	5.35e-05	1.40e-03	9.63e-03	3.26e-01	4.98e-01	1.65e-01	1.34e-14	3.12e-24	3.49e-24
 1.79538e+22	1.69e-14	3.15e-10	4.31e-07	6.35e-05	1.63e-03	1.07e-02	3.41e-01	4.92e-01	1.54e-01	1.69e-14	4.01e-24	4.48e-24
 1.81734e+22	2.00e-14	3.65e-10	4.94e-07	7.19e-05	1.81e-03	1.15e-02	3.52e-01	4.88e-01	1.47e-01	2.00e-14	4.81e-24	5.35e-24
 1.83876e+22	2.45e-14	4.39e-10	5.88e-07	8.42e-05	2.07e-03	1.27e-02	3.67e-01	4.81e-01	1.37e-01	2.45e-14	6.03e-24	6.70e-24
 1.86008e+22	2.86e-14	5.04e-10	6.69e-07	9.48e-05	2.29e-03	1.37e-02	3.79e-01	4.75e-01	1.30e-01	2.86e-14	7.13e-24	7.92e-24
 1.88127e+22	3.45e-14	5.98e-10	7.87e-07	1.10e-04	2.61e-03	1.50e-02	3.93e-01	4.68e-01	1.21e-01	3.45e-14	8.78e-24	9.74e-24
 1.90249e+22	3.98e-14	6.80e-10	8.89e-07	1.24e-04	2.88e-03	1.62e-02	4.05e-01	4.61e-01	1.15e-01	3.98e-14	1.03e-23	1.14e-23
 1.92375e+22	4.74e-14	7.98e-10	1.04e-06	1.43e-04	3.27e-03	1.77e-02	4.20e-01	4.53e-01	1.07e-01	4.74e-14	1.25e-23	1.38e-23
 1.94499e+22	5.41e-14	9.00e-10	1.17e-06	1.59e-04	3.59e-03	1.90e-02	4.31e-01	4.46e-01	1.01e-01	5.41e-14	1.45e-23	1.60e-23
 1.96619e+22	6.35e-14	1.04e-09	1.35e-06	1.83e-04	4.05e-03	2.08e-02	4.45e-01	4.36e-01	9.33e-02	6.35e-14	1.73e-23	1.91e-23
 1.98740e+22	7.17e-14	1.17e-09	1.51e-06	2.03e-04	4.44e-03	2.22e-02	4.56e-01	4.29e-01	8.81e-02	7.17e-14	1.99e-23	2.19e-23
 2.00860e+22	8.31e-14	1.34e-09	1.73e-06	2.32e-04	4.98e-03	2.42e-02	4.70e-01	4.19e-01	8.15e-02	8.31e-14	2.36e-23	2.59e-23
 2.02988e+22	9.31e-14	1.49e-09	1.92e-06	2.57e-04	5.43e-03	2.58e-02	4.81e-01	4.11e-01	7.68e-02	9.31e-14	2.68e-23	2.95e-23
 2.05123e+22	1.07e-13	1.70e-09	2.19e-06	2.92e-04	6.07e-03	2.80e-02	4.94e-01	4.00e-01	7.09e-02	1.07e-13	3.15e-23	3.45e-23
 2.07271e+22	1.19e-13	1.88e-09	2.43e-06	3.23e-04	6.60e-03	2.98e-02	5.05e-01	3.92e-01	6.67e-02	1.19e-13	3.56e-23	3.90e-23
 2.09433e+22	1.35e-13	2.14e-09	2.76e-06	3.66e-04	7.35e-03	3.23e-02	5.18e-01	3.81e-01	6.15e-02	1.35e-13	4.14e-23	4.54e-23
 2.11618e+22	1.50e-13	2.36e-09	3.05e-06	4.03e-04	7.98e-03	3.44e-02	5.27e-01	3.72e-01	5.76e-02	1.50e-13	4.67e-23	5.11e-23
 2.13830e+22	1.69e-13	2.66e-09	3.46e-06	4.57e-04	8.86e-03	3.72e-02	5.40e-01	3.61e-01	5.29e-02	1.69e-13	5.40e-23	5.90e-23
 2.16072e+22	1.87e-13	2.93e-09	3.83e-06	5.03e-04	9.60e-03	3.95e-02	5.49e-01	3.52e-01	4.95e-02	1.87e-13	6.08e-23	6.64e-23
 2.18353e+22	2.10e-13	3.29e-09	4.33e-06	5.70e-04	1.07e-02	4.27e-02	5.61e-01	3.40e-01	4.52e-02	2.10e-13	6.99e-23	7.63e-23
 2.20672e+22	2.32e-13	3.64e-09	4.80e-06	6.29e-04	1.15e-02	4.53e-02	5.70e-01	3.31e-01	4.22e-02	2.32e-13	7.90e-23	8.60e-23
 2.23040e+22	2.61e-13	4.09e-09	5.44e-06	7.12e-04	1.28e-02	4.90e-02	5.81e-01	3.18e-01	3.84e-02	2.61e-13	9.09e-23	9.89e-23
 2.25473e+22	2.89e-13	4.53e-09	6.04e-06	7.88e-04	1.38e-02	5.20e-02	5.89e-01	3.09e-01	3.56e-02	2.89e-13	1.03e-22	1.12e-22
 2.27544e+22	3.15e-13	4.94e-09	6.62e-06	8.62e-04	1.49e-02	5.49e-02	5.96e-01	3.00e-01	3.32e-02	3.15e-13	1.14e-22	1.24e-22
 2.29790e+22	3.50e-13	5.52e-09	7.44e-06	9.66e-04	1.63e-02	5.87e-02	6.05e-01	2.89e-01	3.03e-02	3.50e-13	1.30e-22	1.41e-22
 2.31988e+22	3.80e-13	5.99e-09	8.11e-06	1.05e-03	1.74e-02	6.17e-02	6.11e-01	2.81e-01	2.84e-02	3.80e-13	1.44e-22	1.56e-22
 2.34125e+22	4.20e-13	6.64e-09	9.05e-06	1.17e-03	1.89e-02	6.56e-02	6.18e-01	2.70e-01	2.60e-02	4.20e-13	1.63e-22	1.76e-22
 2.36284e+22	4.55e-13	7.22e-09	9.88e-06	1.27e-03	2.01e-02	6.88e-02	6.23e-01	2.62e-01	2.43e-02	4.55e-13	1.80e-22	1.95e-22
 2.38472e+22	5.00e-13	7.99e-09	1.10e-05	1.41e-03	2.18e-02	7.32e-02	6.30e-01	2.52e-01	2.22e-02	5.00e-13	2.02e-22	2.19e-22
 2.40670e+22	5.46e-13	8.73e-09	1.21e-05	1.54e-03	2.32e-02	7.66e-02	6.34e-01	2.44e-01	2.07e-02	5.46e-13	2.25e-22	2.44e-22
 2.42882e+22	6.01e-13	9.67e-09	1.35e-05	1.71e-03	2.51e-02	8.13e-02	6.39e-01	2.34e-01	1.89e-02	6.01e-13	2.53e-22	2.75e-22
 2.45120e+22	6.57e-13	1.06e-08	1.47e-05	1.86e-03	2.67e-02	8.50e-02	6.43e-01	2.26e-01	1.76e-02	6.57e-13	2.83e-22	3.07e-22
 2.47393e+22	7.25e-13	1.18e-08	1.65e-05	2.07e-03	2.89e-02	9.02e-02	6.47e-01	2.16e-01	1.60e-02	7.25e-13	3.20e-22	3.47e-22
 2.49700e+22	7.96e-13	1.30e-08	1.82e-05	2.26e-03	3.07e-02	9.43e-02	6.49e-01	2.08e-01	1.48e-02	7.96e-13	3.59e-22	3.89e-22
 2.52050e+22	8.83e-13	1.45e-08	2.04e-05	2.52e-03	3.32e-02	9.99e-02	6.52e-01	1.99e-01	1.34e-02	8.83e-13	4.09e-22	4.44e-22
 2.54438e+22	9.74e-13	1.60e-08	2.25e-05	2.75e-03	3.53e-02	1.04e-01	6.54e-01	1.91e-01	1.24e-02	9.74e-13	4.61e-22	5.01e-22
 2.56878e+22	1.09e-12	1.80e-08	2.55e-05	3.08e-03	3.82e-02	1.11e-01	6.56e-01	1.81e-01	1.11e-02	1.09e-12	5.29e-22	5.75e-22
 2.59368e+22	1.21e-12	2.01e-08	2.83e-05	3.38e-03	4.07e-02	1.15e-01	6.56e-01	1.74e-01	1.02e-02	1.21e-12	6.04e-22	6.56e-22
 2.61924e+22	1.36e-12	2.27e-08	3.22e-05	3.79e-03	4.40e-02	1.22e-01	6.56e-01	1.64e-01	9.14e-03	1.36e-12	6.97e-22	7.58e-22
 2.64511e+22	1.52e-12	2.55e-08	3.58e-05	4.16e-03	4.68e-02	1.28e-01	6.56e-01	1.57e-01	8.39e-03	1.52e-12	7.99e-22	8.69e-22
 2.67138e+22	1.72e-12	2.91e-08	4.10e-05	4.68e-03	5.06e-02	1.35e-01	6.54e-01	1.48e-01	7.45e-03	1.72e-12	9.35e-22	1.02e-21
 2.69796e+22	1.94e-12	3.28e-08	4.58e-05	5.14e-03	5.38e-02	1.41e-01	6.52e-01	1.41e-01	6.81e-03	1.94e-12	1.08e-21	1.18e-21
 2.72081e+22	2.15e-12	3.65e-08	5.07e-05	5.61e-03	5.70e-02	1.46e-01	6.50e-01	1.35e-01	6.24e-03	2.15e-12	1.23e-21	1.34e-21
 2.74637e+22	2.45e-12	4.19e-08	5.80e-05	6.28e-03	6.12e-02	1.54e-01	6.46e-01	1.27e-01	5.55e-03	2.45e-12	1.44e-21	1.57e-21
 2.77214e+22	2.77e-12	4.72e-08	6.47e-05	6.86e-03	6.48e-02	1.60e-01	6.43e-01	1.21e-01	5.08e-03	2.77e-12	1.67e-21	1.82e-21
 2.79389e+22	3.07e-12	5.24e-08	7.13e-05	7.44e-03	6.82e-02	1.65e-01	6.39e-01	1.16e-01	4.68e-03	3.07e-12	1.90e-21	2.07e-21
 2.81785e+22	3.49e-12	5.99e-08	8.09e-05	8.25e-03	7.27e-02	1.72e-01	6.33e-01	1.09e-01	4.18e-03	3.49e-12	2.23e-21	2.43e-21
 2.84154e+22	3.90e-12	6.67e-08	8.93e-05	8.92e-03	7.64e-02	1.78e-01	6.29e-01	1.04e-01	3.85e-03	3.90e-12	2.55e-21	2.78e-21
 2.86488e+22	4.47e-12	7.65e-08	1.01e-04	9.83e-03	8.11e-02	1.85e-01	6.23e-01	9.84e-02	3.47e-03	4.47e-12	3.01e-21	3.29e-21
 2.88921e+22	5.05e-12	8.63e-08	1.13e-04	1.07e-02	8.54e-02	1.91e-01	6.16e-01	9.33e-02	3.15e-03	5.05e-12	3.49e-21	3.81e-21
 2.91109e+22	5.71e-12	9.71e-08	1.25e-04	1.16e-02	8.97e-02	1.96e-01	6.10e-01	8.89e-02	2.89e-03	5.71e-12	4.05e-21	4.42e-21
 2.93581e+22	6.63e-12	1.13e-07	1.43e-04	1.29e-02	9.54e-02	2.04e-01	6.02e-01	8.32e-02	2.57e-03	6.63e-12	4.85e-21	5.31e-21
 2.96108e+22	7.51e-12	1.27e-07	1.59e-04	1.40e-02	1.00e-01	2.10e-01	5.94e-01	7.87e-02	2.33e-03	7.51e-12	5.65e-21	6.18e-21
 2.98705e+22	8.93e-12	1.50e-07	1.83e-04	1.55e-02	1.07e-01	2.18e-01	5.84e-01	7.35e-02	2.07e-03	8.93e-12	6.95e-21	7.61e-21
 3.01424e+22	1.04e-11	1.73e-07	2.07e-04	1.71e-02	1.13e-01	2.24e-01	5.75e-01	6.89e-02	1.85e-03	1.04e-11	8.32e-21	9.11e-21
 3.03855e+22	1.20e-11	1.98e-07	2.32e-04	1.86e-02	1.18e-01	2.30e-01	5.66e-01	6.50e-02	1.67e-03	1.20e-11	9.92e-21	1.09e-20
 3.06572e+22	1.44e-11	2.36e-07	2.69e-04	2.07e-02	1.26e-01	2.38e-01	5.53e-01	6.01e-02	1.46e-03	1.44e-11	1.24e-20	1.35e-20
 3.09338e+22	1.69e-11	2.72e-07	3.04e-04	2.26e-02	1.32e-01	2.45e-01	5.43e-01	5.63e-02	1.31e-03	1.69e-11	1.49e-20	1.63e-20
 3.12168e+22	2.06e-11	3.28e-07	3.54e-04	2.52e-02	1.41e-01	2.52e-01	5.29e-01	5.19e-02	1.14e-03	2.06e-11	1.89e-20	2.08e-20
 3.15053e+22	2.44e-11	3.82e-07	4.01e-04	2.76e-02	1.48e-01	2.58e-01	5.17e-01	4.83e-02	1.01e-03	2.44e-11	2.31e-20	2.54e-20
 3.17621e+22	2.89e-11	4.44e-07	4.54e-04	3.01e-02	1.55e-01	2.64e-01	5.04e-01	4.50e-02	9.04e-04	2.89e-11	2.82e-20	3.10e-20
 3.20572e+22	3.60e-11	5.40e-07	5.32e-04	3.36e-02	1.65e-01	2.71e-01	4.88e-01	4.11e-02	7.78e-04	3.60e-11	3.66e-20	4.03e-20
 3.23582e+22	4.33e-11	6.36e-07	6.07e-04	3.68e-02	1.73e-01	2.76e-01	4.75e-01	3.80e-02	6.85e-04	4.33e-11	4.55e-20	5.01e-20
 3.26671e+22	5.48e-11	7.81e-07	7.15e-04	4.12e-02	1.84e-01	2.83e-01	4.57e-01	3.44e-02	5.84e-04	5.48e-11	6.02e-20	6.63e-20
 3.29745e+22	6.63e-11	9.19e-07	8.13e-04	4.50e-02	1.92e-01	2.87e-01	4.43e-01	3.18e-02	5.14e-04	6.63e-11	7.52e-20	8.29e-20
 3.32799e+22	8.40e-11	1.13e-06	9.54e-04	5.01e-02	2.03e-01	2.92e-01	4.24e-01	2.86e-02	4.36e-04	8.40e-11	9.96e-20	1.10e-19
 3.35943e+22	1.03e-10	1.34e-06	1.09e-03	5.48e-02	2.12e-01	2.96e-01	4.09e-01	2.62e-02	3.79e-04	1.03e-10	1.27e-19	1.40e-19
 3.39205e+22	1.33e-10	1.66e-06	1.29e-03	6.12e-02	2.24e-01	3.00e-01	3.89e-01	2.34e-02	3.18e-04	1.33e-10	1.72e-19	1.89e-19
 3.42242e+22	1.60e-10	1.94e-06	1.45e-03	6.60e-02	2.33e-01	3.03e-01	3.75e-01	2.16e-02	2.80e-04	1.60e-10	2.12e-19	2.34e-19
 3.44583e+22	1.90e-10	2.23e-06	1.62e-03	7.08e-02	2.40e-01	3.05e-01	3.62e-01	1.99e-02	2.48e-04	1.90e-10	2.59e-19	2.87e-19
 3.47221e+22	2.34e-10	2.65e-06	1.84e-03	7.69e-02	2.50e-01	3.06e-01	3.47e-01	1.81e-02	2.15e-04	2.34e-10	3.32e-19	3.67e-19
 3.50053e+22	2.83e-10	3.10e-06	2.07e-03	8.30e-02	2.59e-01	3.07e-01	3.32e-01	1.66e-02	1.88e-04	2.83e-10	4.16e-19	4.61e-19
 3.52718e+22	3.45e-10	3.63e-06	2.33e-03	8.94e-02	2.67e-01	3.08e-01	3.18e-01	1.51e-02	1.63e-04	3.45e-10	5.24e-19	5.80e-19
 3.55765e+22	4.45e-10	4.45e-06	2.71e-03	9.83e-02	2.79e-01	3.07e-01	2.99e-01	1.34e-02	1.36e-04	4.45e-10	7.07e-19	7.83e-19
 3.58781e+22	5.42e-10	5.21e-06	3.05e-03	1.06e-01	2.87e-01	3.07e-01	2.85e-01	1.22e-02	1.18e-04	5.42e-10	8.91e-19	9.87e-19
 3.61759e+22	6.91e-10	6.31e-06	3.51e-03	1.15e-01	2.97e-01	3.05e-01	2.68e-01	1.08e-02	9.87e-05	6.91e-10	1.19e-18	1.32e-18
 3.64822e+22	8.55e-10	7.45e-06	3.96e-03	1.24e-01	3.06e-01	3.03e-01	2.54e-01	9.69e-03	8.43e-05	8.55e-10	1.52e-18	1.69e-18
 3.67543e+22	1.04e-09	8.71e-06	4.43e-03	1.32e-01	3.14e-01	3.00e-01	2.40e-01	8.74e-03	7.25e-05	1.04e-09	1.93e-18	2.14e-18
 3.70626e+22	1.35e-09	1.06e-05	5.10e-03	1.44e-01	3.23e-01	2.96e-01	2.24e-01	7.66e-03	5.99e-05	1.35e-09	2.60e-18	2.89e-18
 3.73813e+22	1.68e-09	1.26e-05	5.76e-03	1.54e-01	3.31e-01	2.92e-01	2.10e-01	6.80e-03	5.04e-05	1.68e-09	3.37e-18	3.74e-18
 3.76663e+22	2.07e-09	1.48e-05	6.46e-03	1.65e-01	3.38e-01	2.88e-01	1.97e-01	6.06e-03	4.27e-05	2.07e-09	4.31e-18	4.80e-18
 3.79901e+22	2.70e-09	1.80e-05	7.45e-03	1.78e-01	3.47e-01	2.81e-01	1.81e-01	5.23e-03	3.46e-05	2.70e-09	5.91e-18	6.58e-18
 3.83243e+22	3.41e-09	2.15e-05	8.42e-03	1.91e-01	3.53e-01	2.75e-01	1.68e-01	4.58e-03	2.86e-05	3.41e-09	7.76e-18	8.64e-18
 3.86218e+22	4.24e-09	2.53e-05	9.43e-03	2.03e-01	3.59e-01	2.69e-01	1.56e-01	4.03e-03	2.39e-05	4.24e-09	1.00e-17	1.12e-17
 3.89583e+22	5.59e-09	3.11e-05	1.09e-02	2.19e-01	3.65e-01	2.60e-01	1.42e-01	3.42e-03	1.90e-05	5.59e-09	1.39e-17	1.55e-17
 3.93032e+22	7.08e-09	3.70e-05	1.22e-02	2.33e-01	3.69e-01	2.52e-01	1.30e-01	2.96e-03	1.55e-05	7.08e-09	1.83e-17	2.05e-17
 3.96077e+22	8.83e-09	4.36e-05	1.37e-02	2.47e-01	3.73e-01	2.44e-01	1.20e-01	2.58e-03	1.28e-05	8.83e-09	2.38e-17	2.66e-17
 3.99523e+22	1.17e-08	5.34e-05	1.57e-02	2.64e-01	3.76e-01	2.34e-01	1.08e-01	2.16e-03	1.00e-05	1.17e-08	3.31e-17	3.71e-17
 4.03065e+22	1.48e-08	6.37e-05	1.76e-02	2.80e-01	3.78e-01	2.25e-01	9.76e-02	1.84e-03	8.05e-06	1.48e-08	4.40e-17	4.92e-17
 4.06206e+22	1.86e-08	7.50e-05	1.96e-02	2.95e-01	3.79e-01	2.16e-01	8.89e-02	1.58e-03	6.54e-06	1.86e-08	5.75e-17	6.44e-17
 4.09767e+22	2.47e-08	9.20e-05	2.24e-02	3.14e-01	3.80e-01	2.04e-01	7.88e-02	1.30e-03	5.01e-06	2.47e-08	8.05e-17	9.03e-17
 4.13432e+22	3.16e-08	1.10e-04	2.52e-02	3.30e-01	3.79e-01	1.94e-01	7.06e-02	1.09e-03	3.95e-06	3.16e-08	1.08e-16	1.21e-16
 4.16698e+22	3.97e-08	1.29e-04	2.80e-02	3.46e-01	3.77e-01	1.84e-01	6.36e-02	9.27e-04	3.15e-06	3.97e-08	1.42e-16	1.59e-16
 4.20410e+22	5.34e-08	1.60e-04	3.20e-02	3.66e-01	3.74e-01	1.72e-01	5.53e-02	7.45e-04	2.35e-06	5.34e-08	2.01e-16	2.26e-16
 4.24196e+22	6.80e-08	1.90e-04	3.56e-02	3.83e-01	3.70e-01	1.62e-01	4.91e-02	6.19e-04	1.83e-06	6.80e-08	2.68e-16	3.02e-16
 4.28078e+22	9.20e-08	2.35e-04	4.07e-02	4.03e-01	3.64e-01	1.49e-01	4.22e-02	4.89e-04	1.33e-06	9.20e-08	3.85e-16	4.35e-16
 4.32002e+22	1.17e-07	2.79e-04	4.53e-02	4.19e-01	3.58e-01	1.39e-01	3.71e-02	4.02e-04	1.02e-06	1.17e-07	5.15e-16	5.82e-16
 4.35378e+22	1.47e-07	3.26e-04	4.98e-02	4.34e-01	3.52e-01	1.30e-01	3.29e-02	3.34e-04	8.01e-07	1.47e-07	6.75e-16	7.63e-16
 4.38535e+22	1.81e-07	3.77e-04	5.44e-02	4.47e-01	3.46e-01	1.22e-01	2.93e-02	2.81e-04	6.35e-07	1.81e-07	8.66e-16	9.80e-16
 4.42011e+22	2.35e-07	4.52e-04	6.06e-02	4.63e-01	3.38e-01	1.12e-01	2.53e-02	2.25e-04	4.73e-07	2.35e-07	1.18e-15	1.34e-15
 4.45533e+22	2.91e-07	5.26e-04	6.63e-02	4.76e-01	3.30e-01	1.04e-01	2.23e-02	1.86e-04	3.68e-07	2.91e-07	1.53e-15	1.74e-15
 4.48571e+22	3.56e-07	6.04e-04	7.20e-02	4.88e-01	3.22e-01	9.72e-02	1.98e-02	1.56e-04	2.90e-07	3.56e-07	1.95e-15	2.21e-15
 4.51978e+22	4.55e-07	7.16e-04	7.94e-02	5.01e-01	3.12e-01	8.88e-02	1.71e-02	1.24e-04	2.16e-07	4.55e-07	2.63e-15	2.98e-15
 4.55523e+22	5.65e-07	8.32e-04	8.66e-02	5.13e-01	3.03e-01	8.18e-02	1.49e-02	1.02e-04	1.65e-07	5.65e-07	3.41e-15	3.88e-15
 4.58736e+22	6.95e-07	9.59e-04	9.39e-02	5.23e-01	2.94e-01	7.53e-02	1.31e-02	8.34e-05	1.28e-07	6.95e-07	4.38e-15	4.98e-15
 4.62398e+22	9.02e-07	1.15e-03	1.04e-01	5.34e-01	2.82e-01	6.77e-02	1.10e-02	6.48e-05	0.00e+00	9.02e-07	6.01e-15	6.84e-15
 4.66080e+22	1.12e-06	1.33e-03	1.13e-01	5.43e-01	2.72e-01	6.19e-02	9.56e-03	5.25e-05	0.00e+00	1.12e-06	7.76e-15	8.85e-15
 4.69268e+22	1.36e-06	1.52e-03	1.22e-01	5.50e-01	2.62e-01	5.66e-02	8.33e-03	4.28e-05	0.00e+00	1.36e-06	9.92e-15	1.13e-14
 4.72143e+22	1.60e-06	1.70e-03	1.29e-01	5.55e-01	2.54e-01	5.26e-02	7.44e-03	3.63e-05	0.00e+00	1.60e-06	1.21e-14	1.38e-14
 4.75127e+22	1.96e-06	1.95e-03	1.39e-01	5.61e-01	2.44e-01	4.79e-02	6.44e-03	2.94e-05	0.00e+00	1.96e-06	1.55e-14	1.77e-14
 4.78171e+22	2.33e-06	2.20e-03	1.48e-01	5.65e-01	2.35e-01	4.40e-02	5.68e-03	2.44e-05	0.00e+00	2.33e-06	1.91e-14	2.18e-14
 4.80839e+22	2.74e-06	2.45e-03	1.57e-01	5.68e-01	2.27e-01	4.07e-02	5.05e-03	2.05e-05	0.00e+00	2.74e-06	2.32e-14	2.65e-14
 4.83855e+22	3.36e-06	2.82e-03	1.69e-01	5.71e-01	2.17e-01	3.67e-02	4.33e-03	1.64e-05	0.00e+00	3.36e-06	2.99e-14	3.41e-14
 4.86923e+22	3.97e-06	3.15e-03	1.79e-01	5.72e-01	2.08e-01	3.36e-02	3.81e-03	1.36e-05	0.00e+00	3.97e-06	3.66e-14	4.19e-14
 4.89643e+22	4.65e-06	3.51e-03	1.89e-01	5.73e-01	2.00e-01	3.09e-02	3.36e-03	1.14e-05	0.00e+00	4.65e-06	4.46e-14	5.10e-14
 4.92763e+22	5.73e-06	4.05e-03	2.03e-01	5.73e-01	1.89e-01	2.75e-02	2.85e-03	8.94e-06	0.00e+00	5.73e-06	5.76e-14	6.60e-14
 4.95900e+22	6.72e-06	4.51e-03	2.15e-01	5.72e-01	1.81e-01	2.51e-02	2.50e-03	7.40e-06	0.00e+00	6.72e-06	7.02e-14	8.03e-14
 4.99058e+22	8.24e-06	5.17e-03	2.30e-01	5.70e-01	1.71e-01	2.23e-02	2.12e-03	5.80e-06	0.00e+00	8.24e-06	9.04e-14	1.04e-13
 5.02262e+22	9.70e-06	5.77e-03	2.43e-01	5.67e-01	1.62e-01	2.02e-02	1.84e-03	4.75e-06	0.00e+00	9.70e-06	1.11e-13	1.27e-13
 5.05527e+22	1.19e-05	6.63e-03	2.59e-01	5.62e-01	1.52e-01	1.78e-02	1.54e-03	3.68e-06	0.00e+00	1.19e-05	1.43e-13	1.64e-13
 5.07899e+22	1.26e-05	6.88e-03	2.65e-01	5.60e-01	1.49e-01	1.72e-02	1.46e-03	3.40e-06	0.00e+00	1.26e-05	1.53e-13	1.76e-13
 5.09111e+22	1.37e-05	7.27e-03	2.72e-01	5.58e-01	1.45e-01	1.63e-02	1.36e-03	3.06e-06	0.00e+00	1.37e-05	1.70e-13	1.95e-13
 5.10686e+22	1.51e-05	7.75e-03	2.80e-01	5.55e-01	1.41e-01	1.53e-02	1.25e-03	2.71e-06	0.00e+00	1.51e-05	1.91e-13	2.20e-13
 5.12734e+22	1.70e-05	8.41e-03	2.91e-01	5.50e-01	1.35e-01	1.41e-02	1.12e-03	2.32e-06	0.00e+00	1.70e-05	2.23e-13	2.56e-13
 5.15396e+22	2.01e-05	9.40e-03	3.06e-01	5.43e-01	1.27e-01	1.26e-02	9.64e-04	1.87e-06	0.00e+00	2.01e-05	2.75e-13	3.15e-13
 5.18857e+22	2.48e-05	1.08e-02	3.27e-01	5.33e-01	1.18e-01	1.09e-02	7.89e-04	1.40e-06	0.00e+00	2.48e-05	3.59e-13	4.12e-13
 5.22320e+22	2.90e-05	1.20e-02	3.42e-01	5.25e-01	1.11e-01	9.74e-03	6.79e-04	1.13e-06	0.00e+00	2.90e-05	4.37e-13	5.01e-13
 5.25786e+22	3.56e-05	1.38e-02	3.63e-01	5.12e-01	1.02e-01	8.37e-03	5.55e-04	8.44e-07	0.00e+00	3.56e-05	5.68e-13	6.51e-13
 5.29340e+22	4.22e-05	1.54e-02	3.81e-01	5.01e-01	9.47e-02	7.36e-03	4.69e-04	6.63e-07	0.00e+00	4.22e-05	7.03e-13	8.05e-13
 5.33010e+22	5.21e-05	1.77e-02	4.04e-01	4.85e-01	8.63e-02	6.25e-03	3.78e-04	4.88e-07	0.00e+00	5.21e-05	9.22e-13	1.06e-12
 5.36775e+22	6.20e-05	1.99e-02	4.23e-01	4.72e-01	7.96e-02	5.42e-03	3.15e-04	3.76e-07	0.00e+00	6.20e-05	1.15e-12	1.32e-12
 5.40665e+22	7.75e-05	2.30e-02	4.48e-01	4.53e-01	7.16e-02	4.51e-03	2.49e-04	2.69e-07	0.00e+00	7.75e-05	1.53e-12	1.75e-12
 5.44037e+22	8.70e-05	2.48e-02	4.61e-01	4.42e-01	6.72e-02	4.07e-03	2.18e-04	2.22e-07	0.00e+00	8.70e-05	1.78e-12	2.03e-12
 5.46736e+22	1.01e-04	2.73e-02	4.78e-01	4.29e-01	6.24e-02	3.58e-03	1.85e-04	1.77e-07	0.00e+00	1.01e-04	2.15e-12	2.45e-12
 5.49569e+22	1.14e-04	2.97e-02	4.92e-01	4.16e-01	5.82e-02	3.19e-03	1.60e-04	1.44e-07	0.00e+00	1.14e-04	2.54e-12	2.88e-12
 5.52576e+22	1.34e-04	3.30e-02	5.10e-01	4.00e-01	5.33e-02	2.76e-03	1.33e-04	0.00e+00	0.00e+00	1.34e-04	3.13e-12	3.54e-12
 5.55594e+22	1.52e-04	3.57e-02	5.24e-01	3.88e-01	4.96e-02	2.45e-03	1.14e-04	0.00e+00	0.00e+00	1.52e-04	3.68e-12	4.16e-12
 5.58627e+22	1.78e-04	3.96e-02	5.42e-01	3.71e-01	4.51e-02	2.10e-03	9.44e-05	0.00e+00	0.00e+00	1.78e-04	4.55e-12	5.11e-12
 5.61683e+22	2.01e-04	4.29e-02	5.56e-01	3.57e-01	4.17e-02	1.85e-03	8.08e-05	0.00e+00	0.00e+00	2.01e-04	5.36e-12	6.00e-12
 5.64769e+22	2.35e-04	4.74e-02	5.73e-01	3.40e-01	3.78e-02	1.58e-03	6.64e-05	0.00e+00	0.00e+00	2.35e-04	6.60e-12	7.36e-12
 5.67925e+22	2.67e-04	5.14e-02	5.87e-01	3.26e-01	3.47e-02	1.38e-03	5.60e-05	0.00e+00	0.00e+00	2.67e-04	7.83e-12	8.69e-12
 5.71173e+22	3.14e-04	5.70e-02	6.03e-01	3.07e-01	3.10e-02	1.16e-03	4.53e-05	0.00e+00	0.00e+00	3.14e-04	9.76e-12	1.08e-11
 5.74041e+22	3.41e-04	6.02e-02	6.12e-01	2.97e-01	2.90e-02	1.05e-03	3.99e-05	0.00e+00	0.00e+00	3.41e-04	1.10e-11	1.20e-11
 5.75843e+22	3.65e-04	6.27e-02	6.19e-01	2.89e-01	2.76e-02	9.67e-04	3.63e-05	0.00e+00	0.00e+00	3.65e-04	1.20e-11	1.31e-11
 5.77612e+22	3.96e-04	6.61e-02	6.27e-01	2.80e-01	2.60e-02	8.80e-04	3.24e-05	0.00e+00	0.00e+00	3.96e-04	1.35e-11	1.47e-11
 5.79911e+22	4.40e-04	7.07e-02	6.36e-01	2.68e-01	2.40e-02	7.78e-04	2.79e-05	0.00e+00	0.00e+00	4.40e-04	1.56e-11	1.69e-11
 5.82901e+22	5.11e-04	7.76e-02	6.49e-01	2.51e-01	2.14e-02	6.53e-04	2.25e-05	0.00e+00	0.00e+00	5.11e-04	1.92e-11	2.06e-11
 5.85485e+22	5.45e-04	8.07e-02	6.55e-01	2.43e-01	2.01e-02	5.97e-04	2.02e-05	0.00e+00	0.00e+00	5.45e-04	2.11e-11	2.25e-11
 5.87544e+22	6.00e-04	8.58e-02	6.62e-01	2.32e-01	1.86e-02	5.30e-04	1.75e-05	0.00e+00	0.00e+00	6.00e-04	2.41e-11	2.56e-11
 5.90221e+22	6.77e-04	9.24e-02	6.71e-01	2.19e-01	1.68e-02	4.55e-04	1.46e-05	0.00e+00	0.00e+00	6.77e-04	2.86e-11	3.01e-11
 5.93701e+22	7.94e-04	1.02e-01	6.81e-01	2.01e-01	1.47e-02	3.70e-04	1.14e-05	0.00e+00	0.00e+00	7.94e-04	3.59e-11	3.73e-11
 5.97041e+22	8.77e-04	1.08e-01	6.87e-01	1.90e-01	1.33e-02	3.20e-04	9.55e-06	0.00e+00	0.00e+00	8.77e-04	4.16e-11	4.28e-11
 6.00200e+22	1.00e-03	1.18e-01	6.94e-01	1.75e-01	1.17e-02	2.65e-04	7.65e-06	0.00e+00	0.00e+00	1.00e-03	5.07e-11	5.15e-11
 6.03718e+22	1.14e-03	1.27e-01	6.99e-01	1.62e-01	1.03e-02	2.20e-04	6.11e-06	0.00e+00	0.00e+00	1.14e-03	6.13e-11	6.15e-11
 6.07703e+22	1.36e-03	1.41e-01	7.03e-01	1.45e-01	8.68e-03	1.72e-04	4.57e-06	0.00e+00	0.00e+00	1.36e-03	7.87e-11	7.76e-11
 6.11685e+22	1.53e-03	1.51e-01	7.06e-01	1.33e-01	7.58e-03	1.41e-04	3.63e-06	0.00e+00	0.00e+00	1.53e-03	9.43e-11	9.17e-11
 6.15664e+22	1.80e-03	1.67e-01	7.06e-01	1.19e-01	6.38e-03	1.10e-04	2.71e-06	0.00e+00	0.00e+00	1.80e-03	1.20e-10	1.15e-10
 6.19741e+22	2.04e-03	1.79e-01	7.06e-01	1.07e-01	5.49e-03	8.91e-05	2.11e-06	0.00e+00	0.00e+00	2.04e-03	1.45e-10	1.37e-10
 6.23944e+22	2.42e-03	1.98e-01	7.01e-01	9.38e-02	4.53e-03	6.73e-05	1.52e-06	0.00e+00	0.00e+00	2.42e-03	1.88e-10	1.73e-10
 6.28181e+22	2.73e-03	2.12e-01	6.97e-01	8.42e-02	3.87e-03	5.41e-05	1.18e-06	0.00e+00	0.00e+00	2.73e-03	2.26e-10	2.06e-10
 6.32460e+22	3.25e-03	2.35e-01	6.87e-01	7.23e-02	3.14e-03	4.00e-05	8.37e-07	0.00e+00	0.00e+00	3.25e-03	2.93e-10	2.63e-10
 6.36794e+22	3.67e-03	2.51e-01	6.78e-01	6.40e-02	2.66e-03	3.17e-05	6.41e-07	0.00e+00	0.00e+00	3.67e-03	3.54e-10	3.12e-10
 6.41198e+22	4.39e-03	2.77e-01	6.62e-01	5.39e-02	2.13e-03	2.30e-05	4.45e-07	0.00e+00	0.00e+00	4.39e-03	4.58e-10	3.98e-10
 6.45700e+22	5.02e-03	2.98e-01	6.48e-01	4.66e-02	1.77e-03	1.76e-05	3.31e-07	0.00e+00	0.00e+00	5.02e-03	5.58e-10	4.79e-10
 6.49263e+22	5.56e-03	3.16e-01	6.36e-01	4.15e-02	1.53e-03	1.43e-05	2.62e-07	0.00e+00	0.00e+00	5.56e-03	6.50e-10	5.53e-10
 6.52827e+22	6.48e-03	3.42e-01	6.15e-01	3.52e-02	1.26e-03	1.07e-05	1.91e-07	0.00e+00	0.00e+00	6.48e-03	8.06e-10	6.77e-10
 6.56347e+22	7.17e-03	3.61e-01	6.00e-01	3.11e-02	1.09e-03	8.64e-06	1.51e-07	0.00e+00	0.00e+00	7.17e-03	9.35e-10	7.80e-10
 6.59808e+22	8.33e-03	3.90e-01	5.75e-01	2.60e-02	8.93e-04	6.41e-06	0.00e+00	0.00e+00	0.00e+00	8.33e-03	1.15e-09	9.52e-10
 6.63317e+22	9.36e-03	4.13e-01	5.54e-01	2.24e-02	7.57e-04	5.01e-06	0.00e+00	0.00e+00	0.00e+00	9.36e-03	1.36e-09	1.11e-09
 6.66887e+22	1.10e-02	4.46e-01	5.24e-01	1.83e-02	6.12e-04	3.60e-06	0.00e+00	0.00e+00	0.00e+00	1.10e-02	1.69e-09	1.37e-09
 6.70498e+22	1.25e-02	4.74e-01	4.98e-01	1.53e-02	5.10e-04	2.71e-06	0.00e+00	0.00e+00	0.00e+00	1.25e-02	2.01e-09	1.62e-09
 6.73641e+22	1.42e-02	5.02e-01	4.70e-01	1.27e-02	4.26e-04	2.04e-06	0.00e+00	0.00e+00	0.00e+00	1.42e-02	2.40e-09	1.92e-09
 6.77203e+22	1.68e-02	5.40e-01	4.33e-01	9.94e-03	3.37e-04	1.39e-06	0.00e+00	0.00e+00	0.00e+00	1.68e-02	3.00e-09	2.39e-09
 6.80867e+22	1.95e-02	5.74e-01	3.98e-01	7.85e-03	2.72e-04	9.76e-07	0.00e+00	0.00e+00	0.00e+00	1.95e-02	3.65e-09	2.89e-09
 6.84080e+22	2.25e-02	6.06e-01	3.65e-01	6.20e-03	2.22e-04	6.89e-07	0.00e+00	0.00e+00	0.00e+00	2.25e-02	4.40e-09	3.47e-09
 6.87675e+22	2.70e-02	6.47e-01	3.22e-01	4.51e-03	1.69e-04	4.34e-07	0.00e+00	0.00e+00	0.00e+00	2.70e-02	5.60e-09	4.39e-09
 6.91468e+22	3.23e-02	6.84e-01	2.81e-01	3.24e-03	1.30e-04	2.71e-07	0.00e+00	0.00e+00	0.00e+00	3.23e-02	7.03e-09	5.49e-09
 6.94722e+22	3.80e-02	7.14e-01	2.46e-01	2.38e-03	1.02e-04	1.76e-07	0.00e+00	0.00e+00	0.00e+00	3.80e-02	8.59e-09	6.69e-09
 6.97501e+22	4.39e-02	7.39e-01	2.16e-01	1.79e-03	8.18e-05	0.00e+00	0.00e+00	0.00e+00	0.00e+00	4.39e-02	1.03e-08	7.97e-09
 7.00461e+22	5.23e-02	7.65e-01	1.81e-01	1.23e-03	6.16e-05	0.00e+00	0.00e+00	0.00e+00	0.00e+00	5.23e-02	1.28e-08	9.89e-09
 7.03524e+22	6.24e-02	7.87e-01	1.50e-01	8.45e-04	4.64e-05	0.00e+00	0.00e+00	0.00e+00	0.00e+00	6.24e-02	1.57e-08	1.22e-08
 7.05369e+22	6.84e-02	7.95e-01	1.36e-01	6.94e-04	4.03e-05	0.00e+00	0.00e+00	0.00e+00	0.00e+00	6.84e-02	1.75e-08	1.35e-08
 7.06095e+22	7.14e-02	7.99e-01	1.29e-01	6.32e-04	3.76e-05	0.00e+00	0.00e+00	0.00e+00	0.00e+00	7.14e-02	1.83e-08	1.41e-08
 7.06686e+22	7.40e-02	8.01e-01	1.24e-01	5.81e-04	3.54e-05	0.00e+00	0.00e+00	0.00e+00	0.00e+00	7.40e-02	1.92e-08	1.48e-08
 7.07425e+22	7.78e-02	8.05e-01	1.17e-01	5.18e-04	3.24e-05	0.00e+00	0.00e+00	0.00e+00	0.00e+00	7.78e-02	2.03e-08	1.57e-08
 7.08248e+22	8.21e-02	8.08e-01	1.09e-01	4.58e-04	2.95e-05	0.00e+00	0.00e+00	0.00e+00	0.00e+00	8.21e-02	2.16e-08	1.67e-08
 7.09029e+22	8.63e-02	8.11e-01	1.03e-01	4.08e-04	2.70e-05	0.00e+00	0.00e+00	0.00e+00	0.00e+00	8.63e-02	2.29e-08	1.77e-08
 7.09770e+22	9.09e-02	8.13e-01	9.62e-02	3.62e-04	2.47e-05	0.00e+00	0.00e+00	0.00e+00	0.00e+00	9.09e-02	2.43e-08	1.87e-08
 7.10475e+22	9.52e-02	8.14e-01	9.05e-02	3.25e-04	2.27e-05	0.00e+00	0.00e+00	0.00e+00	0.00e+00	9.52e-02	2.57e-08	1.97e-08
 7.11175e+22	1.00e-01	8.15e-01	8.48e-02	2.89e-04	2.07e-05	0.00e+00	0.00e+00	0.00e+00	0.00e+00	1.00e-01	2.72e-08	2.09e-08
 7.11873e+22	1.05e-01	8.15e-01	7.96e-02	2.58e-04	1.90e-05	0.00e+00	0.00e+00	0.00e+00	0.00e+00	1.05e-01	2.87e-08	2.20e-08
 7.12559e+22	1.10e-01	8.15e-01	7.43e-02	2.29e-04	1.73e-05	0.00e+00	0.00e+00	0.00e+00	0.00e+00	1.10e-01	3.03e-08	2.33e-08
 7.13237e+22	1.16e-01	8.15e-01	6.96e-02	2.05e-04	1.58e-05	0.00e+00	0.00e+00	0.00e+00	0.00e+00	1.16e-01	3.20e-08	2.45e-08
 7.13908e+22	1.21e-01	8.13e-01	6.49e-02	1.82e-04	1.44e-05	0.00e+00	0.00e+00	0.00e+00	0.00e+00	1.21e-01	3.38e-08	2.59e-08
 7.14568e+22	1.27e-01	8.12e-01	6.06e-02	1.62e-04	1.31e-05	0.00e+00	0.00e+00	0.00e+00	0.00e+00	1.27e-01	3.56e-08	2.73e-08
 7.15202e+22	1.34e-01	8.10e-01	5.65e-02	1.45e-04	1.19e-05	0.00e+00	0.00e+00	0.00e+00	0.00e+00	1.34e-01	3.76e-08	2.88e-08
 7.15813e+22	1.40e-01	8.07e-01	5.30e-02	1.30e-04	1.09e-05	0.00e+00	0.00e+00	0.00e+00	0.00e+00	1.40e-01	3.94e-08	3.02e-08
 7.16440e+22	1.47e-01	8.04e-01	4.92e-02	1.16e-04	9.90e-06	0.00e+00	0.00e+00	0.00e+00	0.00e+00	1.47e-01	4.16e-08	3.18e-08
 7.17078e+22	1.54e-01	8.00e-01	4.57e-02	1.03e-04	8.99e-06	0.00e+00	0.00e+00	0.00e+00	0.00e+00	1.54e-01	4.37e-08	3.35e-08
 7.17682e+22	1.61e-01	7.96e-01	4.25e-02	9.19e-05	8.14e-06	0.00e+00	0.00e+00	0.00e+00	0.00e+00	1.61e-01	4.60e-08	3.52e-08
 7.18269e+22	1.68e-01	7.92e-01	3.96e-02	8.25e-05	7.41e-06	0.00e+00	0.00e+00	0.00e+00	0.00e+00	1.68e-01	4.82e-08	3.69e-08
 7.18852e+22	1.77e-01	7.86e-01	3.67e-02	7.36e-05	6.69e-06	0.00e+00	0.00e+00	0.00e+00	0.00e+00	1.77e-01	5.07e-08	3.87e-08
 7.19418e+22	1.84e-01	7.81e-01	3.42e-02	6.63e-05	6.10e-06	0.00e+00	0.00e+00	0.00e+00	0.00e+00	1.84e-01	5.30e-08	4.05e-08
 7.19991e+22	1.93e-01	7.75e-01	3.17e-02	5.93e-05	5.50e-06	0.00e+00	0.00e+00	0.00e+00	0.00e+00	1.93e-01	5.55e-08	4.24e-08
 7.20576e+22	2.02e-01	7.68e-01	2.93e-02	5.29e-05	4.95e-06	0.00e+00	0.00e+00	0.00e+00	0.00e+00	2.02e-01	5.82e-08	4.45e-08
 7.21122e+22	2.11e-01	7.62e-01	2.72e-02	4.77e-05	4.48e-06	0.00e+00	0.00e+00	0.00e+00	0.00e+00	2.11e-01	6.08e-08	4.64e-08
 7.21653e+22	2.20e-01	7.54e-01	2.52e-02	4.30e-05	4.05e-06	0.00e+00	0.00e+00	0.00e+00	0.00e+00	2.20e-01	6.34e-08	4.84e-08
 7.22194e+22	2.30e-01	7.47e-01	2.33e-02	3.87e-05	3.66e-06	0.00e+00	0.00e+00	0.00e+00	0.00e+00	2.30e-01	6.62e-08	5.05e-08
 7.22738e+22	2.40e-01	7.38e-01	2.16e-02	3.49e-05	3.29e-06	0.00e+00	0.00e+00	0.00e+00	0.00e+00	2.40e-01	6.90e-08	5.26e-08
 7.23280e+22	2.51e-01	7.29e-01	1.99e-02	3.14e-05	2.96e-06	0.00e+00	0.00e+00	0.00e+00	0.00e+00	2.51e-01	7.19e-08	5.48e-08
 7.23818e+22	2.61e-01	7.20e-01	1.84e-02	2.83e-05	2.66e-06	0.00e+00	0.00e+00	0.00e+00	0.00e+00	2.61e-01	7.48e-08	5.70e-08
 7.24352e+22	2.72e-01	7.11e-01	1.70e-02	2.57e-05	2.40e-06	0.00e+00	0.00e+00	0.00e+00	0.00e+00	2.72e-01	7.77e-08	5.91e-08
 7.24897e+22	2.84e-01	7.01e-01	1.56e-02	2.31e-05	2.14e-06	0.00e+00	0.00e+00	0.00e+00	0.00e+00	2.84e-01	8.08e-08	6.15e-08
 7.25448e+22	2.97e-01	6.89e-01	1.43e-02	2.08e-05	1.90e-06	0.00e+00	0.00e+00	0.00e+00	0.00e+00	2.97e-01	8.40e-08	6.39e-08
 7.25963e+22	3.08e-01	6.79e-01	1.32e-02	1.90e-05	1.72e-06	0.00e+00	0.00e+00	0.00e+00	0.00e+00	3.08e-01	8.68e-08	6.60e-08
 7.26487e+22	3.21e-01	6.67e-01	1.21e-02	1.71e-05	1.53e-06	0.00e+00	0.00e+00	0.00e+00	0.00e+00	3.21e-01	8.99e-08	6.84e-08
 7.27032e+22	3.33e-01	6.56e-01	1.11e-02	1.55e-05	1.36e-06	0.00e+00	0.00e+00	0.00e+00	0.00e+00	3.33e-01	9.30e-08	7.07e-08
 7.27562e+22	3.47e-01	6.43e-01	1.02e-02	1.41e-05	1.21e-06	0.00e+00	0.00e+00	0.00e+00	0.00e+00	3.47e-01	9.60e-08	7.29e-08
 7.28093e+22	3.60e-01	6.30e-01	9.28e-03	1.28e-05	1.08e-06	0.00e+00	0.00e+00	0.00e+00	0.00e+00	3.60e-01	9.91e-08	7.52e-08
 7.28611e+22	3.73e-01	6.18e-01	8.52e-03	1.17e-05	9.64e-07	0.00e+00	0.00e+00	0.00e+00	0.00e+00	3.73e-01	1.02e-07	7.74e-08
 7.29139e+22	3.88e-01	6.04e-01	7.76e-03	1.06e-05	8.52e-07	0.00e+00	0.00e+00	0.00e+00	0.00e+00	3.88e-01	1.05e-07	7.96e-08
 7.29671e+22	4.02e-01	5.91e-01	7.09e-03	9.67e-06	7.59e-07	0.00e+00	0.00e+00	0.00e+00	0.00e+00	4.02e-01	1.08e-07	8.17e-08
 7.30204e+22	4.16e-01	5.77e-01	6.45e-03	8.80e-06	6.71e-07	0.00e+00	0.00e+00	0.00e+00	0.00e+00	4.16e-01	1.10e-07	8.38e-08
 7.30753e+22	4.32e-01	5.63e-01	5.85e-03	8.00e-06	5.91e-07	0.00e+00	0.00e+00	0.00e+00	0.00e+00	4.32e-01	1.13e-07	8.58e-08
 7.31284e+22	4.46e-01	5.49e-01	5.33e-03	7.32e-06	5.24e-07	0.00e+00	0.00e+00	0.00e+00	0.00e+00	4.46e-01	1.16e-07	8.77e-08
 7.31817e+22	4.61e-01	5.34e-01	4.85e-03	6.70e-06	4.63e-07	0.00e+00	0.00e+00	0.00e+00	0.00e+00	4.61e-01	1.18e-07	8.94e-08
 7.32370e+22	4.76e-01	5.20e-01	4.39e-03	6.12e-06	4.07e-07	0.00e+00	0.00e+00	0.00e+00	0.00e+00	4.76e-01	1.20e-07	9.12e-08
 7.32937e+22	4.91e-01	5.05e-01	3.97e-03	5.59e-06	3.58e-07	0.00e+00	0.00e+00	0.00e+00	0.00e+00	4.91e-01	1.23e-07	9.28e-08
 7.33518e+22	5.08e-01	4.89e-01	3.57e-03	5.10e-06	3.13e-07	0.00e+00	0.00e+00	0.00e+00	0.00e+00	5.08e-01	1.25e-07	9.44e-08
 7.34094e+22	5.23e-01	4.74e-01	3.22e-03	4.67e-06	2.74e-07	0.00e+00	0.00e+00	0.00e+00	0.00e+00	5.23e-01	1.27e-07	9.58e-08
 7.34669e+22	5.38e-01	4.59e-01	2.90e-03	4.28e-06	2.41e-07	0.00e+00	0.00e+00	0.00e+00	0.00e+00	5.38e-01	1.28e-07	9.70e-08
 7.35269e+22	5.54e-01	4.44e-01	2.60e-03	3.92e-06	2.10e-07	0.00e+00	0.00e+00	0.00e+00	0.00e+00	5.54e-01	1.30e-07	9.82e-08
 7.35897e+22	5.70e-01	4.28e-01	2.32e-03	3.58e-06	1.82e-07	0.00e+00	0.00e+00	0.00e+00	0.00e+00	5.70e-01	1.31e-07	9.92e-08
 7.36531e+22	5.86e-01	4.12e-01	2.07e-03	3.27e-06	1.58e-07	0.00e+00	0.00e+00	0.00e+00	0.00e+00	5.86e-01	1.32e-07	1.00e-07
 7.37095e+22	5.99e-01	3.99e-01	1.88e-03	3.04e-06	1.40e-07	0.00e+00	0.00e+00	0.00e+00	0.00e+00	5.99e-01	1.33e-07	1.01e-07
 7.37589e+22	6.10e-01	3.88e-01	1.72e-03	2.84e-06	1.26e-07	0.00e+00	0.00e+00	0.00e+00	0.00e+00	6.10e-01	1.34e-07	1.01e-07
 7.38086e+22	6.21e-01	3.77e-01	1.58e-03	2.67e-06	0.00e+00	0.00e+00	0.00e+00	0.00e+00	0.00e+00	6.21e-01	1.35e-07	1.02e-07
 7.38625e+22	6.34e-01	3.65e-01	1.43e-03	2.49e-06	0.00e+00	0.00e+00	0.00e+00	0.00e+00	0.00e+00	6.34e-01	1.35e-07	1.02e-07
 7.39194e+22	6.46e-01	3.53e-01	1.29e-03	2.31e-06	0.00e+00	0.00e+00	0.00e+00	0.00e+00	0.00e+00	6.46e-01	1.35e-07	1.02e-07
 7.39750e+22	6.57e-01	3.41e-01	1.18e-03	2.16e-06	0.00e+00	0.00e+00	0.00e+00	0.00e+00	0.00e+00	6.57e-01	1.36e-07	1.02e-07
 7.40302e+22	6.68e-01	3.31e-01	1.07e-03	2.03e-06	0.00e+00	0.00e+00	0.00e+00	0.00e+00	0.00e+00	6.68e-01	1.36e-07	1.02e-07
 7.40874e+22	6.79e-01	3.20e-01	9.67e-04	1.89e-06	0.00e+00	0.00e+00	0.00e+00	0.00e+00	0.00e+00	6.79e-01	1.36e-07	1.02e-07
 7.41466e+22	6.90e-01	3.09e-01	8.74e-04	1.77e-06	0.00e+00	0.00e+00	0.00e+00	0.00e+00	0.00e+00	6.90e-01	1.36e-07	1.02e-07
 7.42071e+22	7.02e-01	2.98e-01	7.87e-04	1.65e-06	0.00e+00	0.00e+00	0.00e+00	0.00e+00	0.00e+00	7.02e-01	1.36e-07	1.02e-07
 7.42675e+22	7.12e-01	2.88e-01	7.12e-04	1.55e-06	0.00e+00	0.00e+00	0.00e+00	0.00e+00	0.00e+00	7.12e-01	1.35e-07	1.02e-07
 7.43293e+22	7.22e-01	2.77e-01	6.42e-04	1.45e-06	0.00e+00	0.00e+00	0.00e+00	0.00e+00	0.00e+00	7.22e-01	1.35e-07	1.02e-07
 7.43934e+22	7.32e-01	2.67e-01	5.76e-04	1.35e-06	0.00e+00	0.00e+00	0.00e+00	0.00e+00	0.00e+00	7.32e-01	1.35e-07	1.01e-07
 7.44575e+22	7.42e-01	2.57e-01	5.19e-04	1.27e-06	0.00e+00	0.00e+00	0.00e+00	0.00e+00	0.00e+00	7.42e-01	1.34e-07	1.01e-07
 7.45222e+22	7.51e-01	2.48e-01	4.67e-04	1.19e-06	0.00e+00	0.00e+00	0.00e+00	0.00e+00	0.00e+00	7.51e-01	1.34e-07	1.01e-07
 7.45894e+22	7.61e-01	2.39e-01	4.20e-04	1.11e-06	0.00e+00	0.00e+00	0.00e+00	0.00e+00	0.00e+00	7.61e-01	1.33e-07	1.00e-07
 7.46587e+22	7.70e-01	2.30e-01	3.76e-04	1.04e-06	0.00e+00	0.00e+00	0.00e+00	0.00e+00	0.00e+00	7.70e-01	1.33e-07	9.96e-08
 7.47287e+22	7.79e-01	2.21e-01	3.37e-04	9.77e-07	0.00e+00	0.00e+00	0.00e+00	0.00e+00	0.00e+00	7.79e-01	1.32e-07	9.91e-08
 7.47994e+22	7.87e-01	2.12e-01	3.03e-04	9.16e-07	0.00e+00	0.00e+00	0.00e+00	0.00e+00	0.00e+00	7.87e-01	1.31e-07	9.85e-08
 7.48726e+22	7.96e-01	2.04e-01	2.71e-04	8.58e-07	0.00e+00	0.00e+00	0.00e+00	0.00e+00	0.00e+00	7.96e-01	1.31e-07	9.79e-08
 7.49477e+22	8.04e-01	1.96e-01	2.43e-04	8.05e-07	0.00e+00	0.00e+00	0.00e+00	0.00e+00	0.00e+00	8.04e-01	1.30e-07	9.73e-08
 7.50243e+22	8.11e-01	1.88e-01	2.18e-04	7.54e-07	0.00e+00	0.00e+00	0.00e+00	0.00e+00	0.00e+00	8.11e-01	1.29e-07	9.67e-08
 7.51033e+22	8.19e-01	1.81e-01	1.95e-04	7.06e-07	0.00e+00	0.00e+00	0.00e+00	0.00e+00	0.00e+00	8.19e-01	1.28e-07	9.61e-08
 7.51836e+22	8.26e-01	1.73e-01	1.75e-04	6.62e-07	0.00e+00	0.00e+00	0.00e+00	0.00e+00	0.00e+00	8.26e-01	1.28e-07	9.55e-08
 7.52658e+22	8.33e-01	1.66e-01	1.57e-04	6.21e-07	0.00e+00	0.00e+00	0.00e+00	0.00e+00	0.00e+00	8.33e-01	1.27e-07	9.49e-08
 7.53515e+22	8.40e-01	1.60e-01	1.41e-04	5.82e-07	0.00e+00	0.00e+00	0.00e+00	0.00e+00	0.00e+00	8.40e-01	1.26e-07	9.43e-08
 7.54399e+22	8.47e-01	1.53e-01	1.27e-04	5.45e-07	0.00e+00	0.00e+00	0.00e+00	0.00e+00	0.00e+00	8.47e-01	1.26e-07	9.37e-08
 7.55297e+22	8.53e-01	1.47e-01	1.14e-04	5.12e-07	0.00e+00	0.00e+00	0.00e+00	0.00e+00	0.00e+00	8.53e-01	1.25e-07	9.32e-08
 7.56203e+22	8.59e-01	1.41e-01	1.04e-04	4.82e-07	0.00e+00	0.00e+00	0.00e+00	0.00e+00	0.00e+00	8.59e-01	1.24e-07	9.27e-08
 7.57124e+22	8.64e-01	1.36e-01	9.44e-05	4.54e-07	0.00e+00	0.00e+00	0.00e+00	0.00e+00	0.00e+00	8.64e-01	1.24e-07	9.22e-08
 7.58071e+22	8.70e-01	1.30e-01	8.61e-05	4.27e-07	0.00e+00	0.00e+00	0.00e+00	0.00e+00	0.00e+00	8.70e-01	1.23e-07	9.18e-08
 7.59056e+22	8.75e-01	1.25e-01	7.87e-05	4.01e-07	0.00e+00	0.00e+00	0.00e+00	0.00e+00	0.00e+00	8.75e-01	1.23e-07	9.09e-08
 7.60068e+22	8.80e-01	1.20e-01	7.22e-05	3.78e-07	0.00e+00	0.00e+00	0.00e+00	0.00e+00	0.00e+00	8.80e-01	1.22e-07	9.00e-08
 7.61090e+22	8.84e-01	1.16e-01	6.66e-05	3.56e-07	0.00e+00	0.00e+00	0.00e+00	0.00e+00	0.00e+00	8.84e-01	1.22e-07	8.92e-08
 7.62134e+22	8.89e-01	1.11e-01	6.17e-05	3.36e-07	0.00e+00	0.00e+00	0.00e+00	0.00e+00	0.00e+00	8.89e-01	1.21e-07	8.84e-08
 7.63221e+22	8.93e-01	1.07e-01	5.73e-05	3.18e-07	0.00e+00	0.00e+00	0.00e+00	0.00e+00	0.00e+00	8.93e-01	1.21e-07	8.77e-08
 7.64342e+22	8.97e-01	1.03e-01	5.34e-05	3.00e-07	0.00e+00	0.00e+00	0.00e+00	0.00e+00	0.00e+00	8.97e-01	1.20e-07	8.70e-08
 7.65491e+22	9.01e-01	9.94e-02	5.00e-05	2.83e-07	0.00e+00	0.00e+00	0.00e+00	0.00e+00	0.00e+00	9.01e-01	1.20e-07	8.63e-08
 7.66683e+22	9.04e-01	9.57e-02	4.69e-05	2.67e-07	0.00e+00	0.00e+00	0.00e+00	0.00e+00	0.00e+00	9.04e-01	1.20e-07	8.56e-08
 7.67917e+22	9.08e-01	9.22e-02	4.42e-05	2.52e-07	0.00e+00	0.00e+00	0.00e+00	0.00e+00	0.00e+00	9.08e-01	1.20e-07	8.50e-08
 7.69186e+22	9.11e-01	8.87e-02	4.17e-05	2.38e-07	0.00e+00	0.00e+00	0.00e+00	0.00e+00	0.00e+00	9.11e-01	1.20e-07	8.43e-08
 7.70465e+22	9.15e-01	8.54e-02	3.96e-05	2.24e-07	0.00e+00	0.00e+00	0.00e+00	0.00e+00	0.00e+00	9.15e-01	1.19e-07	8.37e-08
 7.71695e+22	9.17e-01	8.25e-02	3.79e-05	2.13e-07	0.00e+00	0.00e+00	0.00e+00	0.00e+00	0.00e+00	9.17e-01	1.19e-07	8.32e-08
 7.72860e+22	9.20e-01	8.00e-02	3.64e-05	2.03e-07	0.00e+00	0.00e+00	0.00e+00	0.00e+00	0.00e+00	9.20e-01	1.20e-07	8.28e-08
 7.73985e+22	9.22e-01	7.76e-02	3.51e-05	1.93e-07	0.00e+00	0.00e+00	0.00e+00	0.00e+00	0.00e+00	9.22e-01	1.20e-07	8.24e-08
 7.75074e+22	9.25e-01	7.54e-02	3.40e-05	1.85e-07	0.00e+00	0.00e+00	0.00e+00	0.00e+00	0.00e+00	9.25e-01	1.20e-07	8.20e-08
 7.76127e+22	9.27e-01	7.32e-02	3.29e-05	1.77e-07	0.00e+00	0.00e+00	0.00e+00	0.00e+00	0.00e+00	9.27e-01	1.20e-07	8.17e-08
 7.77142e+22	9.29e-01	7.12e-02	3.21e-05	1.70e-07	0.00e+00	0.00e+00	0.00e+00	0.00e+00	0.00e+00	9.29e-01	1.20e-07	8.13e-08
 7.78107e+22	9.31e-01	6.94e-02	3.13e-05	1.63e-07	0.00e+00	0.00e+00	0.00e+00	0.00e+00	0.00e+00	9.31e-01	1.20e-07	8.10e-08
 7.79021e+22	9.32e-01	6.76e-02	3.06e-05	1.57e-07	0.00e+00	0.00e+00	0.00e+00	0.00e+00	0.00e+00	9.32e-01	1.20e-07	8.06e-08
 7.79877e+22	9.34e-01	6.61e-02	3.00e-05	1.52e-07	0.00e+00	0.00e+00	0.00e+00	0.00e+00	0.00e+00	9.34e-01	1.20e-07	8.03e-08
 7.80703e+22	9.35e-01	6.46e-02	2.95e-05	1.46e-07	0.00e+00	0.00e+00	0.00e+00	0.00e+00	0.00e+00	9.35e-01	1.20e-07	8.00e-08
 7.81527e+22	9.37e-01	6.30e-02	2.90e-05	1.41e-07	0.00e+00	0.00e+00	0.00e+00	0.00e+00	0.00e+00	9.37e-01	1.20e-07	7.97e-08
 7.82324e+22	9.38e-01	6.16e-02	2.85e-05	1.37e-07	0.00e+00	0.00e+00	0.00e+00	0.00e+00	0.00e+00	9.38e-01	1.20e-07	7.95e-08
 7.83090e+22	9.40e-01	6.02e-02	2.81e-05	1.32e-07	0.00e+00	0.00e+00	0.00e+00	0.00e+00	0.00e+00	9.40e-01	1.20e-07	7.92e-08
 7.83828e+22	9.41e-01	5.89e-02	2.77e-05	1.28e-07	0.00e+00	0.00e+00	0.00e+00	0.00e+00	0.00e+00	9.41e-01	1.20e-07	7.90e-08
 7.84540e+22	9.42e-01	5.76e-02	2.73e-05	1.24e-07	0.00e+00	0.00e+00	0.00e+00	0.00e+00	0.00e+00	9.42e-01	1.20e-07	7.87e-08
 7.85227e+22	9.44e-01	5.64e-02	2.70e-05	0.00e+00	0.00e+00	0.00e+00	0.00e+00	0.00e+00	0.00e+00	9.44e-01	1.20e-07	7.85e-08
 7.85891e+22	9.45e-01	5.52e-02	2.67e-05	0.00e+00	0.00e+00	0.00e+00	0.00e+00	0.00e+00	0.00e+00	9.45e-01	1.20e-07	7.82e-08
 7.86532e+22	9.46e-01	5.41e-02	2.64e-05	0.00e+00	0.00e+00	0.00e+00	0.00e+00	0.00e+00	0.00e+00	9.46e-01	1.20e-07	7.80e-08
 7.87150e+22	9.47e-01	5.30e-02	2.61e-05	0.00e+00	0.00e+00	0.00e+00	0.00e+00	0.00e+00	0.00e+00	9.47e-01	1.20e-07	7.78e-08
 7.87746e+22	9.48e-01	5.19e-02	2.59e-05	0.00e+00	0.00e+00	0.00e+00	0.00e+00	0.00e+00	0.00e+00	9.48e-01	1.20e-07	7.76e-08
 7.88322e+22	9.49e-01	5.09e-02	2.56e-05	0.00e+00	0.00e+00	0.00e+00	0.00e+00	0.00e+00	0.00e+00	9.49e-01	1.20e-07	7.73e-08
 7.88877e+22	9.50e-01	4.99e-02	2.54e-05	0.00e+00	0.00e+00	0.00e+00	0.00e+00	0.00e+00	0.00e+00	9.50e-01	1.19e-07	7.71e-08
 7.89399e+22	9.51e-01	4.90e-02	2.52e-05	0.00e+00	0.00e+00	0.00e+00	0.00e+00	0.00e+00	0.00e+00	9.51e-01	1.19e-07	7.69e-08
 7.89873e+22	9.52e-01	4.82e-02	2.51e-05	0.00e+00	0.00e+00	0.00e+00	0.00e+00	0.00e+00	0.00e+00	9.52e-01	1.19e-07	7.66e-08
 7.90305e+22	9.53e-01	4.74e-02	2.49e-05	0.00e+00	0.00e+00	0.00e+00	0.00e+00	0.00e+00	0.00e+00	9.53e-01	1.19e-07	7.64e-08
 7.90698e+22	9.53e-01	4.68e-02	2.48e-05	0.00e+00	0.00e+00	0.00e+00	0.00e+00	0.00e+00	0.00e+00	9.53e-01	1.19e-07	7.62e-08
 7.91056e+22	9.54e-01	4.62e-02	2.46e-05	0.00e+00	0.00e+00	0.00e+00	0.00e+00	0.00e+00	0.00e+00	9.54e-01	1.19e-07	7.60e-08
