#depth	He	He+	He+2
 4.62852e+21	2.09e-09	7.25e-05	1.00e+00
 1.02721e+22	3.40e-09	1.09e-04	1.00e+00
 1.17948e+22	4.40e-09	1.32e-04	1.00e+00
 1.25684e+22	5.02e-09	1.46e-04	1.00e+00
 1.29083e+22	5.23e-09	1.51e-04	1.00e+00
 1.30782e+22	5.46e-09	1.56e-04	1.00e+00
 1.32991e+22	5.79e-09	1.63e-04	1.00e+00
 1.35135e+22	6.04e-09	1.69e-04	1.00e+00
 1.37197e+22	6.37e-09	1.76e-04	1.00e+00
 1.39332e+22	6.67e-09	1.83e-04	1.00e+00
 1.41244e+22	6.94e-09	1.90e-04	1.00e+00
 1.43409e+22	7.31e-09	2.00e-04	1.00e+00
 1.45620e+22	7.62e-09	2.08e-04	1.00e+00
 1.47589e+22	7.93e-09	2.16e-04	1.00e+00
 1.49850e+22	8.32e-09	2.28e-04	1.00e+00
 1.51984e+22	8.61e-09	2.36e-04	1.00e+00
 1.53954e+22	8.91e-09	2.48e-04	1.00e+00
 1.55922e+22	9.19e-09	2.57e-04	1.00e+00
 1.57885e+22	9.51e-09	2.69e-04	1.00e+00
 1.59895e+22	9.76e-09	2.80e-04	1.00e+00
 1.61965e+22	1.01e-08	2.95e-04	1.00e+00
 1.64041e+22	1.03e-08	3.07e-04	1.00e+00
 1.66128e+22	1.06e-08	3.24e-04	1.00e+00
 1.68254e+22	1.08e-08	3.38e-04	1.00e+00
 1.70433e+22	1.10e-08	3.58e-04	1.00e+00
 1.72653e+22	1.12e-08	3.74e-04	1.00e+00
 1.74927e+22	1.13e-08	3.97e-04	1.00e+00
 1.77243e+22	1.15e-08	4.17e-04	1.00e+00
 1.79538e+22	1.16e-08	4.43e-04	1.00e+00
 1.81734e+22	1.17e-08	4.62e-04	1.00e+00
 1.83876e+22	1.18e-08	4.90e-04	1.00e+00
 1.86008e+22	1.18e-08	5.11e-04	9.99e-01
 1.88127e+22	1.19e-08	5.41e-04	9.99e-01
 1.90249e+22	1.20e-08	5.65e-04	9.99e-01
 1.92375e+22	1.21e-08	5.98e-04	9.99e-01
 1.94499e+22	1.22e-08	6.25e-04	9.99e-01
 1.96619e+22	1.24e-08	6.61e-04	9.99e-01
 1.98740e+22	1.26e-08	6.90e-04	9.99e-01
 2.00860e+22	1.29e-08	7.29e-04	9.99e-01
 2.02988e+22	1.32e-08	7.61e-04	9.99e-01
 2.05123e+22	1.36e-08	8.04e-04	9.99e-01
 2.07271e+22	1.40e-08	8.39e-04	9.99e-01
 2.09433e+22	1.47e-08	8.87e-04	9.99e-01
 2.11618e+22	1.53e-08	9.25e-04	9.99e-01
 2.13830e+22	1.62e-08	9.78e-04	9.99e-01
 2.16072e+22	1.71e-08	1.02e-03	9.99e-01
 2.18353e+22	1.84e-08	1.08e-03	9.99e-01
 2.20672e+22	1.95e-08	1.13e-03	9.99e-01
 2.23040e+22	2.13e-08	1.20e-03	9.99e-01
 2.25473e+22	2.29e-08	1.25e-03	9.99e-01
 2.27544e+22	2.45e-08	1.31e-03	9.99e-01
 2.29790e+22	2.68e-08	1.38e-03	9.99e-01
 2.31988e+22	2.87e-08	1.43e-03	9.99e-01
 2.34125e+22	3.14e-08	1.51e-03	9.98e-01
 2.36284e+22	3.37e-08	1.57e-03	9.98e-01
 2.38472e+22	3.72e-08	1.65e-03	9.98e-01
 2.40670e+22	4.00e-08	1.72e-03	9.98e-01
 2.42882e+22	4.42e-08	1.81e-03	9.98e-01
 2.45120e+22	4.77e-08	1.88e-03	9.98e-01
 2.47393e+22	5.29e-08	1.98e-03	9.98e-01
 2.49700e+22	5.73e-08	2.06e-03	9.98e-01
 2.52050e+22	6.37e-08	2.17e-03	9.98e-01
 2.54438e+22	6.92e-08	2.26e-03	9.98e-01
 2.56878e+22	7.74e-08	2.39e-03	9.98e-01
 2.59368e+22	8.43e-08	2.49e-03	9.98e-01
 2.61924e+22	9.48e-08	2.64e-03	9.97e-01
 2.64511e+22	1.03e-07	2.75e-03	9.97e-01
 2.67138e+22	1.16e-07	2.92e-03	9.97e-01
 2.69796e+22	1.27e-07	3.05e-03	9.97e-01
 2.72081e+22	1.39e-07	3.18e-03	9.97e-01
 2.74637e+22	1.56e-07	3.36e-03	9.97e-01
 2.77214e+22	1.69e-07	3.50e-03	9.96e-01
 2.79389e+22	1.83e-07	3.64e-03	9.96e-01
 2.81785e+22	2.04e-07	3.84e-03	9.96e-01
 2.84154e+22	2.20e-07	3.98e-03	9.96e-01
 2.86488e+22	2.42e-07	4.17e-03	9.96e-01
 2.88921e+22	2.64e-07	4.35e-03	9.96e-01
 2.91109e+22	2.86e-07	4.52e-03	9.95e-01
 2.93581e+22	3.18e-07	4.76e-03	9.95e-01
 2.96108e+22	3.46e-07	4.97e-03	9.95e-01
 2.98705e+22	3.84e-07	5.22e-03	9.95e-01
 3.01424e+22	4.22e-07	5.47e-03	9.95e-01
 3.03855e+22	4.59e-07	5.70e-03	9.94e-01
 3.06572e+22	5.14e-07	6.03e-03	9.94e-01
 3.09338e+22	5.62e-07	6.30e-03	9.94e-01
 3.12168e+22	6.29e-07	6.66e-03	9.93e-01
 3.15053e+22	6.92e-07	6.97e-03	9.93e-01
 3.17621e+22	7.58e-07	7.29e-03	9.93e-01
 3.20572e+22	8.51e-07	7.72e-03	9.92e-01
 3.23582e+22	9.37e-07	8.10e-03	9.92e-01
 3.26671e+22	1.06e-06	8.59e-03	9.91e-01
 3.29745e+22	1.16e-06	8.99e-03	9.91e-01
 3.32799e+22	1.31e-06	9.54e-03	9.90e-01
 3.35943e+22	1.45e-06	1.00e-02	9.90e-01
 3.39205e+22	1.63e-06	1.06e-02	9.89e-01
 3.42242e+22	1.78e-06	1.11e-02	9.89e-01
 3.44583e+22	1.94e-06	1.16e-02	9.88e-01
 3.47221e+22	2.13e-06	1.21e-02	9.88e-01
 3.50053e+22	2.33e-06	1.27e-02	9.87e-01
 3.52718e+22	2.56e-06	1.33e-02	9.87e-01
 3.55765e+22	2.87e-06	1.41e-02	9.86e-01
 3.58781e+22	3.14e-06	1.47e-02	9.85e-01
 3.61759e+22	3.51e-06	1.55e-02	9.84e-01
 3.64822e+22	3.86e-06	1.63e-02	9.84e-01
 3.67543e+22	4.23e-06	1.70e-02	9.83e-01
 3.70626e+22	4.73e-06	1.80e-02	9.82e-01
 3.73813e+22	5.23e-06	1.89e-02	9.81e-01
 3.76663e+22	5.75e-06	1.98e-02	9.80e-01
 3.79901e+22	6.47e-06	2.10e-02	9.79e-01
 3.83243e+22	7.18e-06	2.21e-02	9.78e-01
 3.86218e+22	7.92e-06	2.32e-02	9.77e-01
 3.89583e+22	8.95e-06	2.46e-02	9.75e-01
 3.93032e+22	9.96e-06	2.59e-02	9.74e-01
 3.96077e+22	1.10e-05	2.72e-02	9.73e-01
 3.99523e+22	1.25e-05	2.90e-02	9.71e-01
 4.03065e+22	1.39e-05	3.06e-02	9.69e-01
 4.06206e+22	1.54e-05	3.21e-02	9.68e-01
 4.09767e+22	1.75e-05	3.42e-02	9.66e-01
 4.13432e+22	1.96e-05	3.62e-02	9.64e-01
 4.16698e+22	2.18e-05	3.81e-02	9.62e-01
 4.20410e+22	2.49e-05	4.07e-02	9.59e-01
 4.24196e+22	2.79e-05	4.30e-02	9.57e-01
 4.28078e+22	3.21e-05	4.60e-02	9.54e-01
 4.32002e+22	3.60e-05	4.87e-02	9.51e-01
 4.35378e+22	4.00e-05	5.12e-02	9.49e-01
 4.38535e+22	4.41e-05	5.37e-02	9.46e-01
 4.42011e+22	4.99e-05	5.70e-02	9.43e-01
 4.45533e+22	5.53e-05	6.00e-02	9.40e-01
 4.48571e+22	6.09e-05	6.28e-02	9.37e-01
 4.51978e+22	6.85e-05	6.65e-02	9.33e-01
 4.55523e+22	7.61e-05	6.99e-02	9.30e-01
 4.58736e+22	8.41e-05	7.34e-02	9.27e-01
 4.62398e+22	9.54e-05	7.80e-02	9.22e-01
 4.66080e+22	1.06e-04	8.20e-02	9.18e-01
 4.69268e+22	1.17e-04	8.60e-02	9.14e-01
 4.72143e+22	1.27e-04	8.93e-02	9.11e-01
 4.75127e+22	1.40e-04	9.36e-02	9.06e-01
 4.78171e+22	1.53e-04	9.76e-02	9.02e-01
 4.80839e+22	1.65e-04	1.01e-01	8.98e-01
 4.83855e+22	1.83e-04	1.06e-01	8.93e-01
 4.86923e+22	1.99e-04	1.11e-01	8.89e-01
 4.89643e+22	2.16e-04	1.15e-01	8.85e-01
 4.92763e+22	2.40e-04	1.21e-01	8.79e-01
 4.95900e+22	2.60e-04	1.25e-01	8.74e-01
 4.99058e+22	2.88e-04	1.32e-01	8.68e-01
 5.02262e+22	3.13e-04	1.37e-01	8.63e-01
 5.05527e+22	3.48e-04	1.44e-01	8.56e-01
 5.07899e+22	3.59e-04	1.46e-01	8.54e-01
 5.09111e+22	3.75e-04	1.49e-01	8.51e-01
 5.10686e+22	3.93e-04	1.52e-01	8.47e-01
 5.12734e+22	4.18e-04	1.57e-01	8.43e-01
 5.15396e+22	4.56e-04	1.63e-01	8.36e-01
 5.18857e+22	5.10e-04	1.72e-01	8.28e-01
 5.22320e+22	5.53e-04	1.78e-01	8.21e-01
 5.25786e+22	6.17e-04	1.87e-01	8.12e-01
 5.29340e+22	6.75e-04	1.95e-01	8.04e-01
 5.33010e+22	7.55e-04	2.05e-01	7.94e-01
 5.36775e+22	8.29e-04	2.14e-01	7.85e-01
 5.40665e+22	9.34e-04	2.25e-01	7.74e-01
 5.44037e+22	9.97e-04	2.32e-01	7.67e-01
 5.46736e+22	1.08e-03	2.40e-01	7.59e-01
 5.49569e+22	1.16e-03	2.48e-01	7.51e-01
 5.52576e+22	1.26e-03	2.57e-01	7.42e-01
 5.55594e+22	1.35e-03	2.65e-01	7.34e-01
 5.58627e+22	1.47e-03	2.75e-01	7.24e-01
 5.61683e+22	1.58e-03	2.83e-01	7.15e-01
 5.64769e+22	1.72e-03	2.94e-01	7.05e-01
 5.67925e+22	1.86e-03	3.03e-01	6.95e-01
 5.71173e+22	2.03e-03	3.15e-01	6.83e-01
 5.74041e+22	2.14e-03	3.22e-01	6.76e-01
 5.75843e+22	2.23e-03	3.27e-01	6.71e-01
 5.77612e+22	2.34e-03	3.33e-01	6.64e-01
 5.79911e+22	2.48e-03	3.42e-01	6.56e-01
 5.82901e+22	2.71e-03	3.54e-01	6.43e-01
 5.85485e+22	2.82e-03	3.60e-01	6.37e-01
 5.87544e+22	2.99e-03	3.68e-01	6.29e-01
 5.90221e+22	3.20e-03	3.79e-01	6.18e-01
 5.93701e+22	3.52e-03	3.93e-01	6.03e-01
 5.97041e+22	3.76e-03	4.04e-01	5.93e-01
 6.00200e+22	4.07e-03	4.16e-01	5.80e-01
 6.03718e+22	4.42e-03	4.30e-01	5.66e-01
 6.07703e+22	4.90e-03	4.47e-01	5.48e-01
 6.11685e+22	5.31e-03	4.61e-01	5.34e-01
 6.15664e+22	5.86e-03	4.78e-01	5.16e-01
 6.19741e+22	6.38e-03	4.94e-01	5.00e-01
 6.23944e+22	7.10e-03	5.13e-01	4.80e-01
 6.28181e+22	7.71e-03	5.29e-01	4.64e-01
 6.32460e+22	8.61e-03	5.49e-01	4.42e-01
 6.36794e+22	9.37e-03	5.66e-01	4.25e-01
 6.41198e+22	1.05e-02	5.87e-01	4.03e-01
 6.45700e+22	1.15e-02	6.05e-01	3.84e-01
 6.49263e+22	1.23e-02	6.18e-01	3.69e-01
 6.52827e+22	1.35e-02	6.36e-01	3.51e-01
 6.56347e+22	1.44e-02	6.50e-01	3.36e-01
 6.59808e+22	1.58e-02	6.66e-01	3.18e-01
 6.63317e+22	1.70e-02	6.80e-01	3.03e-01
 6.66887e+22	1.87e-02	6.97e-01	2.84e-01
 6.70498e+22	2.03e-02	7.12e-01	2.68e-01
 6.73641e+22	2.19e-02	7.25e-01	2.53e-01
 6.77203e+22	2.41e-02	7.40e-01	2.36e-01
 6.80867e+22	2.63e-02	7.54e-01	2.20e-01
 6.84080e+22	2.85e-02	7.66e-01	2.06e-01
 6.87675e+22	3.16e-02	7.80e-01	1.89e-01
 6.91468e+22	3.48e-02	7.92e-01	1.73e-01
 6.94722e+22	3.80e-02	8.01e-01	1.61e-01
 6.97501e+22	4.09e-02	8.09e-01	1.50e-01
 7.00461e+22	4.50e-02	8.17e-01	1.38e-01
 7.03524e+22	4.92e-02	8.23e-01	1.28e-01
 7.05369e+22	5.11e-02	8.25e-01	1.24e-01
 7.06095e+22	5.22e-02	8.26e-01	1.22e-01
 7.06686e+22	5.31e-02	8.27e-01	1.20e-01
 7.07425e+22	5.45e-02	8.28e-01	1.17e-01
 7.08248e+22	5.60e-02	8.29e-01	1.15e-01
 7.09029e+22	5.74e-02	8.30e-01	1.13e-01
 7.09770e+22	5.90e-02	8.31e-01	1.10e-01
 7.10475e+22	6.03e-02	8.31e-01	1.08e-01
 7.11175e+22	6.19e-02	8.32e-01	1.06e-01
 7.11873e+22	6.33e-02	8.32e-01	1.04e-01
 7.12559e+22	6.50e-02	8.33e-01	1.02e-01
 7.13237e+22	6.65e-02	8.33e-01	1.01e-01
 7.13908e+22	6.82e-02	8.33e-01	9.88e-02
 7.14568e+22	6.98e-02	8.33e-01	9.71e-02
 7.15202e+22	7.17e-02	8.33e-01	9.54e-02
 7.15813e+22	7.32e-02	8.33e-01	9.40e-02
 7.16440e+22	7.51e-02	8.33e-01	9.23e-02
 7.17078e+22	7.69e-02	8.32e-01	9.09e-02
 7.17682e+22	7.89e-02	8.32e-01	8.94e-02
 7.18269e+22	8.07e-02	8.31e-01	8.81e-02
 7.18852e+22	8.29e-02	8.30e-01	8.67e-02
 7.19418e+22	8.46e-02	8.30e-01	8.56e-02
 7.19991e+22	8.68e-02	8.29e-01	8.43e-02
 7.20576e+22	8.91e-02	8.28e-01	8.30e-02
 7.21122e+22	9.13e-02	8.27e-01	8.19e-02
 7.21653e+22	9.35e-02	8.26e-01	8.08e-02
 7.22194e+22	9.58e-02	8.24e-01	7.98e-02
 7.22738e+22	9.82e-02	8.23e-01	7.87e-02
 7.23280e+22	1.01e-01	8.21e-01	7.78e-02
 7.23818e+22	1.03e-01	8.20e-01	7.68e-02
 7.24352e+22	1.06e-01	8.18e-01	7.60e-02
 7.24897e+22	1.09e-01	8.16e-01	7.50e-02
 7.25448e+22	1.12e-01	8.14e-01	7.40e-02
 7.25963e+22	1.14e-01	8.12e-01	7.34e-02
 7.26487e+22	1.18e-01	8.10e-01	7.25e-02
 7.27032e+22	1.21e-01	8.07e-01	7.17e-02
 7.27562e+22	1.24e-01	8.05e-01	7.10e-02
 7.28093e+22	1.28e-01	8.02e-01	7.02e-02
 7.28611e+22	1.31e-01	7.99e-01	6.96e-02
 7.29139e+22	1.35e-01	7.96e-01	6.88e-02
 7.29671e+22	1.39e-01	7.93e-01	6.83e-02
 7.30204e+22	1.43e-01	7.89e-01	6.75e-02
 7.30753e+22	1.48e-01	7.85e-01	6.69e-02
 7.31284e+22	1.52e-01	7.82e-01	6.63e-02
 7.31817e+22	1.57e-01	7.78e-01	6.57e-02
 7.32370e+22	1.62e-01	7.73e-01	6.51e-02
 7.32937e+22	1.67e-01	7.68e-01	6.45e-02
 7.33518e+22	1.73e-01	7.63e-01	6.38e-02
 7.34094e+22	1.79e-01	7.58e-01	6.33e-02
 7.34669e+22	1.85e-01	7.53e-01	6.27e-02
 7.35269e+22	1.91e-01	7.47e-01	6.21e-02
 7.35897e+22	1.99e-01	7.40e-01	6.14e-02
 7.36531e+22	2.06e-01	7.33e-01	6.07e-02
 7.37095e+22	2.13e-01	7.27e-01	6.03e-02
 7.37589e+22	2.19e-01	7.21e-01	5.97e-02
 7.38086e+22	2.25e-01	7.15e-01	5.91e-02
 7.38625e+22	2.33e-01	7.09e-01	5.84e-02
 7.39194e+22	2.41e-01	7.01e-01	5.77e-02
 7.39750e+22	2.49e-01	6.94e-01	5.70e-02
 7.40302e+22	2.57e-01	6.86e-01	5.63e-02
 7.40874e+22	2.66e-01	6.78e-01	5.56e-02
 7.41466e+22	2.75e-01	6.70e-01	5.48e-02
 7.42071e+22	2.85e-01	6.61e-01	5.39e-02
 7.42675e+22	2.95e-01	6.52e-01	5.32e-02
 7.43293e+22	3.05e-01	6.43e-01	5.22e-02
 7.43934e+22	3.16e-01	6.32e-01	5.13e-02
 7.44575e+22	3.27e-01	6.22e-01	5.03e-02
 7.45222e+22	3.39e-01	6.12e-01	4.93e-02
 7.45894e+22	3.51e-01	6.00e-01	4.83e-02
 7.46587e+22	3.64e-01	5.89e-01	4.71e-02
 7.47287e+22	3.77e-01	5.77e-01	4.60e-02
 7.47994e+22	3.91e-01	5.65e-01	4.49e-02
 7.48726e+22	4.05e-01	5.52e-01	4.36e-02
 7.49477e+22	4.19e-01	5.39e-01	4.24e-02
 7.50243e+22	4.34e-01	5.25e-01	4.11e-02
 7.51033e+22	4.49e-01	5.11e-01	3.98e-02
 7.51836e+22	4.65e-01	4.97e-01	3.84e-02
 7.52658e+22	4.81e-01	4.82e-01	3.70e-02
 7.53515e+22	4.97e-01	4.67e-01	3.56e-02
 7.54399e+22	5.14e-01	4.52e-01	3.41e-02
 7.55297e+22	5.30e-01	4.37e-01	3.26e-02
 7.56203e+22	5.47e-01	4.22e-01	3.12e-02
 7.57124e+22	5.63e-01	4.07e-01	2.98e-02
 7.58071e+22	5.79e-01	3.92e-01	2.82e-02
 7.59056e+22	5.96e-01	3.78e-01	2.67e-02
 7.60068e+22	6.12e-01	3.63e-01	2.53e-02
 7.61090e+22	6.27e-01	3.49e-01	2.38e-02
 7.62134e+22	6.43e-01	3.35e-01	2.24e-02
 7.63221e+22	6.57e-01	3.22e-01	2.11e-02
 7.64342e+22	6.72e-01	3.09e-01	1.97e-02
 7.65491e+22	6.86e-01	2.96e-01	1.84e-02
 7.66683e+22	6.99e-01	2.84e-01	1.71e-02
 7.67917e+22	7.12e-01	2.72e-01	1.59e-02
 7.69186e+22	7.25e-01	2.60e-01	1.47e-02
 7.70465e+22	7.37e-01	2.50e-01	1.36e-02
 7.71695e+22	7.47e-01	2.40e-01	1.26e-02
 7.72860e+22	7.57e-01	2.31e-01	1.17e-02
 7.73985e+22	7.66e-01	2.23e-01	1.09e-02
 7.75074e+22	7.74e-01	2.16e-01	1.02e-02
 7.76127e+22	7.81e-01	2.09e-01	9.59e-03
 7.77142e+22	7.88e-01	2.03e-01	9.01e-03
 7.78107e+22	7.95e-01	1.97e-01	8.48e-03
 7.79021e+22	8.01e-01	1.91e-01	8.00e-03
 7.79877e+22	8.06e-01	1.87e-01	7.58e-03
 7.80703e+22	8.11e-01	1.82e-01	7.17e-03
 7.81527e+22	8.16e-01	1.77e-01	6.80e-03
 7.82324e+22	8.20e-01	1.73e-01	6.46e-03
 7.83090e+22	8.25e-01	1.69e-01	6.15e-03
 7.83828e+22	8.29e-01	1.65e-01	5.85e-03
 7.84540e+22	8.33e-01	1.62e-01	5.58e-03
 7.85227e+22	8.37e-01	1.58e-01	5.32e-03
 7.85891e+22	8.40e-01	1.55e-01	5.09e-03
 7.86532e+22	8.44e-01	1.52e-01	4.87e-03
 7.87150e+22	8.47e-01	1.49e-01	4.66e-03
 7.87746e+22	8.50e-01	1.46e-01	4.46e-03
 7.88322e+22	8.53e-01	1.43e-01	4.28e-03
 7.88877e+22	8.56e-01	1.40e-01	4.11e-03
 7.89399e+22	8.58e-01	1.38e-01	3.96e-03
 7.89873e+22	8.61e-01	1.35e-01	3.82e-03
 7.90305e+22	8.63e-01	1.33e-01	3.69e-03
 7.90698e+22	8.65e-01	1.31e-01	3.57e-03
 7.91056e+22	8.67e-01	1.29e-01	3.47e-03
 7.91381e+22	8.69e-01	1.28e-01	3.38e-03
 7.91677e+22	8.70e-01	1.26e-01	3.30e-03
 7.91947e+22	8.72e-01	1.25e-01	3.22e-03
 7.92192e+22	8.73e-01	1.24e-01	3.16e-03
 7.92461e+22	8.75e-01	1.22e-01	3.07e-03
 7.92751e+22	8.76e-01	1.21e-01	3.01e-03
 7.93015e+22	8.77e-01	1.20e-01	2.94e-03
 7.93255e+22	8.78e-01	1.19e-01	2.89e-03
 7.93518e+22	8.80e-01	1.17e-01	2.82e-03
 7.93802e+22	8.81e-01	1.16e-01	2.76e-03
 7.94114e+22	8.83e-01	1.15e-01	2.68e-03
 7.94450e+22	8.84e-01	1.13e-01	2.62e-03
 7.94756e+22	8.85e-01	1.12e-01	2.56e-03
 7.95034e+22	8.87e-01	1.11e-01	2.50e-03
 7.95288e+22	8.88e-01	1.10e-01	2.46e-03
 7.95565e+22	8.89e-01	1.09e-01	2.40e-03
 7.95926e+22	8.90e-01	1.07e-01	2.33e-03
 7.96316e+22	8.92e-01	1.06e-01	2.28e-03
 7.96670e+22	8.93e-01	1.05e-01	2.22e-03
 7.96993e+22	8.94e-01	1.03e-01	2.16e-03
 7.97287e+22	8.95e-01	1.03e-01	2.12e-03
 7.97608e+22	8.97e-01	1.01e-01	2.05e-03
 7.98027e+22	8.99e-01	9.94e-02	1.99e-03
 7.98478e+22	9.00e-01	9.82e-02	1.94e-03
 7.98889e+22	9.02e-01	9.66e-02	1.88e-03
 7.99263e+22	9.03e-01	9.53e-02	1.83e-03
 7.99603e+22	9.04e-01	9.41e-02	1.78e-03
 7.99913e+22	9.05e-01	9.29e-02	1.73e-03
 8.00195e+22	9.06e-01	9.18e-02	1.69e-03
 8.00503e+22	9.08e-01	9.05e-02	1.64e-03
 8.00837e+22	9.09e-01	8.94e-02	1.60e-03
 8.01140e+22	9.10e-01	8.84e-02	1.56e-03
 8.01416e+22	9.11e-01	8.76e-02	1.53e-03
 8.01718e+22	9.12e-01	8.62e-02	1.49e-03
 8.02045e+22	9.13e-01	8.53e-02	1.45e-03
 8.02342e+22	9.14e-01	8.44e-02	1.42e-03
 8.02668e+22	9.15e-01	8.32e-02	1.38e-03
 8.03019e+22	9.16e-01	8.22e-02	1.35e-03
 8.03339e+22	9.18e-01	8.12e-02	1.31e-03
 8.03630e+22	9.18e-01	8.04e-02	1.29e-03
 8.03949e+22	9.20e-01	7.92e-02	1.25e-03
 8.04294e+22	9.21e-01	7.82e-02	1.22e-03
 8.04607e+22	9.21e-01	7.73e-02	1.19e-03
 8.04951e+22	9.23e-01	7.62e-02	1.15e-03
 8.05321e+22	9.24e-01	7.52e-02	1.13e-03
 8.05659e+22	9.25e-01	7.43e-02	1.10e-03
 8.05966e+22	9.25e-01	7.36e-02	1.08e-03
 8.06302e+22	9.26e-01	7.26e-02	1.05e-03
 8.06665e+22	9.27e-01	7.18e-02	1.02e-03
 8.06996e+22	9.28e-01	7.11e-02	1.00e-03
 8.07358e+22	9.29e-01	6.99e-02	9.71e-04
 8.07749e+22	9.30e-01	6.91e-02	9.48e-04
 8.08105e+22	9.31e-01	6.82e-02	9.23e-04
 8.08428e+22	9.32e-01	6.76e-02	9.05e-04
 8.08783e+22	9.33e-01	6.66e-02	8.78e-04
 8.09166e+22	9.33e-01	6.58e-02	8.58e-04
 8.09515e+22	9.34e-01	6.51e-02	8.40e-04
 8.09897e+22	9.35e-01	6.40e-02	8.13e-04
 8.10309e+22	9.36e-01	6.32e-02	7.93e-04
 8.10684e+22	9.37e-01	6.24e-02	7.71e-04
 8.11026e+22	9.37e-01	6.18e-02	7.56e-04
 8.11400e+22	9.38e-01	6.08e-02	7.33e-04
 8.11804e+22	9.39e-01	6.01e-02	7.16e-04
 8.12172e+22	9.40e-01	5.94e-02	7.00e-04
 8.12574e+22	9.41e-01	5.85e-02	6.77e-04
 8.13009e+22	9.42e-01	5.77e-02	6.61e-04
 8.13405e+22	9.42e-01	5.71e-02	6.45e-04
 8.13839e+22	9.43e-01	5.61e-02	6.23e-04
 8.14307e+22	9.44e-01	5.53e-02	6.06e-04
 8.14733e+22	9.45e-01	5.46e-02	5.91e-04
 8.15199e+22	9.46e-01	5.36e-02	5.70e-04
 8.15703e+22	9.47e-01	5.28e-02	5.52e-04
 8.16162e+22	9.47e-01	5.21e-02	5.39e-04
 8.16665e+22	9.48e-01	5.11e-02	5.18e-04
 8.17207e+22	9.49e-01	5.04e-02	5.04e-04
 8.17701e+22	9.50e-01	4.96e-02	4.88e-04
 8.18150e+22	9.51e-01	4.89e-02	4.75e-04
 8.18642e+22	9.52e-01	4.80e-02	4.57e-04
 8.19174e+22	9.52e-01	4.73e-02	4.45e-04
 8.19658e+22	9.53e-01	4.66e-02	4.31e-04
 8.20188e+22	9.54e-01	4.57e-02	4.15e-04
 8.20760e+22	9.55e-01	4.50e-02	4.02e-04
 8.21280e+22	9.55e-01	4.43e-02	3.91e-04
 8.21851e+22	9.56e-01	4.35e-02	3.75e-04
 8.22467e+22	9.57e-01	4.28e-02	3.64e-04
 8.23027e+22	9.58e-01	4.20e-02	3.51e-04
 8.23537e+22	9.58e-01	4.14e-02	3.41e-04
 8.24096e+22	9.59e-01	4.06e-02	3.28e-04
 8.24700e+22	9.60e-01	3.99e-02	3.17e-04
 8.25249e+22	9.60e-01	3.94e-02	3.08e-04
 8.25851e+22	9.61e-01	3.86e-02	2.96e-04
 8.26500e+22	9.62e-01	3.79e-02	2.86e-04
 8.27091e+22	9.62e-01	3.73e-02	2.77e-04
 8.27739e+22	9.63e-01	3.65e-02	2.66e-04
 8.28438e+22	9.64e-01	3.58e-02	2.56e-04
 8.29075e+22	9.65e-01	3.52e-02	2.48e-04
 8.29772e+22	9.65e-01	3.44e-02	2.37e-04
 8.30525e+22	9.66e-01	3.38e-02	2.28e-04
 8.31210e+22	9.67e-01	3.31e-02	2.20e-04
 8.31833e+22	9.67e-01	3.26e-02	2.12e-04
 8.32517e+22	9.68e-01	3.19e-02	2.03e-04
 8.33254e+22	9.69e-01	3.13e-02	1.96e-04
 8.33925e+22	9.69e-01	3.07e-02	1.89e-04
 8.34661e+22	9.70e-01	3.00e-02	1.81e-04
 8.35454e+22	9.70e-01	2.94e-02	1.74e-04
 8.36177e+22	9.71e-01	2.89e-02	1.67e-04
 8.36969e+22	9.72e-01	2.82e-02	1.60e-04
 8.37823e+22	9.72e-01	2.76e-02	1.53e-04
 8.38601e+22	9.73e-01	2.70e-02	1.47e-04
 8.39309e+22	9.73e-01	2.65e-02	1.42e-04
 8.40084e+22	9.74e-01	2.60e-02	1.36e-04
 8.40922e+22	9.74e-01	2.54e-02	1.30e-04
 8.41684e+22	9.75e-01	2.49e-02	1.25e-04
 8.42519e+22	9.76e-01	2.43e-02	1.19e-04
 8.43420e+22	9.76e-01	2.38e-02	1.14e-04
 8.44240e+22	9.77e-01	2.33e-02	1.10e-04
 8.45139e+22	9.77e-01	2.28e-02	1.05e-04
 8.46109e+22	9.78e-01	2.22e-02	9.97e-05
 8.46992e+22	9.78e-01	2.17e-02	9.53e-05
 8.47796e+22	9.79e-01	2.13e-02	9.17e-05
 8.48677e+22	9.79e-01	2.08e-02	8.76e-05
 8.49627e+22	9.80e-01	2.03e-02	8.37e-05
 8.50492e+22	9.80e-01	1.99e-02	8.01e-05
 8.51440e+22	9.81e-01	1.94e-02	7.63e-05
 8.52672e+22	9.81e-01	1.88e-02	7.14e-05
 8.54034e+22	9.82e-01	1.81e-02	6.68e-05
 8.55386e+22	9.82e-01	1.75e-02	6.25e-05
 8.56776e+22	9.83e-01	1.69e-02	5.84e-05
 8.58189e+22	9.84e-01	1.63e-02	5.45e-05
 8.59620e+22	9.84e-01	1.58e-02	5.08e-05
 8.61065e+22	9.85e-01	1.52e-02	4.74e-05
 8.62523e+22	9.85e-01	1.47e-02	4.42e-05
 8.63997e+22	9.86e-01	1.42e-02	4.11e-05
 8.65486e+22	9.86e-01	1.37e-02	3.83e-05
 8.66988e+22	9.87e-01	1.32e-02	3.57e-05
 8.68503e+22	9.87e-01	1.27e-02	3.32e-05
 8.70030e+22	9.88e-01	1.22e-02	3.09e-05
 8.71571e+22	9.88e-01	1.18e-02	2.87e-05
 8.73123e+22	9.89e-01	1.14e-02	2.67e-05
 8.74685e+22	9.89e-01	1.09e-02	2.48e-05
 8.76257e+22	9.89e-01	1.05e-02	2.30e-05
 8.77838e+22	9.90e-01	1.02e-02	2.14e-05
 8.79433e+22	9.90e-01	9.78e-03	1.98e-05
 8.81040e+22	9.91e-01	9.41e-03	1.84e-05
 8.82657e+22	9.91e-01	9.06e-03	1.71e-05
 8.84285e+22	9.91e-01	8.72e-03	1.58e-05
 8.85924e+22	9.92e-01	8.39e-03	1.47e-05
 8.87573e+22	9.92e-01	8.07e-03	1.36e-05
 8.89259e+22	9.92e-01	7.76e-03	1.26e-05
 8.90978e+22	9.93e-01	7.46e-03	1.17e-05
 8.92712e+22	9.93e-01	7.17e-03	1.08e-05
 8.94464e+22	9.93e-01	6.88e-03	9.95e-06
 8.96232e+22	9.93e-01	6.61e-03	9.19e-06
 8.98017e+22	9.94e-01	6.34e-03	8.48e-06
 8.99821e+22	9.94e-01	6.09e-03	7.82e-06
 9.01646e+22	9.94e-01	5.84e-03	7.21e-06
 9.03498e+22	9.94e-01	5.60e-03	6.63e-06
 9.05377e+22	9.95e-01	5.37e-03	6.10e-06
 9.07304e+22	9.95e-01	5.14e-03	5.60e-06
 9.09275e+22	9.95e-01	4.92e-03	5.14e-06
 9.11272e+22	9.95e-01	4.70e-03	4.71e-06
 9.13302e+22	9.95e-01	4.50e-03	4.31e-06
 9.15363e+22	9.96e-01	4.30e-03	3.94e-06
 9.17459e+22	9.96e-01	4.10e-03	3.60e-06
 9.19591e+22	9.96e-01	3.91e-03	3.28e-06
 9.21765e+22	9.96e-01	3.73e-03	2.99e-06
 9.23988e+22	9.96e-01	3.55e-03	2.71e-06
 9.25408e+22	9.96e-01	3.50e-03	2.63e-06
