#depth	O	O+	O+2	O+3	O+4	O+5	O+6	O+7	O+8	O[1]	O[2]	O[3]
 1.54284e+22	1.18e-29	3.23e-23	3.09e-18	2.56e-14	5.75e-11	5.67e-08	1.63e-04	2.61e-02	9.74e-01	0.00e+00	0.00e+00	0.00e+00
 3.54961e+22	2.80e-28	4.96e-22	3.11e-17	1.72e-13	2.54e-10	1.64e-07	3.48e-04	3.83e-02	9.61e-01	0.00e+00	0.00e+00	0.00e+00
 4.24551e+22	1.49e-27	2.11e-21	1.06e-16	4.71e-13	5.57e-10	2.85e-07	5.16e-04	4.67e-02	9.53e-01	0.00e+00	0.00e+00	0.00e+00
 4.59346e+22	3.58e-27	4.48e-21	2.00e-16	7.98e-13	8.40e-10	3.82e-07	6.32e-04	5.16e-02	9.48e-01	0.00e+00	0.00e+00	0.00e+00
 4.74277e+22	4.70e-27	5.66e-21	2.44e-16	9.41e-13	9.54e-10	4.18e-07	6.72e-04	5.33e-02	9.46e-01	0.00e+00	0.00e+00	0.00e+00
 4.81943e+22	6.47e-27	7.46e-21	3.08e-16	1.14e-12	1.11e-09	4.65e-07	7.24e-04	5.52e-02	9.44e-01	0.00e+00	0.00e+00	0.00e+00
 4.90073e+22	8.68e-27	9.62e-21	3.82e-16	1.36e-12	1.27e-09	5.13e-07	7.74e-04	5.71e-02	9.42e-01	0.00e+00	0.00e+00	0.00e+00
 4.97587e+22	1.17e-26	1.24e-20	4.75e-16	1.63e-12	1.46e-09	5.65e-07	8.28e-04	5.90e-02	9.40e-01	0.00e+00	0.00e+00	0.00e+00
 5.05007e+22	1.55e-26	1.58e-20	5.84e-16	1.94e-12	1.67e-09	6.21e-07	8.83e-04	6.09e-02	9.38e-01	0.00e+00	0.00e+00	0.00e+00
 5.11988e+22	2.04e-26	2.02e-20	7.17e-16	2.29e-12	1.90e-09	6.81e-07	9.39e-04	6.28e-02	9.36e-01	0.00e+00	0.00e+00	0.00e+00
 5.18335e+22	2.63e-26	2.51e-20	8.62e-16	2.67e-12	2.14e-09	7.40e-07	9.94e-04	6.45e-02	9.34e-01	0.00e+00	0.00e+00	0.00e+00
 5.24142e+22	3.33e-26	3.07e-20	1.02e-15	3.08e-12	2.39e-09	8.00e-07	1.05e-03	6.62e-02	9.33e-01	0.00e+00	0.00e+00	0.00e+00
 5.29565e+22	4.17e-26	3.74e-20	1.21e-15	3.53e-12	2.66e-09	8.62e-07	1.10e-03	6.78e-02	9.31e-01	0.00e+00	0.00e+00	0.00e+00
 5.35741e+22	5.59e-26	4.82e-20	1.50e-15	4.22e-12	3.06e-09	9.49e-07	1.17e-03	7.00e-02	9.29e-01	0.00e+00	0.00e+00	0.00e+00
 5.41729e+22	6.97e-26	5.83e-20	1.76e-15	4.82e-12	3.39e-09	1.02e-06	1.23e-03	7.16e-02	9.27e-01	0.00e+00	0.00e+00	0.00e+00
 5.46688e+22	8.63e-26	7.02e-20	2.06e-15	5.49e-12	3.75e-09	1.10e-06	1.29e-03	7.33e-02	9.25e-01	0.00e+00	0.00e+00	0.00e+00
 5.52351e+22	1.13e-25	8.87e-20	2.52e-15	6.47e-12	4.26e-09	1.20e-06	1.37e-03	7.54e-02	9.23e-01	0.00e+00	0.00e+00	0.00e+00
 5.57916e+22	1.41e-25	1.07e-19	2.96e-15	7.38e-12	4.72e-09	1.29e-06	1.44e-03	7.71e-02	9.21e-01	0.00e+00	0.00e+00	0.00e+00
 5.62542e+22	1.74e-25	1.29e-19	3.46e-15	8.41e-12	5.21e-09	1.38e-06	1.50e-03	7.88e-02	9.20e-01	0.00e+00	0.00e+00	0.00e+00
 5.67056e+22	2.14e-25	1.54e-19	4.02e-15	9.53e-12	5.74e-09	1.48e-06	1.57e-03	8.05e-02	9.18e-01	0.00e+00	0.00e+00	0.00e+00
 5.72238e+22	2.78e-25	1.93e-19	4.88e-15	1.12e-11	6.49e-09	1.61e-06	1.66e-03	8.27e-02	9.16e-01	0.00e+00	0.00e+00	0.00e+00
 5.77550e+22	3.48e-25	2.35e-19	5.76e-15	1.28e-11	7.21e-09	1.73e-06	1.74e-03	8.46e-02	9.14e-01	0.00e+00	0.00e+00	0.00e+00
 5.82259e+22	4.30e-25	2.82e-19	6.74e-15	1.46e-11	7.97e-09	1.86e-06	1.83e-03	8.65e-02	9.12e-01	0.00e+00	0.00e+00	0.00e+00
 5.86709e+22	5.35e-25	3.41e-19	7.91e-15	1.66e-11	8.83e-09	1.99e-06	1.91e-03	8.84e-02	9.10e-01	0.00e+00	0.00e+00	0.00e+00
 5.90836e+22	6.56e-25	4.07e-19	9.18e-15	1.88e-11	9.70e-09	2.13e-06	1.99e-03	9.02e-02	9.08e-01	0.00e+00	0.00e+00	0.00e+00
 5.95442e+22	8.40e-25	5.04e-19	1.10e-14	2.19e-11	1.09e-08	2.31e-06	2.10e-03	9.24e-02	9.06e-01	0.00e+00	0.00e+00	0.00e+00
 6.00193e+22	1.06e-24	6.15e-19	1.31e-14	2.52e-11	1.21e-08	2.49e-06	2.20e-03	9.45e-02	9.03e-01	0.00e+00	0.00e+00	0.00e+00
 6.04333e+22	1.30e-24	7.35e-19	1.52e-14	2.85e-11	1.33e-08	2.66e-06	2.30e-03	9.64e-02	9.01e-01	0.00e+00	0.00e+00	0.00e+00
 6.08916e+22	1.69e-24	9.26e-19	1.85e-14	3.35e-11	1.51e-08	2.90e-06	2.42e-03	9.89e-02	8.99e-01	0.00e+00	0.00e+00	0.00e+00
 6.13613e+22	2.14e-24	1.14e-18	2.20e-14	3.87e-11	1.69e-08	3.12e-06	2.54e-03	1.01e-01	8.96e-01	0.00e+00	0.00e+00	0.00e+00
 6.17732e+22	2.67e-24	1.38e-18	2.59e-14	4.42e-11	1.87e-08	3.35e-06	2.66e-03	1.03e-01	8.94e-01	0.00e+00	0.00e+00	0.00e+00
 6.22361e+22	3.57e-24	1.77e-18	3.21e-14	5.27e-11	2.14e-08	3.68e-06	2.82e-03	1.06e-01	8.91e-01	0.00e+00	0.00e+00	0.00e+00
 6.27054e+22	4.54e-24	2.18e-18	3.82e-14	6.10e-11	2.39e-08	3.97e-06	2.96e-03	1.09e-01	8.88e-01	0.00e+00	0.00e+00	0.00e+00
 6.31064e+22	5.63e-24	2.63e-18	4.48e-14	6.95e-11	2.64e-08	4.25e-06	3.09e-03	1.11e-01	8.86e-01	0.00e+00	0.00e+00	0.00e+00
 6.35510e+22	7.73e-24	3.46e-18	5.66e-14	8.42e-11	3.05e-08	4.70e-06	3.29e-03	1.14e-01	8.83e-01	0.00e+00	0.00e+00	0.00e+00
 6.39884e+22	9.56e-24	4.16e-18	6.62e-14	9.57e-11	3.37e-08	5.03e-06	3.43e-03	1.16e-01	8.80e-01	0.00e+00	0.00e+00	0.00e+00
 6.44164e+22	1.30e-23	5.44e-18	8.32e-14	1.15e-10	3.89e-08	5.54e-06	3.65e-03	1.20e-01	8.77e-01	0.00e+00	0.00e+00	0.00e+00
 6.48369e+22	1.60e-23	6.49e-18	9.67e-14	1.31e-10	4.27e-08	5.92e-06	3.80e-03	1.22e-01	8.74e-01	0.00e+00	0.00e+00	0.00e+00
 6.52477e+22	2.20e-23	8.58e-18	1.22e-13	1.59e-10	4.95e-08	6.53e-06	4.04e-03	1.25e-01	8.71e-01	0.00e+00	0.00e+00	0.00e+00
 6.56548e+22	2.71e-23	1.03e-17	1.43e-13	1.80e-10	5.45e-08	6.98e-06	4.21e-03	1.28e-01	8.68e-01	0.00e+00	0.00e+00	0.00e+00
 6.60570e+22	3.74e-23	1.36e-17	1.81e-13	2.18e-10	6.31e-08	7.71e-06	4.47e-03	1.31e-01	8.64e-01	0.00e+00	0.00e+00	0.00e+00
 6.64621e+22	4.69e-23	1.65e-17	2.14e-13	2.50e-10	7.00e-08	8.28e-06	4.68e-03	1.34e-01	8.61e-01	0.00e+00	0.00e+00	0.00e+00
 6.68710e+22	6.52e-23	2.20e-17	2.72e-13	3.06e-10	8.14e-08	9.17e-06	4.98e-03	1.38e-01	8.57e-01	0.00e+00	0.00e+00	0.00e+00
 6.72858e+22	8.31e-23	2.72e-17	3.26e-13	3.54e-10	9.10e-08	9.90e-06	5.22e-03	1.41e-01	8.54e-01	0.00e+00	0.00e+00	0.00e+00
 6.77085e+22	1.16e-22	3.62e-17	4.16e-13	4.32e-10	1.06e-07	1.10e-05	5.56e-03	1.45e-01	8.49e-01	0.00e+00	0.00e+00	0.00e+00
 6.81271e+22	1.49e-22	4.50e-17	5.00e-13	5.03e-10	1.19e-07	1.19e-05	5.84e-03	1.48e-01	8.46e-01	0.00e+00	0.00e+00	0.00e+00
 6.85404e+22	2.08e-22	6.02e-17	6.39e-13	6.15e-10	1.38e-07	1.32e-05	6.22e-03	1.53e-01	8.41e-01	0.00e+00	0.00e+00	0.00e+00
 6.89606e+22	2.71e-22	7.58e-17	7.77e-13	7.22e-10	1.56e-07	1.43e-05	6.54e-03	1.56e-01	8.37e-01	0.00e+00	0.00e+00	0.00e+00
 6.93897e+22	3.85e-22	1.03e-16	1.01e-12	8.91e-10	1.83e-07	1.59e-05	7.00e-03	1.61e-01	8.32e-01	0.00e+00	0.00e+00	0.00e+00
 6.98232e+22	5.06e-22	1.30e-16	1.23e-12	1.05e-09	2.08e-07	1.74e-05	7.37e-03	1.65e-01	8.28e-01	0.00e+00	0.00e+00	0.00e+00
 7.02622e+22	7.26e-22	1.78e-16	1.60e-12	1.31e-09	2.45e-07	1.94e-05	7.90e-03	1.70e-01	8.22e-01	0.00e+00	0.00e+00	0.00e+00
 7.07038e+22	9.56e-22	2.26e-16	1.97e-12	1.54e-09	2.78e-07	2.12e-05	8.33e-03	1.74e-01	8.18e-01	0.00e+00	0.00e+00	0.00e+00
 7.10847e+22	1.25e-21	2.86e-16	2.40e-12	1.82e-09	3.15e-07	2.30e-05	8.77e-03	1.78e-01	8.13e-01	0.00e+00	0.00e+00	0.00e+00
 7.15156e+22	1.77e-21	3.85e-16	3.09e-12	2.24e-09	3.69e-07	2.57e-05	9.38e-03	1.83e-01	8.08e-01	0.00e+00	0.00e+00	0.00e+00
 7.19476e+22	2.31e-21	4.85e-16	3.76e-12	2.63e-09	4.17e-07	2.79e-05	9.88e-03	1.87e-01	8.03e-01	0.00e+00	0.00e+00	0.00e+00
 7.23807e+22	3.27e-21	6.56e-16	4.85e-12	3.24e-09	4.90e-07	3.12e-05	1.06e-02	1.93e-01	7.97e-01	0.00e+00	0.00e+00	0.00e+00
 7.28177e+22	4.22e-21	8.18e-16	5.85e-12	3.78e-09	5.51e-07	3.38e-05	1.11e-02	1.97e-01	7.92e-01	0.00e+00	0.00e+00	0.00e+00
 7.32598e+22	5.95e-21	1.10e-15	7.54e-12	4.65e-09	6.46e-07	3.77e-05	1.19e-02	2.03e-01	7.85e-01	0.00e+00	0.00e+00	0.00e+00
 7.37103e+22	7.69e-21	1.38e-15	9.11e-12	5.44e-09	7.29e-07	4.09e-05	1.25e-02	2.07e-01	7.80e-01	0.00e+00	0.00e+00	0.00e+00
 7.41718e+22	1.08e-20	1.85e-15	1.17e-11	6.70e-09	8.55e-07	4.57e-05	1.34e-02	2.13e-01	7.73e-01	0.00e+00	0.00e+00	0.00e+00
 7.46450e+22	1.41e-20	2.32e-15	1.42e-11	7.85e-09	9.66e-07	4.97e-05	1.41e-02	2.18e-01	7.68e-01	0.00e+00	0.00e+00	0.00e+00
 7.51333e+22	1.98e-20	3.12e-15	1.83e-11	9.66e-09	1.13e-06	5.56e-05	1.51e-02	2.24e-01	7.60e-01	0.00e+00	0.00e+00	0.00e+00
 7.56316e+22	2.58e-20	3.93e-15	2.22e-11	1.13e-08	1.28e-06	6.06e-05	1.59e-02	2.30e-01	7.54e-01	0.00e+00	0.00e+00	0.00e+00
 7.61428e+22	3.62e-20	5.27e-15	2.85e-11	1.40e-08	1.51e-06	6.77e-05	1.70e-02	2.36e-01	7.47e-01	0.00e+00	0.00e+00	0.00e+00
 7.66577e+22	4.67e-20	6.59e-15	3.45e-11	1.63e-08	1.70e-06	7.37e-05	1.80e-02	2.41e-01	7.41e-01	0.00e+00	0.00e+00	0.00e+00
 7.71772e+22	6.48e-20	8.74e-15	4.39e-11	1.99e-08	1.99e-06	8.22e-05	1.92e-02	2.48e-01	7.33e-01	0.00e+00	0.00e+00	0.00e+00
 7.77101e+22	8.38e-20	1.09e-14	5.31e-11	2.34e-08	2.25e-06	8.96e-05	2.02e-02	2.54e-01	7.26e-01	0.00e+00	0.00e+00	0.00e+00
 7.81715e+22	1.06e-19	1.34e-14	6.32e-11	2.70e-08	2.52e-06	9.69e-05	2.13e-02	2.59e-01	7.20e-01	0.00e+00	0.00e+00	0.00e+00
 7.86827e+22	1.43e-19	1.74e-14	7.88e-11	3.24e-08	2.91e-06	1.07e-04	2.26e-02	2.65e-01	7.12e-01	0.00e+00	0.00e+00	0.00e+00
 7.92004e+22	1.80e-19	2.12e-14	9.37e-11	3.74e-08	3.26e-06	1.16e-04	2.37e-02	2.70e-01	7.06e-01	0.00e+00	0.00e+00	0.00e+00
 7.97267e+22	2.43e-19	2.75e-14	1.17e-10	4.50e-08	3.77e-06	1.28e-04	2.52e-02	2.77e-01	6.97e-01	0.00e+00	0.00e+00	0.00e+00
 8.02611e+22	3.04e-19	3.35e-14	1.38e-10	5.18e-08	4.20e-06	1.39e-04	2.65e-02	2.82e-01	6.91e-01	0.00e+00	0.00e+00	0.00e+00
 8.07296e+22	3.80e-19	4.06e-14	1.63e-10	5.94e-08	4.68e-06	1.50e-04	2.77e-02	2.88e-01	6.84e-01	0.00e+00	0.00e+00	0.00e+00
 8.12623e+22	5.07e-19	5.21e-14	2.02e-10	7.10e-08	5.40e-06	1.65e-04	2.95e-02	2.95e-01	6.76e-01	0.00e+00	0.00e+00	0.00e+00
 8.17927e+22	6.20e-19	6.21e-14	2.34e-10	8.05e-08	5.96e-06	1.77e-04	3.07e-02	2.99e-01	6.70e-01	0.00e+00	0.00e+00	0.00e+00
 8.23200e+22	8.17e-19	7.89e-14	2.88e-10	9.55e-08	6.82e-06	1.95e-04	3.26e-02	3.06e-01	6.61e-01	0.00e+00	0.00e+00	0.00e+00
 8.28577e+22	1.00e-18	9.42e-14	3.35e-10	1.08e-07	7.54e-06	2.09e-04	3.40e-02	3.11e-01	6.54e-01	0.00e+00	0.00e+00	0.00e+00
 8.34088e+22	1.32e-18	1.20e-13	4.11e-10	1.29e-07	8.64e-06	2.31e-04	3.61e-02	3.18e-01	6.46e-01	0.00e+00	0.00e+00	0.00e+00
 8.39703e+22	1.62e-18	1.43e-13	4.79e-10	1.46e-07	9.57e-06	2.48e-04	3.77e-02	3.23e-01	6.39e-01	0.00e+00	0.00e+00	0.00e+00
 8.45454e+22	2.14e-18	1.82e-13	5.89e-10	1.74e-07	1.10e-05	2.73e-04	4.00e-02	3.30e-01	6.29e-01	0.00e+00	0.00e+00	0.00e+00
 8.51310e+22	2.63e-18	2.18e-13	6.88e-10	1.98e-07	1.22e-05	2.94e-04	4.18e-02	3.36e-01	6.22e-01	0.00e+00	0.00e+00	0.00e+00
 8.57304e+22	3.46e-18	2.77e-13	8.45e-10	2.36e-07	1.40e-05	3.24e-04	4.43e-02	3.43e-01	6.12e-01	0.00e+00	0.00e+00	0.00e+00
 8.63164e+22	4.16e-18	3.25e-13	9.68e-10	2.64e-07	1.53e-05	3.46e-04	4.60e-02	3.48e-01	6.06e-01	0.00e+00	0.00e+00	0.00e+00
 8.68847e+22	5.40e-18	4.08e-13	1.18e-09	3.11e-07	1.74e-05	3.79e-04	4.87e-02	3.55e-01	5.96e-01	0.00e+00	0.00e+00	0.00e+00
 8.74617e+22	6.48e-18	4.78e-13	1.35e-09	3.49e-07	1.91e-05	4.04e-04	5.06e-02	3.59e-01	5.89e-01	0.00e+00	0.00e+00	0.00e+00
 8.80497e+22	8.33e-18	5.95e-13	1.63e-09	4.09e-07	2.17e-05	4.42e-04	5.34e-02	3.66e-01	5.80e-01	0.00e+00	0.00e+00	0.00e+00
 8.86559e+22	1.02e-17	7.09e-13	1.89e-09	4.64e-07	2.40e-05	4.75e-04	5.57e-02	3.71e-01	5.72e-01	0.00e+00	0.00e+00	0.00e+00
 8.92856e+22	1.31e-17	8.82e-13	2.28e-09	5.43e-07	2.72e-05	5.20e-04	5.87e-02	3.78e-01	5.63e-01	0.00e+00	0.00e+00	0.00e+00
 8.99355e+22	1.62e-17	1.06e-12	2.68e-09	6.21e-07	3.03e-05	5.60e-04	6.14e-02	3.84e-01	5.54e-01	0.00e+00	0.00e+00	0.00e+00
 9.06119e+22	2.10e-17	1.33e-12	3.25e-09	7.31e-07	3.45e-05	6.14e-04	6.48e-02	3.91e-01	5.44e-01	0.00e+00	0.00e+00	0.00e+00
 9.13060e+22	2.61e-17	1.61e-12	3.83e-09	8.38e-07	3.85e-05	6.64e-04	6.79e-02	3.96e-01	5.35e-01	2.61e-17	6.44e-28	6.85e-28
 9.20233e+22	3.40e-17	2.03e-12	4.67e-09	9.91e-07	4.40e-05	7.30e-04	7.17e-02	4.03e-01	5.24e-01	3.40e-17	6.24e-26	7.86e-26
 9.27634e+22	4.26e-17	2.47e-12	5.53e-09	1.14e-06	4.92e-05	7.90e-04	7.52e-02	4.09e-01	5.15e-01	4.26e-17	7.82e-26	9.84e-26
 9.35331e+22	5.62e-17	3.14e-12	6.80e-09	1.36e-06	5.66e-05	8.72e-04	7.96e-02	4.16e-01	5.04e-01	5.62e-17	1.03e-25	1.30e-25
 9.43286e+22	7.11e-17	3.85e-12	8.11e-09	1.58e-06	6.36e-05	9.48e-04	8.35e-02	4.22e-01	4.94e-01	7.11e-17	1.30e-25	1.64e-25
 9.50472e+22	8.92e-17	4.69e-12	9.61e-09	1.82e-06	7.13e-05	1.03e-03	8.75e-02	4.27e-01	4.84e-01	8.92e-17	1.63e-25	2.06e-25
 9.58711e+22	1.19e-16	6.02e-12	1.19e-08	2.17e-06	8.22e-05	1.14e-03	9.27e-02	4.34e-01	4.72e-01	1.19e-16	2.17e-25	2.74e-25
 9.67126e+22	1.50e-16	7.40e-12	1.42e-08	2.52e-06	9.26e-05	1.24e-03	9.73e-02	4.40e-01	4.61e-01	1.50e-16	2.76e-25	3.47e-25
 9.74635e+22	1.88e-16	9.00e-12	1.68e-08	2.90e-06	1.04e-04	1.34e-03	1.02e-01	4.45e-01	4.52e-01	1.88e-16	3.45e-25	4.35e-25
 9.83263e+22	2.56e-16	1.18e-11	2.12e-08	3.52e-06	1.21e-04	1.49e-03	1.08e-01	4.52e-01	4.38e-01	2.56e-16	4.69e-25	5.90e-25
 9.91954e+22	3.20e-16	1.43e-11	2.50e-08	4.05e-06	1.35e-04	1.61e-03	1.13e-01	4.57e-01	4.28e-01	3.20e-16	5.87e-25	7.38e-25
 1.00073e+23	4.35e-16	1.87e-11	3.15e-08	4.92e-06	1.58e-04	1.80e-03	1.20e-01	4.63e-01	4.15e-01	4.35e-16	7.97e-25	1.00e-24
 1.00961e+23	5.50e-16	2.29e-11	3.75e-08	5.70e-06	1.78e-04	1.95e-03	1.26e-01	4.68e-01	4.04e-01	5.50e-16	1.01e-24	1.27e-24
 1.01863e+23	7.48e-16	3.00e-11	4.73e-08	6.92e-06	2.08e-04	2.18e-03	1.34e-01	4.74e-01	3.90e-01	7.48e-16	1.37e-24	1.73e-24
 1.02726e+23	9.23e-16	3.60e-11	5.54e-08	7.90e-06	2.31e-04	2.34e-03	1.39e-01	4.77e-01	3.81e-01	9.23e-16	1.69e-24	2.13e-24
 1.03537e+23	1.22e-15	4.58e-11	6.82e-08	9.42e-06	2.66e-04	2.59e-03	1.47e-01	4.82e-01	3.68e-01	1.22e-15	2.23e-24	2.81e-24
 1.04354e+23	1.50e-15	5.50e-11	7.98e-08	1.08e-05	2.96e-04	2.79e-03	1.53e-01	4.85e-01	3.58e-01	1.50e-15	2.75e-24	3.46e-24
 1.05178e+23	1.99e-15	7.02e-11	9.86e-08	1.29e-05	3.42e-04	3.08e-03	1.62e-01	4.89e-01	3.45e-01	1.99e-15	3.64e-24	4.58e-24
 1.06011e+23	2.46e-15	8.46e-11	1.16e-07	1.47e-05	3.81e-04	3.33e-03	1.68e-01	4.92e-01	3.36e-01	2.46e-15	4.51e-24	5.68e-24
 1.06854e+23	3.27e-15	1.08e-10	1.44e-07	1.77e-05	4.42e-04	3.69e-03	1.78e-01	4.96e-01	3.22e-01	3.27e-15	5.99e-24	7.54e-24
 1.07709e+23	4.07e-15	1.31e-10	1.69e-07	2.04e-05	4.95e-04	3.99e-03	1.85e-01	4.98e-01	3.12e-01	4.07e-15	7.46e-24	9.37e-24
 1.08577e+23	5.41e-15	1.68e-10	2.10e-07	2.45e-05	5.76e-04	4.43e-03	1.96e-01	5.00e-01	2.99e-01	5.41e-15	9.92e-24	1.25e-23
 1.09462e+23	6.79e-15	2.05e-10	2.50e-07	2.84e-05	6.49e-04	4.82e-03	2.04e-01	5.02e-01	2.88e-01	6.79e-15	1.24e-23	1.56e-23
 1.10369e+23	9.10e-15	2.65e-10	3.12e-07	3.44e-05	7.60e-04	5.38e-03	2.16e-01	5.03e-01	2.74e-01	9.10e-15	1.67e-23	2.10e-23
 1.11291e+23	1.15e-14	3.24e-10	3.72e-07	4.00e-05	8.61e-04	5.87e-03	2.26e-01	5.04e-01	2.63e-01	1.15e-14	2.10e-23	2.64e-23
 1.12234e+23	1.54e-14	4.19e-10	4.67e-07	4.87e-05	1.01e-03	6.58e-03	2.39e-01	5.04e-01	2.49e-01	1.54e-14	2.82e-23	3.55e-23
 1.13190e+23	1.94e-14	5.13e-10	5.58e-07	5.69e-05	1.15e-03	7.20e-03	2.50e-01	5.04e-01	2.38e-01	1.94e-14	3.55e-23	4.47e-23
 1.14132e+23	2.55e-14	6.53e-10	6.92e-07	6.86e-05	1.35e-03	8.04e-03	2.64e-01	5.02e-01	2.25e-01	2.55e-14	4.69e-23	5.89e-23
 1.15032e+23	3.11e-14	7.77e-10	8.08e-07	7.86e-05	1.51e-03	8.71e-03	2.74e-01	5.01e-01	2.15e-01	3.11e-14	5.71e-23	7.18e-23
 1.15909e+23	4.00e-14	9.70e-10	9.85e-07	9.38e-05	1.75e-03	9.68e-03	2.88e-01	4.98e-01	2.03e-01	4.00e-14	7.35e-23	9.23e-23
 1.16803e+23	4.87e-14	1.15e-09	1.15e-06	1.08e-04	1.97e-03	1.05e-02	2.99e-01	4.95e-01	1.93e-01	4.87e-14	8.95e-23	1.12e-22
 1.17672e+23	6.10e-14	1.41e-09	1.38e-06	1.27e-04	2.27e-03	1.16e-02	3.13e-01	4.92e-01	1.82e-01	6.10e-14	1.12e-22	1.41e-22
 1.18560e+23	7.39e-14	1.67e-09	1.61e-06	1.46e-04	2.56e-03	1.26e-02	3.25e-01	4.88e-01	1.72e-01	7.39e-14	1.36e-22	1.71e-22
 1.19425e+23	9.02e-14	1.99e-09	1.90e-06	1.69e-04	2.91e-03	1.39e-02	3.38e-01	4.83e-01	1.62e-01	9.02e-14	1.66e-22	2.08e-22
 1.20307e+23	1.09e-13	2.35e-09	2.21e-06	1.95e-04	3.28e-03	1.51e-02	3.51e-01	4.77e-01	1.53e-01	1.09e-13	2.00e-22	2.50e-22
 1.21184e+23	1.30e-13	2.77e-09	2.58e-06	2.24e-04	3.71e-03	1.65e-02	3.65e-01	4.71e-01	1.44e-01	1.30e-13	2.39e-22	3.00e-22
 1.22064e+23	1.54e-13	3.22e-09	2.98e-06	2.57e-04	4.18e-03	1.80e-02	3.78e-01	4.65e-01	1.35e-01	1.54e-13	2.84e-22	3.56e-22
 1.22935e+23	1.81e-13	3.73e-09	3.43e-06	2.93e-04	4.69e-03	1.96e-02	3.91e-01	4.58e-01	1.27e-01	1.81e-13	3.33e-22	4.18e-22
 1.23804e+23	2.11e-13	4.29e-09	3.93e-06	3.33e-04	5.25e-03	2.13e-02	4.04e-01	4.50e-01	1.19e-01	2.11e-13	3.89e-22	4.88e-22
 1.24676e+23	2.44e-13	4.91e-09	4.48e-06	3.78e-04	5.87e-03	2.31e-02	4.17e-01	4.43e-01	1.11e-01	2.44e-13	4.50e-22	5.65e-22
 1.25553e+23	2.81e-13	5.59e-09	5.09e-06	4.27e-04	6.54e-03	2.50e-02	4.30e-01	4.34e-01	1.04e-01	2.81e-13	5.18e-22	6.49e-22
 1.26435e+23	3.21e-13	6.33e-09	5.77e-06	4.82e-04	7.28e-03	2.71e-02	4.43e-01	4.26e-01	9.69e-02	3.21e-13	5.92e-22	7.42e-22
 1.27327e+23	3.65e-13	7.14e-09	6.51e-06	5.44e-04	8.09e-03	2.93e-02	4.55e-01	4.16e-01	9.03e-02	3.65e-13	6.73e-22	8.43e-22
 1.28230e+23	4.12e-13	8.03e-09	7.34e-06	6.12e-04	8.98e-03	3.17e-02	4.68e-01	4.07e-01	8.40e-02	4.12e-13	7.61e-22	9.54e-22
 1.29137e+23	4.63e-13	8.97e-09	8.23e-06	6.86e-04	9.93e-03	3.42e-02	4.80e-01	3.97e-01	7.81e-02	4.63e-13	8.55e-22	1.07e-21
 1.30060e+23	5.18e-13	1.00e-08	9.24e-06	7.70e-04	1.10e-02	3.69e-02	4.92e-01	3.87e-01	7.23e-02	5.18e-13	9.58e-22	1.20e-21
 1.30994e+23	5.76e-13	1.11e-08	1.03e-05	8.61e-04	1.21e-02	3.97e-02	5.03e-01	3.77e-01	6.70e-02	5.76e-13	1.07e-21	1.33e-21
 1.31948e+23	6.39e-13	1.23e-08	1.16e-05	9.66e-04	1.34e-02	4.29e-02	5.15e-01	3.66e-01	6.18e-02	6.39e-13	1.18e-21	1.48e-21
 1.32835e+23	6.96e-13	1.34e-08	1.27e-05	1.06e-03	1.45e-02	4.55e-02	5.24e-01	3.57e-01	5.78e-02	6.96e-13	1.29e-21	1.61e-21
 1.33750e+23	7.69e-13	1.49e-08	1.42e-05	1.19e-03	1.60e-02	4.91e-02	5.35e-01	3.45e-01	5.30e-02	7.69e-13	1.43e-21	1.78e-21
 1.34682e+23	8.34e-13	1.62e-08	1.55e-05	1.30e-03	1.73e-02	5.21e-02	5.44e-01	3.36e-01	4.94e-02	8.34e-13	1.55e-21	1.94e-21
 1.35637e+23	9.15e-13	1.79e-08	1.74e-05	1.47e-03	1.91e-02	5.63e-02	5.54e-01	3.24e-01	4.50e-02	9.15e-13	1.70e-21	2.13e-21
 1.36593e+23	9.92e-13	1.94e-08	1.90e-05	1.60e-03	2.05e-02	5.95e-02	5.62e-01	3.15e-01	4.20e-02	9.92e-13	1.85e-21	2.31e-21
 1.37551e+23	1.08e-12	2.14e-08	2.12e-05	1.80e-03	2.25e-02	6.40e-02	5.71e-01	3.02e-01	3.82e-02	1.08e-12	2.02e-21	2.52e-21
 1.38516e+23	1.17e-12	2.32e-08	2.32e-05	1.96e-03	2.42e-02	6.75e-02	5.77e-01	2.93e-01	3.56e-02	1.17e-12	2.18e-21	2.72e-21
 1.39491e+23	1.27e-12	2.55e-08	2.58e-05	2.19e-03	2.64e-02	7.24e-02	5.85e-01	2.81e-01	3.23e-02	1.27e-12	2.38e-21	2.97e-21
 1.40474e+23	1.37e-12	2.76e-08	2.82e-05	2.40e-03	2.83e-02	7.62e-02	5.91e-01	2.72e-01	3.00e-02	1.37e-12	2.57e-21	3.20e-21
 1.41470e+23	1.50e-12	3.04e-08	3.15e-05	2.68e-03	3.09e-02	8.16e-02	5.97e-01	2.60e-01	2.71e-02	1.50e-12	2.80e-21	3.49e-21
 1.42478e+23	1.61e-12	3.30e-08	3.44e-05	2.92e-03	3.30e-02	8.58e-02	6.02e-01	2.51e-01	2.51e-02	1.61e-12	3.02e-21	3.76e-21
 1.43503e+23	1.76e-12	3.64e-08	3.85e-05	3.27e-03	3.59e-02	9.16e-02	6.07e-01	2.40e-01	2.26e-02	1.76e-12	3.30e-21	4.11e-21
 1.44546e+23	1.90e-12	3.96e-08	4.22e-05	3.58e-03	3.84e-02	9.63e-02	6.10e-01	2.30e-01	2.08e-02	1.90e-12	3.57e-21	4.45e-21
 1.45614e+23	2.08e-12	4.40e-08	4.74e-05	4.01e-03	4.17e-02	1.03e-01	6.14e-01	2.19e-01	1.87e-02	2.08e-12	3.91e-21	4.88e-21
 1.46706e+23	2.26e-12	4.82e-08	5.23e-05	4.40e-03	4.46e-02	1.08e-01	6.16e-01	2.10e-01	1.71e-02	2.26e-12	4.26e-21	5.31e-21
 1.47828e+23	2.49e-12	5.39e-08	5.91e-05	4.95e-03	4.85e-02	1.15e-01	6.18e-01	1.98e-01	1.53e-02	2.49e-12	4.70e-21	5.86e-21
 1.48975e+23	2.73e-12	5.96e-08	6.55e-05	5.45e-03	5.18e-02	1.21e-01	6.19e-01	1.89e-01	1.39e-02	2.73e-12	5.16e-21	6.43e-21
 1.49940e+23	2.95e-12	6.49e-08	7.17e-05	5.92e-03	5.48e-02	1.26e-01	6.19e-01	1.82e-01	1.28e-02	2.95e-12	5.58e-21	6.95e-21
 1.50982e+23	3.25e-12	7.24e-08	8.05e-05	6.59e-03	5.89e-02	1.33e-01	6.18e-01	1.72e-01	1.15e-02	3.25e-12	6.16e-21	7.67e-21
 1.51999e+23	3.51e-12	7.89e-08	8.78e-05	7.12e-03	6.21e-02	1.38e-01	6.17e-01	1.65e-01	1.06e-02	3.51e-12	6.67e-21	8.31e-21
 1.52981e+23	3.83e-12	8.75e-08	9.79e-05	7.86e-03	6.63e-02	1.45e-01	6.15e-01	1.56e-01	9.55e-03	3.83e-12	7.31e-21	9.09e-21
 1.53973e+23	4.19e-12	9.61e-08	1.07e-04	8.50e-03	6.97e-02	1.50e-01	6.13e-01	1.50e-01	8.82e-03	4.19e-12	8.00e-21	9.96e-21
 1.54977e+23	4.63e-12	1.07e-07	1.20e-04	9.39e-03	7.43e-02	1.57e-01	6.10e-01	1.42e-01	7.92e-03	4.63e-12	8.85e-21	1.10e-20
 1.55996e+23	5.08e-12	1.19e-07	1.32e-04	1.02e-02	7.82e-02	1.62e-01	6.07e-01	1.35e-01	7.28e-03	5.08e-12	9.75e-21	1.21e-20
 1.57033e+23	5.66e-12	1.34e-07	1.49e-04	1.12e-02	8.33e-02	1.70e-01	6.02e-01	1.27e-01	6.50e-03	5.66e-12	1.09e-20	1.35e-20
 1.58085e+23	6.27e-12	1.48e-07	1.64e-04	1.22e-02	8.76e-02	1.75e-01	5.97e-01	1.22e-01	5.96e-03	6.27e-12	1.21e-20	1.50e-20
 1.59157e+23	7.04e-12	1.69e-07	1.86e-04	1.35e-02	9.33e-02	1.83e-01	5.91e-01	1.14e-01	5.30e-03	7.04e-12	1.36e-20	1.69e-20
 1.60248e+23	7.86e-12	1.89e-07	2.06e-04	1.47e-02	9.81e-02	1.89e-01	5.85e-01	1.08e-01	4.83e-03	7.86e-12	1.52e-20	1.89e-20
 1.61362e+23	8.96e-12	2.17e-07	2.35e-04	1.63e-02	1.04e-01	1.97e-01	5.77e-01	1.01e-01	4.27e-03	8.96e-12	1.74e-20	2.16e-20
 1.62505e+23	1.01e-11	2.46e-07	2.62e-04	1.78e-02	1.10e-01	2.03e-01	5.70e-01	9.55e-02	3.86e-03	1.01e-11	1.97e-20	2.45e-20
 1.63683e+23	1.17e-11	2.86e-07	3.01e-04	1.98e-02	1.17e-01	2.11e-01	5.60e-01	8.85e-02	3.38e-03	1.17e-11	2.29e-20	2.84e-20
 1.64890e+23	1.33e-11	3.26e-07	3.38e-04	2.16e-02	1.23e-01	2.17e-01	5.51e-01	8.33e-02	3.04e-03	1.33e-11	2.62e-20	3.25e-20
 1.66132e+23	1.57e-11	3.86e-07	3.92e-04	2.42e-02	1.31e-01	2.25e-01	5.39e-01	7.67e-02	2.64e-03	1.57e-11	3.10e-20	3.84e-20
 1.67389e+23	1.82e-11	4.44e-07	4.42e-04	2.65e-02	1.38e-01	2.31e-01	5.29e-01	7.19e-02	2.36e-03	1.82e-11	3.60e-20	4.46e-20
 1.68664e+23	2.16e-11	5.29e-07	5.15e-04	2.96e-02	1.47e-01	2.40e-01	5.16e-01	6.58e-02	2.04e-03	2.16e-11	4.30e-20	5.32e-20
 1.69952e+23	2.52e-11	6.12e-07	5.82e-04	3.24e-02	1.54e-01	2.45e-01	5.04e-01	6.15e-02	1.82e-03	2.52e-11	5.04e-20	6.23e-20
 1.71257e+23	3.04e-11	7.36e-07	6.80e-04	3.62e-02	1.64e-01	2.53e-01	4.89e-01	5.60e-02	1.55e-03	3.04e-11	6.11e-20	7.55e-20
 1.72584e+23	3.59e-11	8.59e-07	7.72e-04	3.96e-02	1.72e-01	2.58e-01	4.76e-01	5.20e-02	1.38e-03	3.59e-11	7.24e-20	8.94e-20
 1.73754e+23	4.19e-11	9.97e-07	8.72e-04	4.32e-02	1.80e-01	2.63e-01	4.64e-01	4.82e-02	1.22e-03	4.19e-11	8.50e-20	1.05e-19
 1.75088e+23	5.16e-11	1.21e-06	1.02e-03	4.81e-02	1.90e-01	2.69e-01	4.47e-01	4.37e-02	1.04e-03	5.16e-11	1.05e-19	1.30e-19
 1.76448e+23	6.11e-11	1.42e-06	1.16e-03	5.26e-02	1.99e-01	2.74e-01	4.33e-01	4.02e-02	9.06e-04	6.11e-11	1.25e-19	1.55e-19
 1.77552e+23	7.10e-11	1.63e-06	1.30e-03	5.66e-02	2.06e-01	2.77e-01	4.20e-01	3.74e-02	8.08e-04	7.10e-11	1.46e-19	1.81e-19
 1.78698e+23	8.52e-11	1.92e-06	1.47e-03	6.18e-02	2.15e-01	2.81e-01	4.06e-01	3.43e-02	7.06e-04	8.52e-11	1.77e-19	2.18e-19
 1.79904e+23	1.00e-10	2.22e-06	1.65e-03	6.67e-02	2.23e-01	2.84e-01	3.92e-01	3.17e-02	6.24e-04	1.00e-10	2.09e-19	2.58e-19
 1.81011e+23	1.18e-10	2.56e-06	1.85e-03	7.18e-02	2.31e-01	2.86e-01	3.79e-01	2.93e-02	5.52e-04	1.18e-10	2.47e-19	3.05e-19
 1.82272e+23	1.45e-10	3.08e-06	2.13e-03	7.87e-02	2.41e-01	2.89e-01	3.62e-01	2.65e-02	4.72e-04	1.45e-10	3.07e-19	3.78e-19
 1.83568e+23	1.74e-10	3.61e-06	2.41e-03	8.52e-02	2.50e-01	2.90e-01	3.48e-01	2.42e-02	4.09e-04	1.74e-10	3.70e-19	4.54e-19
 1.84705e+23	2.06e-10	4.18e-06	2.69e-03	9.15e-02	2.58e-01	2.91e-01	3.34e-01	2.22e-02	3.60e-04	2.06e-10	4.41e-19	5.42e-19
 1.85982e+23	2.56e-10	5.01e-06	3.09e-03	9.99e-02	2.67e-01	2.92e-01	3.18e-01	2.00e-02	3.06e-04	2.56e-10	5.52e-19	6.78e-19
 1.87322e+23	3.11e-10	5.92e-06	3.51e-03	1.08e-01	2.76e-01	2.92e-01	3.02e-01	1.80e-02	2.62e-04	3.11e-10	6.75e-19	8.29e-19
 1.88536e+23	3.73e-10	6.91e-06	3.93e-03	1.16e-01	2.84e-01	2.91e-01	2.88e-01	1.64e-02	2.28e-04	3.73e-10	8.18e-19	1.00e-18
 1.89906e+23	4.73e-10	8.39e-06	4.54e-03	1.27e-01	2.94e-01	2.89e-01	2.71e-01	1.45e-02	1.90e-04	4.73e-10	1.05e-18	1.28e-18
 1.91320e+23	5.81e-10	9.95e-06	5.15e-03	1.36e-01	3.02e-01	2.87e-01	2.56e-01	1.30e-02	1.61e-04	5.81e-10	1.30e-18	1.59e-18
 1.92580e+23	7.07e-10	1.17e-05	5.78e-03	1.46e-01	3.09e-01	2.85e-01	2.42e-01	1.17e-02	1.38e-04	7.07e-10	1.59e-18	1.95e-18
 1.94005e+23	9.05e-10	1.42e-05	6.67e-03	1.59e-01	3.18e-01	2.81e-01	2.25e-01	1.02e-02	1.13e-04	9.05e-10	2.06e-18	2.52e-18
 1.95486e+23	1.13e-09	1.70e-05	7.57e-03	1.71e-01	3.25e-01	2.76e-01	2.10e-01	9.01e-03	9.45e-05	1.13e-09	2.60e-18	3.17e-18
 1.96819e+23	1.39e-09	2.00e-05	8.51e-03	1.83e-01	3.32e-01	2.72e-01	1.97e-01	8.00e-03	7.97e-05	1.39e-09	3.23e-18	3.95e-18
 1.98331e+23	1.82e-09	2.46e-05	9.87e-03	1.98e-01	3.39e-01	2.65e-01	1.81e-01	6.85e-03	6.38e-05	1.82e-09	4.29e-18	5.23e-18
 1.99888e+23	2.28e-09	2.94e-05	1.12e-02	2.12e-01	3.44e-01	2.59e-01	1.67e-01	5.99e-03	5.27e-05	2.28e-09	5.44e-18	6.63e-18
 2.01289e+23	2.84e-09	3.48e-05	1.26e-02	2.26e-01	3.49e-01	2.52e-01	1.55e-01	5.24e-03	4.36e-05	2.84e-09	6.88e-18	8.37e-18
 2.02895e+23	3.79e-09	4.32e-05	1.46e-02	2.45e-01	3.54e-01	2.43e-01	1.40e-01	4.39e-03	3.40e-05	3.79e-09	9.32e-18	1.13e-17
 2.04517e+23	4.77e-09	5.15e-05	1.64e-02	2.60e-01	3.56e-01	2.35e-01	1.28e-01	3.79e-03	2.77e-05	4.77e-09	1.19e-17	1.44e-17
 2.06159e+23	6.36e-09	6.37e-05	1.90e-02	2.80e-01	3.59e-01	2.24e-01	1.15e-01	3.16e-03	2.14e-05	6.36e-09	1.62e-17	1.96e-17
 2.07827e+23	8.07e-09	7.60e-05	2.13e-02	2.96e-01	3.60e-01	2.15e-01	1.04e-01	2.70e-03	1.72e-05	8.07e-09	2.08e-17	2.52e-17
 2.09307e+23	1.02e-08	9.01e-05	2.39e-02	3.12e-01	3.60e-01	2.06e-01	9.47e-02	2.31e-03	1.39e-05	1.02e-08	2.67e-17	3.23e-17
 2.11007e+23	1.38e-08	1.12e-04	2.76e-02	3.34e-01	3.59e-01	1.94e-01	8.33e-02	1.87e-03	1.04e-05	1.38e-08	3.68e-17	4.45e-17
 2.12732e+23	1.75e-08	1.33e-04	3.08e-02	3.51e-01	3.57e-01	1.85e-01	7.50e-02	1.58e-03	8.30e-06	1.75e-08	4.75e-17	5.74e-17
 2.14488e+23	2.37e-08	1.66e-04	3.55e-02	3.73e-01	3.53e-01	1.72e-01	6.52e-02	1.27e-03	6.13e-06	2.37e-08	6.62e-17	7.99e-17
 2.16265e+23	3.02e-08	1.96e-04	3.96e-02	3.90e-01	3.49e-01	1.62e-01	5.81e-02	1.06e-03	4.81e-06	3.02e-08	8.59e-17	1.04e-16
 2.18069e+23	4.12e-08	2.44e-04	4.54e-02	4.12e-01	3.42e-01	1.50e-01	4.99e-02	8.36e-04	3.49e-06	4.12e-08	1.20e-16	1.45e-16
 2.19897e+23	5.27e-08	2.90e-04	5.05e-02	4.29e-01	3.36e-01	1.40e-01	4.41e-02	6.90e-04	2.70e-06	5.27e-08	1.57e-16	1.89e-16
 2.21485e+23	6.66e-08	3.41e-04	5.57e-02	4.45e-01	3.29e-01	1.30e-01	3.90e-02	5.73e-04	2.10e-06	6.66e-08	2.03e-16	2.44e-16
 2.23277e+23	9.02e-08	4.20e-04	6.33e-02	4.64e-01	3.20e-01	1.19e-01	3.32e-02	4.47e-04	1.51e-06	9.02e-08	2.83e-16	3.40e-16
 2.24988e+23	1.11e-07	4.84e-04	6.88e-02	4.77e-01	3.12e-01	1.11e-01	2.96e-02	3.77e-04	1.20e-06	1.11e-07	3.54e-16	4.25e-16
 2.26592e+23	1.44e-07	5.79e-04	7.66e-02	4.93e-01	3.02e-01	1.02e-01	2.55e-02	3.01e-04	8.91e-07	1.44e-07	4.74e-16	5.69e-16
 2.28202e+23	1.77e-07	6.65e-04	8.31e-02	5.04e-01	2.94e-01	9.48e-02	2.26e-02	2.51e-04	7.03e-07	1.77e-07	5.94e-16	7.12e-16
 2.29818e+23	2.29e-07	7.92e-04	9.19e-02	5.18e-01	2.83e-01	8.63e-02	1.94e-02	2.00e-04	5.18e-07	2.29e-07	7.92e-16	9.49e-16
 2.31476e+23	2.84e-07	9.15e-04	9.99e-02	5.29e-01	2.74e-01	7.95e-02	1.70e-02	1.64e-04	4.00e-07	2.84e-07	1.01e-15	1.20e-15
 2.32964e+23	3.50e-07	1.05e-03	1.08e-01	5.38e-01	2.64e-01	7.32e-02	1.49e-02	1.35e-04	3.09e-07	3.50e-07	1.27e-15	1.52e-15
 2.34675e+23	4.57e-07	1.26e-03	1.19e-01	5.49e-01	2.52e-01	6.57e-02	1.26e-02	1.05e-04	2.22e-07	4.57e-07	1.71e-15	2.05e-15
 2.36405e+23	5.67e-07	1.45e-03	1.29e-01	5.57e-01	2.41e-01	5.99e-02	1.09e-02	8.49e-05	1.68e-07	5.67e-07	2.18e-15	2.60e-15
 2.38160e+23	7.35e-07	1.72e-03	1.42e-01	5.65e-01	2.29e-01	5.34e-02	9.14e-03	6.56e-05	0.00e+00	7.35e-07	2.93e-15	3.49e-15
 2.39868e+23	8.98e-07	1.96e-03	1.53e-01	5.70e-01	2.19e-01	4.87e-02	7.95e-03	5.34e-05	0.00e+00	8.98e-07	3.67e-15	4.37e-15
 2.41216e+23	1.07e-06	2.20e-03	1.62e-01	5.74e-01	2.10e-01	4.50e-02	7.03e-03	4.47e-05	0.00e+00	1.07e-06	4.46e-15	5.31e-15
 2.42667e+23	1.32e-06	2.52e-03	1.74e-01	5.77e-01	2.00e-01	4.06e-02	6.04e-03	3.58e-05	0.00e+00	1.32e-06	5.67e-15	6.75e-15
 2.44160e+23	1.57e-06	2.83e-03	1.85e-01	5.79e-01	1.91e-01	3.72e-02	5.30e-03	2.96e-05	0.00e+00	1.57e-06	6.94e-15	8.25e-15
 2.45499e+23	1.86e-06	3.16e-03	1.96e-01	5.80e-01	1.82e-01	3.40e-02	4.65e-03	2.45e-05	0.00e+00	1.86e-06	8.46e-15	1.00e-14
 2.47032e+23	2.31e-06	3.63e-03	2.11e-01	5.79e-01	1.72e-01	3.04e-02	3.94e-03	1.93e-05	0.00e+00	2.31e-06	1.09e-14	1.29e-14
 2.48580e+23	2.76e-06	4.07e-03	2.23e-01	5.78e-01	1.63e-01	2.76e-02	3.43e-03	1.58e-05	0.00e+00	2.76e-06	1.33e-14	1.58e-14
 2.49936e+23	3.27e-06	4.54e-03	2.36e-01	5.76e-01	1.55e-01	2.51e-02	2.99e-03	1.29e-05	0.00e+00	3.27e-06	1.62e-14	1.92e-14
 2.51487e+23	4.03e-06	5.20e-03	2.52e-01	5.73e-01	1.45e-01	2.22e-02	2.52e-03	1.01e-05	0.00e+00	4.03e-06	2.07e-14	2.45e-14
 2.53065e+23	4.79e-06	5.80e-03	2.66e-01	5.69e-01	1.37e-01	2.01e-02	2.17e-03	8.18e-06	0.00e+00	4.79e-06	2.53e-14	3.00e-14
 2.54465e+23	5.69e-06	6.47e-03	2.80e-01	5.64e-01	1.29e-01	1.81e-02	1.88e-03	6.64e-06	0.00e+00	5.69e-06	3.10e-14	3.66e-14
 2.56072e+23	7.05e-06	7.42e-03	2.99e-01	5.56e-01	1.20e-01	1.59e-02	1.56e-03	5.10e-06	0.00e+00	7.05e-06	3.99e-14	4.72e-14
 2.57696e+23	8.39e-06	8.30e-03	3.15e-01	5.49e-01	1.13e-01	1.42e-02	1.34e-03	4.08e-06	0.00e+00	8.39e-06	4.90e-14	5.79e-14
 2.59123e+23	9.94e-06	9.24e-03	3.30e-01	5.41e-01	1.06e-01	1.27e-02	1.15e-03	3.28e-06	0.00e+00	9.94e-06	5.98e-14	7.08e-14
 2.60762e+23	1.23e-05	1.06e-02	3.50e-01	5.30e-01	9.72e-02	1.10e-02	9.45e-04	2.49e-06	0.00e+00	1.23e-05	7.71e-14	9.12e-14
 2.62431e+23	1.46e-05	1.18e-02	3.68e-01	5.20e-01	9.04e-02	9.78e-03	8.01e-04	1.96e-06	0.00e+00	1.46e-05	9.49e-14	1.12e-13
 2.64140e+23	1.82e-05	1.36e-02	3.89e-01	5.06e-01	8.25e-02	8.39e-03	6.51e-04	1.46e-06	0.00e+00	1.82e-05	1.23e-13	1.46e-13
 2.65869e+23	2.17e-05	1.51e-02	4.08e-01	4.93e-01	7.61e-02	7.37e-03	5.46e-04	1.14e-06	0.00e+00	2.17e-05	1.52e-13	1.80e-13
 2.67624e+23	2.69e-05	1.74e-02	4.30e-01	4.77e-01	6.89e-02	6.26e-03	4.39e-04	8.37e-07	0.00e+00	2.69e-05	1.98e-13	2.34e-13
 2.69413e+23	3.22e-05	1.94e-02	4.50e-01	4.62e-01	6.31e-02	5.44e-03	3.64e-04	6.42e-07	0.00e+00	3.22e-05	2.46e-13	2.91e-13
 2.71003e+23	3.82e-05	2.16e-02	4.69e-01	4.47e-01	5.78e-02	4.74e-03	3.03e-04	4.96e-07	0.00e+00	3.82e-05	3.04e-13	3.59e-13
 2.72827e+23	4.75e-05	2.48e-02	4.92e-01	4.27e-01	5.17e-02	3.97e-03	2.39e-04	3.56e-07	0.00e+00	4.75e-05	3.97e-13	4.69e-13
 2.74697e+23	5.68e-05	2.77e-02	5.12e-01	4.10e-01	4.67e-02	3.40e-03	1.95e-04	2.67e-07	0.00e+00	5.68e-05	4.95e-13	5.85e-13
 2.76122e+23	6.43e-05	2.99e-02	5.26e-01	3.97e-01	4.35e-02	3.04e-03	1.69e-04	2.18e-07	0.00e+00	6.43e-05	5.76e-13	6.81e-13
 2.77469e+23	7.52e-05	3.29e-02	5.43e-01	3.81e-01	3.97e-02	2.65e-03	1.41e-04	1.69e-07	0.00e+00	7.52e-05	7.01e-13	8.28e-13
 2.78848e+23	8.49e-05	3.55e-02	5.57e-01	3.68e-01	3.68e-02	2.36e-03	1.21e-04	1.38e-07	0.00e+00	8.49e-05	8.16e-13	9.63e-13
 2.80268e+23	9.98e-05	3.92e-02	5.74e-01	3.51e-01	3.33e-02	2.03e-03	9.99e-05	0.00e+00	0.00e+00	9.98e-05	9.99e-13	1.18e-12
 2.81703e+23	1.13e-04	4.24e-02	5.88e-01	3.37e-01	3.06e-02	1.79e-03	8.49e-05	0.00e+00	0.00e+00	1.13e-04	1.17e-12	1.38e-12
 2.83155e+23	1.33e-04	4.67e-02	6.04e-01	3.20e-01	2.76e-02	1.53e-03	6.96e-05	0.00e+00	0.00e+00	1.33e-04	1.43e-12	1.69e-12
 2.84637e+23	1.52e-04	5.07e-02	6.17e-01	3.06e-01	2.52e-02	1.34e-03	5.84e-05	0.00e+00	0.00e+00	1.52e-04	1.69e-12	2.00e-12
 2.85949e+23	1.72e-04	5.47e-02	6.29e-01	2.92e-01	2.30e-02	1.17e-03	4.94e-05	0.00e+00	0.00e+00	1.72e-04	1.99e-12	2.35e-12
 2.87446e+23	2.02e-04	6.03e-02	6.44e-01	2.74e-01	2.05e-02	9.92e-04	3.99e-05	0.00e+00	0.00e+00	2.02e-04	2.44e-12	2.87e-12
 2.88979e+23	2.30e-04	6.53e-02	6.56e-01	2.59e-01	1.85e-02	8.57e-04	3.31e-05	0.00e+00	0.00e+00	2.30e-04	2.88e-12	3.40e-12
 2.90556e+23	2.72e-04	7.23e-02	6.69e-01	2.42e-01	1.63e-02	7.13e-04	2.63e-05	0.00e+00	0.00e+00	2.72e-04	3.56e-12	4.20e-12
 2.92150e+23	3.11e-04	7.84e-02	6.79e-01	2.27e-01	1.46e-02	6.09e-04	2.16e-05	0.00e+00	0.00e+00	3.11e-04	4.23e-12	5.00e-12
 2.93764e+23	3.67e-04	8.68e-02	6.90e-01	2.09e-01	1.28e-02	5.02e-04	1.69e-05	0.00e+00	0.00e+00	3.67e-04	5.26e-12	6.20e-12
 2.95404e+23	4.22e-04	9.43e-02	6.99e-01	1.95e-01	1.13e-02	4.24e-04	1.37e-05	0.00e+00	0.00e+00	4.22e-04	6.28e-12	7.41e-12
 2.97075e+23	5.03e-04	1.05e-01	7.07e-01	1.78e-01	9.73e-03	3.42e-04	1.05e-05	0.00e+00	0.00e+00	5.03e-04	7.88e-12	9.29e-12
 2.98757e+23	5.77e-04	1.14e-01	7.12e-01	1.64e-01	8.58e-03	2.87e-04	8.50e-06	0.00e+00	0.00e+00	5.77e-04	9.41e-12	1.11e-11
 3.00452e+23	6.89e-04	1.27e-01	7.17e-01	1.48e-01	7.32e-03	2.30e-04	6.46e-06	0.00e+00	0.00e+00	6.89e-04	1.18e-11	1.40e-11
 3.02157e+23	7.95e-04	1.38e-01	7.19e-01	1.36e-01	6.39e-03	1.91e-04	5.15e-06	0.00e+00	0.00e+00	7.95e-04	1.42e-11	1.67e-11
 3.03874e+23	9.50e-04	1.54e-01	7.19e-01	1.21e-01	5.40e-03	1.50e-04	3.87e-06	0.00e+00	0.00e+00	9.50e-04	1.78e-11	2.10e-11
 3.05594e+23	1.10e-03	1.69e-01	7.16e-01	1.09e-01	4.68e-03	1.23e-04	3.05e-06	0.00e+00	0.00e+00	1.10e-03	2.15e-11	2.54e-11
 3.07068e+23	1.28e-03	1.85e-01	7.10e-01	9.88e-02	4.06e-03	1.01e-04	2.42e-06	0.00e+00	0.00e+00	1.28e-03	2.58e-11	3.05e-11
 3.08180e+23	1.41e-03	1.98e-01	7.04e-01	9.29e-02	3.74e-03	9.06e-05	2.12e-06	0.00e+00	0.00e+00	1.41e-03	2.89e-11	3.42e-11
