#depth	Ar	Ar+	Ar+2	Ar+3	Ar+4	Ar+5	Ar+6	Ar+7	Ar+8	Ar+9	Ar+10	Ar+11	Ar+12	Ar+13	Ar+14	Ar+15	Ar+16	Ar+17	Ar+18
 4.62852e+21	0.00e+00	0.00e+00	0.00e+00	0.00e+00	0.00e+00	0.00e+00	7.73e-23	6.49e-20	8.49e-17	3.45e-14	7.05e-12	7.09e-10	4.94e-08	1.80e-06	4.26e-05	1.07e-03	4.65e-02	3.03e-01	6.49e-01
 1.05686e+22	0.00e+00	0.00e+00	0.00e+00	0.00e+00	0.00e+00	1.49e-24	1.35e-21	1.50e-18	2.87e-15	7.93e-13	1.11e-10	7.66e-09	3.66e-07	9.22e-06	1.53e-04	2.67e-03	8.12e-02	3.69e-01	5.47e-01
 1.27685e+22	0.00e+00	0.00e+00	0.00e+00	0.00e+00	2.65e-26	3.21e-23	2.31e-20	2.03e-17	3.02e-14	6.46e-12	7.00e-10	3.75e-08	1.39e-06	2.73e-05	3.53e-04	4.84e-03	1.15e-01	4.08e-01	4.72e-01
 1.43674e+22	0.00e+00	0.00e+00	0.00e+00	1.48e-28	3.70e-25	3.74e-22	2.24e-19	1.62e-16	1.98e-13	3.46e-11	3.06e-09	1.34e-07	4.06e-06	6.50e-05	6.86e-04	7.68e-03	1.50e-01	4.33e-01	4.09e-01
 1.52557e+22	0.00e+00	0.00e+00	8.32e-32	3.02e-28	7.20e-25	6.94e-22	3.97e-19	2.72e-16	3.17e-13	5.28e-11	4.44e-09	1.85e-07	5.32e-06	8.08e-05	8.10e-04	8.61e-03	1.60e-01	4.38e-01	3.93e-01
 1.55364e+22	0.00e+00	0.00e+00	1.32e-31	4.66e-28	1.08e-24	1.01e-21	5.62e-19	3.74e-16	4.23e-13	6.83e-11	5.57e-09	2.25e-07	6.27e-06	9.24e-05	8.97e-04	9.24e-03	1.66e-01	4.41e-01	3.83e-01
 1.57734e+22	0.00e+00	0.00e+00	2.40e-31	8.23e-28	1.84e-24	1.66e-21	8.84e-19	5.64e-16	6.16e-13	9.55e-11	7.49e-09	2.90e-07	7.78e-06	1.10e-04	1.02e-03	1.01e-02	1.75e-01	4.44e-01	3.70e-01
 1.60106e+22	0.00e+00	0.00e+00	3.59e-31	1.21e-27	2.63e-24	2.31e-21	1.20e-18	7.47e-16	7.94e-13	1.20e-10	9.14e-09	3.44e-07	8.98e-06	1.23e-04	1.12e-03	1.07e-02	1.80e-01	4.46e-01	3.62e-01
 1.62480e+22	0.00e+00	0.00e+00	6.17e-31	2.01e-27	4.24e-24	3.60e-21	1.81e-18	1.08e-15	1.11e-12	1.62e-10	1.19e-08	4.34e-07	1.09e-05	1.44e-04	1.26e-03	1.16e-02	1.88e-01	4.49e-01	3.50e-01
 1.65018e+22	0.00e+00	0.00e+00	1.04e-30	3.29e-27	6.72e-24	5.52e-21	2.68e-18	1.55e-15	1.54e-12	2.17e-10	1.54e-08	5.41e-07	1.31e-05	1.68e-04	1.41e-03	1.26e-02	1.96e-01	4.51e-01	3.39e-01
 1.67341e+22	0.00e+00	0.00e+00	1.70e-30	5.23e-27	1.03e-23	8.21e-21	3.86e-18	2.15e-15	2.08e-12	2.85e-10	1.96e-08	6.66e-07	1.57e-05	1.93e-04	1.57e-03	1.35e-02	2.04e-01	4.52e-01	3.29e-01
 1.69524e+22	0.00e+00	0.00e+00	2.70e-30	8.10e-27	1.56e-23	1.20e-20	5.47e-18	2.95e-15	2.78e-12	3.68e-10	2.46e-08	8.10e-07	1.85e-05	2.21e-04	1.73e-03	1.45e-02	2.11e-01	4.53e-01	3.19e-01
 1.71625e+22	0.00e+00	0.00e+00	4.26e-30	1.25e-26	2.32e-23	1.74e-20	7.68e-18	4.01e-15	3.67e-12	4.74e-10	3.08e-08	9.83e-07	2.18e-05	2.52e-04	1.91e-03	1.54e-02	2.19e-01	4.54e-01	3.09e-01
 1.74025e+22	0.00e+00	0.00e+00	7.57e-30	2.15e-26	3.86e-23	2.78e-20	1.18e-17	5.91e-15	5.24e-12	6.52e-10	4.08e-08	1.25e-06	2.67e-05	2.97e-04	2.17e-03	1.68e-02	2.28e-01	4.55e-01	2.97e-01
 1.76465e+22	0.00e+00	0.00e+00	1.23e-29	3.39e-26	5.90e-23	4.11e-20	1.69e-17	8.16e-15	7.05e-12	8.52e-10	5.16e-08	1.54e-06	3.17e-05	3.42e-04	2.40e-03	1.80e-02	2.36e-01	4.55e-01	2.87e-01
 1.78616e+22	0.00e+00	0.00e+00	1.96e-29	5.28e-26	8.91e-23	6.01e-20	2.39e-17	1.12e-14	9.40e-12	1.10e-09	6.49e-08	1.87e-06	3.75e-05	3.91e-04	2.65e-03	1.92e-02	2.44e-01	4.55e-01	2.78e-01
 1.81070e+22	0.00e+00	0.00e+00	3.56e-29	9.24e-26	1.50e-22	9.72e-20	3.71e-17	1.66e-14	1.35e-11	1.53e-09	8.67e-08	2.41e-06	4.63e-05	4.63e-04	3.01e-03	2.09e-02	2.55e-01	4.55e-01	2.66e-01
 1.83473e+22	0.00e+00	0.00e+00	5.73e-29	1.45e-25	2.28e-22	1.43e-19	5.26e-17	2.27e-14	1.80e-11	1.99e-09	1.09e-07	2.94e-06	5.49e-05	5.31e-04	3.33e-03	2.23e-02	2.63e-01	4.54e-01	2.57e-01
 1.85450e+22	0.00e+00	0.00e+00	8.94e-29	2.20e-25	3.36e-22	2.04e-19	7.28e-17	3.04e-14	2.36e-11	2.53e-09	1.35e-07	3.54e-06	6.42e-05	6.03e-04	3.66e-03	2.37e-02	2.71e-01	4.53e-01	2.48e-01
 1.87659e+22	0.00e+00	0.00e+00	1.54e-28	3.66e-25	5.38e-22	3.15e-19	1.08e-16	4.33e-14	3.27e-11	3.40e-09	1.76e-07	4.44e-06	7.78e-05	7.03e-04	4.10e-03	2.55e-02	2.81e-01	4.51e-01	2.37e-01
 1.89953e+22	0.00e+00	0.00e+00	2.46e-28	5.71e-25	8.13e-22	4.59e-19	1.52e-16	5.89e-14	4.34e-11	4.40e-09	2.21e-07	5.41e-06	9.19e-05	8.03e-04	4.52e-03	2.72e-02	2.90e-01	4.49e-01	2.28e-01
 1.92024e+22	0.00e+00	0.00e+00	3.95e-28	8.91e-25	1.23e-21	6.70e-19	2.14e-16	7.99e-14	5.76e-11	5.68e-09	2.78e-07	6.59e-06	1.09e-04	9.19e-04	4.99e-03	2.90e-02	2.98e-01	4.47e-01	2.20e-01
 1.94061e+22	0.00e+00	0.00e+00	6.25e-28	1.37e-24	1.83e-21	9.66e-19	2.99e-16	1.08e-13	7.58e-11	7.28e-09	3.46e-07	7.98e-06	1.28e-04	1.05e-03	5.49e-03	3.08e-02	3.07e-01	4.44e-01	2.11e-01
 1.96046e+22	0.00e+00	0.00e+00	9.80e-28	2.09e-24	2.70e-21	1.38e-18	4.13e-16	1.43e-13	9.90e-11	9.28e-09	4.29e-07	9.62e-06	1.50e-04	1.19e-03	6.02e-03	3.27e-02	3.15e-01	4.42e-01	2.03e-01
 1.97989e+22	0.00e+00	0.00e+00	1.52e-27	3.16e-24	3.96e-21	1.96e-18	5.67e-16	1.90e-13	1.29e-10	1.18e-08	5.30e-07	1.16e-05	1.75e-04	1.34e-03	6.59e-03	3.46e-02	3.23e-01	4.39e-01	1.95e-01
 2.00220e+22	0.00e+00	0.00e+00	2.74e-27	5.49e-24	6.60e-21	3.12e-18	8.63e-16	2.76e-13	1.82e-10	1.61e-08	7.03e-07	1.47e-05	2.15e-04	1.58e-03	7.43e-03	3.73e-02	3.34e-01	4.34e-01	1.85e-01
 2.02415e+22	0.00e+00	9.41e-33	4.23e-27	8.25e-24	9.62e-21	4.41e-18	1.18e-15	3.65e-13	2.35e-10	2.04e-08	8.65e-07	1.76e-05	2.50e-04	1.79e-03	8.11e-03	3.94e-02	3.42e-01	4.30e-01	1.78e-01
 2.04563e+22	0.00e+00	1.66e-32	7.24e-27	1.36e-23	1.53e-20	6.73e-18	1.73e-15	5.12e-13	3.23e-10	2.72e-08	1.12e-06	2.20e-05	3.01e-04	2.07e-03	9.03e-03	4.21e-02	3.52e-01	4.25e-01	1.69e-01
 2.06795e+22	0.00e+00	2.82e-32	1.19e-26	2.18e-23	2.36e-20	9.98e-18	2.46e-15	7.00e-13	4.32e-10	3.55e-08	1.42e-06	2.70e-05	3.58e-04	2.38e-03	9.98e-03	4.48e-02	3.61e-01	4.20e-01	1.61e-01
 2.08747e+22	0.00e+00	4.49e-32	1.85e-26	3.29e-23	3.45e-20	1.41e-17	3.36e-15	9.23e-13	5.59e-10	4.49e-08	1.75e-06	3.24e-05	4.18e-04	2.69e-03	1.09e-02	4.72e-02	3.69e-01	4.16e-01	1.54e-01
 2.10607e+22	0.00e+00	7.15e-32	2.88e-26	4.98e-23	5.05e-20	2.00e-17	4.59e-15	1.22e-12	7.23e-10	5.67e-08	2.15e-06	3.88e-05	4.87e-04	3.04e-03	1.19e-02	4.98e-02	3.77e-01	4.11e-01	1.47e-01
 2.12738e+22	0.00e+00	1.26e-31	4.94e-26	8.24e-23	8.04e-20	3.05e-17	6.72e-15	1.70e-12	9.90e-10	7.56e-08	2.78e-06	4.84e-05	5.86e-04	3.52e-03	1.32e-02	5.31e-02	3.87e-01	4.04e-01	1.39e-01
 2.14932e+22	0.00e+00	2.11e-31	8.01e-26	1.30e-22	1.22e-19	4.44e-17	9.42e-15	2.29e-12	1.31e-09	9.76e-08	3.49e-06	5.90e-05	6.93e-04	4.02e-03	1.45e-02	5.61e-02	3.95e-01	3.98e-01	1.32e-01
 2.16818e+22	0.00e+00	3.35e-31	1.24e-25	1.96e-22	1.78e-19	6.26e-17	1.28e-14	3.00e-12	1.69e-09	1.23e-07	4.30e-06	7.06e-05	8.06e-04	4.53e-03	1.58e-02	5.90e-02	4.02e-01	3.92e-01	1.26e-01
 2.18879e+22	0.00e+00	5.89e-31	2.12e-25	3.22e-22	2.81e-19	9.49e-17	1.86e-14	4.15e-12	2.29e-09	1.63e-07	5.52e-06	8.76e-05	9.67e-04	5.23e-03	1.75e-02	6.27e-02	4.11e-01	3.84e-01	1.18e-01
 2.21007e+22	0.00e+00	9.69e-31	3.40e-25	5.00e-22	4.21e-19	1.37e-16	2.57e-14	5.53e-12	3.00e-09	2.09e-07	6.89e-06	1.06e-04	1.14e-03	5.94e-03	1.91e-02	6.60e-02	4.18e-01	3.77e-01	1.12e-01
 2.22892e+22	0.00e+00	1.54e-30	5.28e-25	7.55e-22	6.15e-19	1.93e-16	3.50e-14	7.24e-12	3.87e-09	2.63e-07	8.48e-06	1.27e-04	1.32e-03	6.68e-03	2.07e-02	6.92e-02	4.25e-01	3.71e-01	1.06e-01
 2.25008e+22	0.00e+00	2.82e-30	9.36e-25	1.29e-21	1.00e-18	3.00e-16	5.18e-14	1.02e-11	5.36e-09	3.55e-07	1.11e-05	1.60e-04	1.60e-03	7.78e-03	2.31e-02	7.35e-02	4.33e-01	3.61e-01	9.94e-02
 2.27111e+22	0.00e+00	4.51e-30	1.46e-24	1.95e-21	1.47e-18	4.23e-16	7.03e-14	1.33e-11	6.90e-09	4.48e-07	1.36e-05	1.91e-04	1.86e-03	8.74e-03	2.50e-02	7.70e-02	4.39e-01	3.54e-01	9.41e-02
 2.29195e+22	0.00e+00	7.97e-30	2.50e-24	3.22e-21	2.33e-18	6.43e-16	1.02e-13	1.85e-11	9.38e-09	5.94e-07	1.75e-05	2.37e-04	2.23e-03	1.01e-02	2.76e-02	8.13e-02	4.46e-01	3.45e-01	8.80e-02
 2.31359e+22	0.00e+00	1.32e-29	4.03e-24	5.03e-21	3.50e-18	9.30e-16	1.42e-13	2.46e-11	1.23e-08	7.62e-07	2.19e-05	2.87e-04	2.62e-03	1.14e-02	3.00e-02	8.52e-02	4.51e-01	3.36e-01	8.27e-02
 2.33310e+22	0.00e+00	2.19e-29	6.53e-24	7.88e-21	5.27e-18	1.34e-15	1.96e-13	3.25e-11	1.61e-08	9.77e-07	2.73e-05	3.47e-04	3.08e-03	1.29e-02	3.27e-02	8.93e-02	4.56e-01	3.28e-01	7.76e-02
 2.35156e+22	0.00e+00	3.45e-29	1.00e-23	1.17e-20	7.60e-18	1.86e-15	2.62e-13	4.19e-11	2.05e-08	1.22e-06	3.33e-05	4.12e-04	3.55e-03	1.44e-02	3.53e-02	9.29e-02	4.61e-01	3.20e-01	7.33e-02
 2.36918e+22	0.00e+00	5.37e-29	1.52e-23	1.74e-20	1.09e-17	2.57e-15	3.49e-13	5.37e-11	2.59e-08	1.52e-06	4.04e-05	4.86e-04	4.07e-03	1.60e-02	3.79e-02	9.65e-02	4.64e-01	3.12e-01	6.91e-02
 2.38943e+22	0.00e+00	9.69e-29	2.67e-23	2.92e-20	1.75e-17	3.94e-15	5.07e-13	7.41e-11	3.54e-08	2.02e-06	5.23e-05	6.06e-04	4.90e-03	1.85e-02	4.17e-02	1.01e-01	4.68e-01	3.01e-01	6.39e-02
 2.40952e+22	0.00e+00	1.54e-28	4.14e-23	4.38e-20	2.53e-17	5.48e-15	6.78e-13	9.52e-11	4.50e-08	2.52e-06	6.38e-05	7.19e-04	5.65e-03	2.06e-02	4.49e-02	1.05e-01	4.71e-01	2.92e-01	6.00e-02
 2.42549e+22	0.00e+00	2.27e-28	5.99e-23	6.18e-20	3.45e-17	7.25e-15	8.67e-13	1.18e-10	5.52e-08	3.05e-06	7.56e-05	8.31e-04	6.37e-03	2.26e-02	4.77e-02	1.08e-01	4.72e-01	2.85e-01	5.68e-02
 2.44235e+22	0.00e+00	3.69e-28	9.51e-23	9.49e-20	5.10e-17	1.03e-14	1.18e-12	1.53e-10	7.11e-08	3.86e-06	9.32e-05	9.94e-04	7.39e-03	2.53e-02	5.14e-02	1.13e-01	4.74e-01	2.75e-01	5.29e-02
 2.45845e+22	0.00e+00	5.28e-28	1.34e-22	1.30e-19	6.79e-17	1.33e-14	1.47e-12	1.85e-10	8.56e-08	4.58e-06	1.09e-04	1.13e-03	8.25e-03	2.75e-02	5.43e-02	1.16e-01	4.75e-01	2.68e-01	5.02e-02
 2.47139e+22	0.00e+00	7.53e-28	1.87e-22	1.78e-19	9.00e-17	1.71e-14	1.83e-12	2.23e-10	1.03e-07	5.43e-06	1.27e-04	1.29e-03	9.19e-03	2.99e-02	5.73e-02	1.18e-01	4.75e-01	2.61e-01	4.76e-02
 2.48405e+22	0.00e+00	1.05e-27	2.57e-22	2.38e-19	1.17e-16	2.16e-14	2.25e-12	2.66e-10	1.22e-07	6.36e-06	1.46e-04	1.46e-03	1.02e-02	3.22e-02	6.02e-02	1.21e-01	4.75e-01	2.55e-01	4.53e-02
 2.49642e+22	0.00e+00	1.44e-27	3.46e-22	3.13e-19	1.51e-16	2.70e-14	2.73e-12	3.13e-10	1.43e-07	7.38e-06	1.67e-04	1.63e-03	1.12e-02	3.46e-02	6.30e-02	1.24e-01	4.74e-01	2.48e-01	4.31e-02
 2.51040e+22	0.00e+00	2.18e-27	5.13e-22	4.51e-19	2.09e-16	3.61e-14	3.52e-12	3.88e-10	1.77e-07	8.99e-06	1.99e-04	1.89e-03	1.26e-02	3.80e-02	6.68e-02	1.27e-01	4.73e-01	2.40e-01	4.04e-02
 2.52434e+22	0.00e+00	3.03e-27	7.02e-22	6.02e-19	2.72e-16	4.56e-14	4.30e-12	4.60e-10	2.09e-07	1.05e-05	2.28e-04	2.13e-03	1.39e-02	4.08e-02	7.00e-02	1.29e-01	4.72e-01	2.33e-01	3.83e-02
 2.53635e+22	0.00e+00	4.19e-27	9.57e-22	8.00e-19	3.52e-16	5.72e-14	5.23e-12	5.43e-10	2.46e-07	1.23e-05	2.62e-04	2.40e-03	1.53e-02	4.39e-02	7.32e-02	1.32e-01	4.70e-01	2.27e-01	3.63e-02
 2.54784e+22	0.00e+00	5.70e-27	1.28e-21	1.05e-18	4.48e-16	7.08e-14	6.29e-12	6.34e-10	2.87e-07	1.41e-05	2.98e-04	2.67e-03	1.68e-02	4.69e-02	7.64e-02	1.34e-01	4.68e-01	2.20e-01	3.45e-02
 2.55882e+22	0.00e+00	7.68e-27	1.70e-21	1.36e-18	5.67e-16	8.71e-14	7.52e-12	7.37e-10	3.33e-07	1.63e-05	3.37e-04	2.97e-03	1.83e-02	5.00e-02	7.95e-02	1.36e-01	4.66e-01	2.14e-01	3.28e-02
 2.57139e+22	0.00e+00	1.13e-26	2.45e-21	1.90e-18	7.67e-16	1.14e-13	9.46e-12	8.93e-10	4.03e-07	1.95e-05	3.96e-04	3.40e-03	2.04e-02	5.43e-02	8.36e-02	1.39e-01	4.62e-01	2.06e-01	3.06e-02
 2.58403e+22	3.50e-33	1.53e-26	3.27e-21	2.48e-18	9.73e-16	1.40e-13	1.13e-11	1.04e-09	4.68e-07	2.24e-05	4.49e-04	3.78e-03	2.22e-02	5.78e-02	8.68e-02	1.41e-01	4.59e-01	2.00e-01	2.90e-02
 2.59677e+22	5.31e-33	2.27e-26	4.78e-21	3.50e-18	1.33e-15	1.84e-13	1.43e-11	1.26e-09	5.69e-07	2.69e-05	5.29e-04	4.34e-03	2.49e-02	6.28e-02	9.12e-02	1.43e-01	4.54e-01	1.92e-01	2.70e-02
 2.60947e+22	7.47e-33	3.15e-26	6.51e-21	4.65e-18	1.71e-15	2.30e-13	1.72e-11	1.47e-09	6.66e-07	3.12e-05	6.04e-04	4.85e-03	2.73e-02	6.71e-02	9.49e-02	1.45e-01	4.50e-01	1.85e-01	2.54e-02
 2.61967e+22	9.97e-33	4.14e-26	8.46e-21	5.90e-18	2.12e-15	2.77e-13	2.02e-11	1.68e-09	7.60e-07	3.53e-05	6.75e-04	5.33e-03	2.95e-02	7.09e-02	9.81e-02	1.46e-01	4.45e-01	1.80e-01	2.41e-02
 2.63047e+22	1.43e-32	5.82e-26	1.17e-20	7.94e-18	2.76e-15	3.49e-13	2.45e-11	1.97e-09	8.96e-07	4.12e-05	7.75e-04	5.99e-03	3.24e-02	7.59e-02	1.02e-01	1.48e-01	4.40e-01	1.73e-01	2.26e-02
 2.64158e+22	1.92e-32	7.72e-26	1.53e-20	1.01e-17	3.43e-15	4.22e-13	2.89e-11	2.25e-09	1.03e-06	4.69e-05	8.69e-04	6.58e-03	3.49e-02	8.01e-02	1.05e-01	1.49e-01	4.35e-01	1.67e-01	2.13e-02
 2.65308e+22	2.87e-32	1.13e-25	2.21e-20	1.42e-17	4.62e-15	5.45e-13	3.57e-11	2.68e-09	1.23e-06	5.57e-05	1.01e-03	7.49e-03	3.88e-02	8.63e-02	1.10e-01	1.50e-01	4.27e-01	1.59e-01	1.97e-02
 2.66436e+22	3.88e-32	1.51e-25	2.91e-20	1.82e-17	5.75e-15	6.60e-13	4.19e-11	3.05e-09	1.41e-06	6.32e-05	1.14e-03	8.23e-03	4.19e-02	9.11e-02	1.13e-01	1.51e-01	4.21e-01	1.53e-01	1.86e-02
 2.67535e+22	5.72e-32	2.19e-25	4.14e-20	2.50e-17	7.64e-15	8.43e-13	5.14e-11	3.60e-09	1.67e-06	7.44e-05	1.31e-03	9.30e-03	4.61e-02	9.75e-02	1.17e-01	1.52e-01	4.13e-01	1.46e-01	1.72e-02
 2.68644e+22	7.76e-32	2.93e-25	5.46e-20	3.21e-17	9.54e-15	1.02e-12	6.03e-11	4.10e-09	1.91e-06	8.46e-05	1.47e-03	1.02e-02	4.98e-02	1.03e-01	1.21e-01	1.53e-01	4.06e-01	1.40e-01	1.61e-02
 2.69766e+22	1.16e-31	4.32e-25	7.90e-20	4.49e-17	1.28e-14	1.31e-12	7.43e-11	4.84e-09	2.28e-06	1.00e-04	1.71e-03	1.16e-02	5.49e-02	1.10e-01	1.25e-01	1.53e-01	3.96e-01	1.33e-01	1.48e-02
 2.70889e+22	1.60e-31	5.84e-25	1.05e-19	5.81e-17	1.61e-14	1.60e-12	8.73e-11	5.51e-09	2.61e-06	1.14e-04	1.92e-03	1.27e-02	5.93e-02	1.16e-01	1.28e-01	1.53e-01	3.88e-01	1.27e-01	1.38e-02
 2.71843e+22	2.14e-31	7.71e-25	1.37e-19	7.39e-17	1.99e-14	1.91e-12	1.01e-10	6.21e-09	2.96e-06	1.28e-04	2.13e-03	1.39e-02	6.35e-02	1.21e-01	1.31e-01	1.53e-01	3.80e-01	1.21e-01	1.29e-02
 2.72910e+22	3.24e-31	1.15e-24	2.01e-19	1.04e-16	2.67e-14	2.46e-12	1.24e-10	7.27e-09	3.52e-06	1.52e-04	2.48e-03	1.57e-02	7.00e-02	1.30e-01	1.35e-01	1.52e-01	3.69e-01	1.14e-01	1.17e-02
 2.73955e+22	4.29e-31	1.50e-24	2.59e-19	1.30e-16	3.27e-14	2.92e-12	1.43e-10	8.13e-09	3.96e-06	1.70e-04	2.74e-03	1.70e-02	7.46e-02	1.35e-01	1.38e-01	1.52e-01	3.61e-01	1.09e-01	1.10e-02
 2.74972e+22	6.38e-31	2.19e-24	3.73e-19	1.80e-16	4.33e-14	3.70e-12	1.73e-10	9.43e-09	4.66e-06	1.99e-04	3.14e-03	1.91e-02	8.15e-02	1.43e-01	1.42e-01	1.51e-01	3.49e-01	1.02e-01	9.98e-03
 2.75969e+22	8.34e-31	2.83e-24	4.76e-19	2.25e-16	5.25e-14	4.36e-12	1.98e-10	1.05e-08	5.22e-06	2.21e-04	3.45e-03	2.06e-02	8.65e-02	1.49e-01	1.44e-01	1.50e-01	3.40e-01	9.74e-02	9.33e-03
 2.76942e+22	1.24e-30	4.13e-24	6.82e-19	3.09e-16	6.91e-14	5.49e-12	2.38e-10	1.21e-08	6.10e-06	2.57e-04	3.95e-03	2.30e-02	9.41e-02	1.57e-01	1.47e-01	1.48e-01	3.28e-01	9.09e-02	8.44e-03
 2.77913e+22	1.63e-30	5.38e-24	8.78e-19	3.87e-16	8.41e-14	6.48e-12	2.72e-10	1.34e-08	6.82e-06	2.86e-04	4.34e-03	2.48e-02	9.97e-02	1.63e-01	1.49e-01	1.46e-01	3.18e-01	8.64e-02	7.85e-03
 2.78881e+22	2.42e-30	7.85e-24	1.26e-18	5.32e-16	1.11e-13	8.15e-12	3.26e-10	1.53e-08	7.95e-06	3.32e-04	4.95e-03	2.76e-02	1.08e-01	1.71e-01	1.51e-01	1.44e-01	3.05e-01	8.02e-02	7.05e-03
 2.79858e+22	3.23e-30	1.04e-23	1.64e-18	6.73e-16	1.36e-13	9.67e-12	3.73e-10	1.70e-08	8.90e-06	3.70e-04	5.44e-03	2.98e-02	1.15e-01	1.78e-01	1.53e-01	1.42e-01	2.95e-01	7.57e-02	6.51e-03
 2.80845e+22	4.86e-30	1.53e-23	2.38e-18	9.35e-16	1.80e-13	1.22e-11	4.48e-10	1.95e-08	1.04e-05	4.29e-04	6.21e-03	3.31e-02	1.24e-01	1.86e-01	1.55e-01	1.39e-01	2.81e-01	6.97e-02	5.80e-03
 2.81840e+22	6.54e-30	2.03e-23	3.12e-18	1.19e-15	2.21e-13	1.45e-11	5.14e-10	2.17e-08	1.16e-05	4.79e-04	6.82e-03	3.57e-02	1.31e-01	1.92e-01	1.56e-01	1.36e-01	2.71e-01	6.55e-02	5.32e-03
 2.82845e+22	9.80e-30	3.00e-23	4.52e-18	1.64e-15	2.92e-13	1.83e-11	6.16e-10	2.48e-08	1.35e-05	5.53e-04	7.73e-03	3.94e-02	1.41e-01	2.00e-01	1.57e-01	1.33e-01	2.56e-01	6.00e-02	4.71e-03
 2.83842e+22	1.33e-29	4.01e-23	5.97e-18	2.10e-15	3.60e-13	2.18e-11	7.06e-10	2.75e-08	1.51e-05	6.15e-04	8.49e-03	4.24e-02	1.49e-01	2.06e-01	1.58e-01	1.30e-01	2.46e-01	5.61e-02	4.29e-03
 2.84828e+22	1.99e-29	5.89e-23	8.61e-18	2.89e-15	4.74e-13	2.73e-11	8.43e-10	3.14e-08	1.74e-05	7.06e-04	9.56e-03	4.65e-02	1.59e-01	2.14e-01	1.58e-01	1.26e-01	2.32e-01	5.11e-02	3.79e-03
 2.85832e+22	2.74e-29	8.00e-23	1.15e-17	3.73e-15	5.90e-13	3.27e-11	9.70e-10	3.48e-08	1.95e-05	7.87e-04	1.05e-02	5.01e-02	1.67e-01	2.19e-01	1.58e-01	1.22e-01	2.21e-01	4.73e-02	3.42e-03
 2.86860e+22	4.17e-29	1.20e-22	1.69e-17	5.22e-15	7.86e-13	4.14e-11	1.17e-09	3.99e-08	2.25e-05	9.04e-04	1.18e-02	5.49e-02	1.79e-01	2.27e-01	1.57e-01	1.18e-01	2.06e-01	4.27e-02	2.97e-03
 2.87895e+22	5.77e-29	1.63e-22	2.28e-17	6.77e-15	9.81e-13	4.97e-11	1.34e-09	4.43e-08	2.51e-05	1.00e-03	1.30e-02	5.89e-02	1.88e-01	2.32e-01	1.57e-01	1.14e-01	1.95e-01	3.93e-02	2.67e-03
 2.88938e+22	8.85e-29	2.46e-22	3.36e-17	9.50e-15	1.31e-12	6.31e-11	1.62e-09	5.08e-08	2.89e-05	1.15e-03	1.45e-02	6.43e-02	1.99e-01	2.38e-01	1.55e-01	1.09e-01	1.81e-01	3.52e-02	2.30e-03
 2.89988e+22	1.23e-28	3.36e-22	4.53e-17	1.23e-14	1.63e-12	7.57e-11	1.86e-09	5.65e-08	3.22e-05	1.27e-03	1.59e-02	6.87e-02	2.08e-01	2.42e-01	1.54e-01	1.05e-01	1.71e-01	3.23e-02	2.05e-03
 2.90898e+22	1.70e-28	4.58e-22	6.07e-17	1.59e-14	2.03e-12	9.07e-11	2.14e-09	6.26e-08	3.57e-05	1.40e-03	1.72e-02	7.31e-02	2.17e-01	2.46e-01	1.52e-01	1.01e-01	1.61e-01	2.95e-02	1.83e-03
 2.91934e+22	2.59e-28	6.87e-22	8.93e-17	2.22e-14	2.71e-12	1.15e-10	2.57e-09	7.17e-08	4.07e-05	1.59e-03	1.92e-02	7.91e-02	2.28e-01	2.51e-01	1.49e-01	9.60e-02	1.49e-01	2.62e-02	1.56e-03
 2.92959e+22	3.50e-28	9.14e-22	1.17e-16	2.82e-14	3.31e-12	1.36e-10	2.94e-09	7.92e-08	4.47e-05	1.74e-03	2.06e-02	8.35e-02	2.36e-01	2.53e-01	1.47e-01	9.23e-02	1.40e-01	2.41e-02	1.40e-03
 2.93968e+22	5.20e-28	1.33e-21	1.68e-16	3.85e-14	4.33e-12	1.69e-10	3.49e-09	9.01e-08	5.05e-05	1.95e-03	2.27e-02	8.95e-02	2.46e-01	2.56e-01	1.44e-01	8.76e-02	1.29e-01	2.15e-02	1.21e-03
 2.95009e+22	7.19e-28	1.81e-21	2.24e-16	4.97e-14	5.38e-12	2.03e-10	4.03e-09	1.00e-07	5.56e-05	2.13e-03	2.44e-02	9.45e-02	2.54e-01	2.58e-01	1.41e-01	8.37e-02	1.21e-01	1.95e-02	1.06e-03
 2.96089e+22	1.08e-27	2.69e-21	3.26e-16	6.87e-14	7.10e-12	2.56e-10	4.83e-09	1.15e-07	6.28e-05	2.39e-03	2.68e-02	1.01e-01	2.64e-01	2.60e-01	1.38e-01	7.88e-02	1.11e-01	1.72e-02	9.06e-04
 2.97189e+22	1.50e-27	3.67e-21	4.37e-16	8.87e-14	8.85e-12	3.07e-10	5.59e-09	1.28e-07	6.92e-05	2.61e-03	2.88e-02	1.06e-01	2.72e-01	2.61e-01	1.34e-01	7.51e-02	1.03e-01	1.56e-02	7.96e-04
 2.98314e+22	2.29e-27	5.46e-21	6.37e-16	1.23e-13	1.17e-11	3.89e-10	6.74e-09	1.48e-07	7.81e-05	2.92e-03	3.15e-02	1.13e-01	2.82e-01	2.62e-01	1.30e-01	7.04e-02	9.39e-02	1.37e-02	6.73e-04
 2.99464e+22	3.17e-27	7.44e-21	8.53e-16	1.59e-13	1.46e-11	4.68e-10	7.81e-09	1.65e-07	8.58e-05	3.18e-03	3.37e-02	1.19e-01	2.89e-01	2.62e-01	1.27e-01	6.68e-02	8.72e-02	1.23e-02	5.89e-04
 3.00643e+22	4.82e-27	1.11e-20	1.24e-15	2.21e-13	1.94e-11	5.94e-10	9.44e-09	1.91e-07	9.68e-05	3.55e-03	3.68e-02	1.26e-01	2.98e-01	2.61e-01	1.22e-01	6.23e-02	7.90e-02	1.07e-02	4.94e-04
 3.01843e+22	6.68e-27	1.51e-20	1.66e-15	2.85e-13	2.42e-11	7.15e-10	1.10e-08	2.15e-07	1.06e-04	3.86e-03	3.93e-02	1.32e-01	3.04e-01	2.60e-01	1.18e-01	5.89e-02	7.31e-02	9.64e-03	4.31e-04
 3.03067e+22	1.02e-26	2.25e-20	2.42e-15	3.95e-13	3.22e-11	9.09e-10	1.33e-08	2.49e-07	1.20e-04	4.29e-03	4.26e-02	1.39e-01	3.12e-01	2.58e-01	1.14e-01	5.48e-02	6.60e-02	8.37e-03	3.60e-04
 3.04299e+22	1.39e-26	3.03e-20	3.20e-15	5.06e-13	3.98e-11	1.09e-09	1.54e-08	2.79e-07	1.31e-04	4.64e-03	4.53e-02	1.45e-01	3.18e-01	2.56e-01	1.10e-01	5.17e-02	6.10e-02	7.51e-03	3.14e-04
 3.05541e+22	2.10e-26	4.46e-20	4.61e-15	6.96e-13	5.26e-11	1.38e-09	1.86e-08	3.24e-07	1.47e-04	5.13e-03	4.89e-02	1.53e-01	3.25e-01	2.53e-01	1.05e-01	4.80e-02	5.50e-02	6.51e-03	2.62e-04
 3.06745e+22	2.77e-26	5.80e-20	5.89e-15	8.64e-13	6.34e-11	1.62e-09	2.12e-08	3.59e-07	1.59e-04	5.50e-03	5.15e-02	1.58e-01	3.29e-01	2.51e-01	1.02e-01	4.55e-02	5.12e-02	5.91e-03	2.32e-04
 3.07900e+22	3.99e-26	8.20e-20	8.14e-15	1.15e-12	8.13e-11	2.00e-09	2.52e-08	4.11e-07	1.77e-04	6.01e-03	5.51e-02	1.65e-01	3.34e-01	2.48e-01	9.75e-02	4.24e-02	4.65e-02	5.18e-03	1.97e-04
 3.09084e+22	5.31e-26	1.07e-19	1.05e-14	1.43e-12	9.87e-11	2.36e-09	2.89e-08	4.57e-07	1.92e-04	6.44e-03	5.80e-02	1.70e-01	3.38e-01	2.45e-01	9.42e-02	4.01e-02	4.31e-02	4.68e-03	1.73e-04
 3.10305e+22	7.75e-26	1.53e-19	1.46e-14	1.92e-12	1.27e-10	2.94e-09	3.45e-08	5.26e-07	2.14e-04	7.04e-03	6.20e-02	1.77e-01	3.43e-01	2.41e-01	8.97e-02	3.72e-02	3.89e-02	4.07e-03	1.45e-04
 3.11541e+22	1.02e-25	1.99e-19	1.86e-14	2.38e-12	1.54e-10	3.45e-09	3.95e-08	5.85e-07	2.32e-04	7.53e-03	6.50e-02	1.83e-01	3.46e-01	2.37e-01	8.65e-02	3.51e-02	3.60e-02	3.67e-03	1.27e-04
 3.12797e+22	1.47e-25	2.80e-19	2.57e-14	3.16e-12	1.97e-10	4.28e-09	4.70e-08	6.72e-07	2.57e-04	8.21e-03	6.92e-02	1.90e-01	3.49e-01	2.33e-01	8.23e-02	3.25e-02	3.25e-02	3.20e-03	1.07e-04
 3.14043e+22	1.94e-25	3.62e-19	3.26e-14	3.90e-12	2.37e-10	5.01e-09	5.36e-08	7.46e-07	2.79e-04	8.76e-03	7.25e-02	1.95e-01	3.52e-01	2.29e-01	7.92e-02	3.07e-02	3.01e-02	2.88e-03	9.41e-05
 3.15276e+22	2.76e-25	5.05e-19	4.45e-14	5.13e-12	3.02e-10	6.17e-09	6.36e-08	8.55e-07	3.08e-04	9.51e-03	7.69e-02	2.02e-01	3.54e-01	2.24e-01	7.52e-02	2.84e-02	2.71e-02	2.51e-03	7.92e-05
 3.16521e+22	3.59e-25	6.45e-19	5.58e-14	6.28e-12	3.61e-10	7.20e-09	7.23e-08	9.46e-07	3.33e-04	1.01e-02	8.03e-02	2.07e-01	3.56e-01	2.20e-01	7.23e-02	2.68e-02	2.51e-02	2.27e-03	6.97e-05
 3.17782e+22	5.10e-25	8.96e-19	7.57e-14	8.22e-12	4.58e-10	8.84e-09	8.57e-08	1.08e-06	3.69e-04	1.10e-02	8.49e-02	2.13e-01	3.58e-01	2.15e-01	6.85e-02	2.48e-02	2.26e-02	1.97e-03	5.86e-05
 3.19068e+22	6.65e-25	1.15e-18	9.53e-14	1.01e-11	5.49e-10	1.03e-08	9.76e-08	1.20e-06	3.99e-04	1.17e-02	8.86e-02	2.18e-01	3.59e-01	2.10e-01	6.57e-02	2.33e-02	2.09e-02	1.77e-03	5.14e-05
 3.20385e+22	9.46e-25	1.60e-18	1.29e-13	1.32e-11	6.98e-10	1.27e-08	1.16e-07	1.38e-06	4.42e-04	1.27e-02	9.37e-02	2.25e-01	3.60e-01	2.05e-01	6.20e-02	2.15e-02	1.88e-02	1.54e-03	4.30e-05
 3.21726e+22	1.24e-24	2.05e-18	1.63e-13	1.63e-11	8.38e-10	1.49e-08	1.33e-07	1.54e-06	4.79e-04	1.35e-02	9.77e-02	2.30e-01	3.60e-01	2.00e-01	5.93e-02	2.01e-02	1.73e-02	1.38e-03	3.75e-05
 3.23098e+22	1.77e-24	2.86e-18	2.22e-13	2.14e-11	1.07e-09	1.84e-08	1.58e-07	1.77e-06	5.32e-04	1.46e-02	1.03e-01	2.37e-01	3.60e-01	1.94e-01	5.57e-02	1.85e-02	1.54e-02	1.19e-03	3.12e-05
 3.24496e+22	2.32e-24	3.69e-18	2.80e-13	2.63e-11	1.28e-09	2.16e-08	1.81e-07	1.98e-06	5.77e-04	1.55e-02	1.07e-01	2.42e-01	3.60e-01	1.89e-01	5.31e-02	1.73e-02	1.42e-02	1.06e-03	2.71e-05
 3.25927e+22	3.32e-24	5.15e-18	3.81e-13	3.47e-11	1.64e-09	2.68e-08	2.16e-07	2.28e-06	6.42e-04	1.68e-02	1.13e-01	2.48e-01	3.59e-01	1.83e-01	4.98e-02	1.58e-02	1.26e-02	9.09e-04	2.24e-05
 3.27326e+22	4.24e-24	6.45e-18	4.69e-13	4.17e-11	1.93e-09	3.09e-08	2.44e-07	2.52e-06	6.91e-04	1.78e-02	1.18e-01	2.53e-01	3.58e-01	1.78e-01	4.76e-02	1.49e-02	1.16e-02	8.20e-04	1.97e-05
 3.28682e+22	5.94e-24	8.83e-18	6.27e-13	5.40e-11	2.43e-09	3.78e-08	2.88e-07	2.88e-06	7.64e-04	1.92e-02	1.23e-01	2.59e-01	3.56e-01	1.72e-01	4.47e-02	1.36e-02	1.04e-02	7.07e-04	1.64e-05
 3.30060e+22	7.58e-24	1.11e-17	7.72e-13	6.51e-11	2.87e-09	4.37e-08	3.26e-07	3.18e-06	8.23e-04	2.03e-02	1.28e-01	2.63e-01	3.55e-01	1.68e-01	4.26e-02	1.28e-02	9.60e-03	6.36e-04	1.44e-05
 3.31465e+22	1.05e-23	1.51e-17	1.02e-12	8.37e-11	3.60e-09	5.32e-08	3.84e-07	3.64e-06	9.09e-04	2.18e-02	1.34e-01	2.69e-01	3.52e-01	1.62e-01	3.99e-02	1.17e-02	8.58e-03	5.49e-04	1.20e-05
 3.32914e+22	1.38e-23	1.93e-17	1.28e-12	1.03e-10	4.32e-09	6.23e-08	4.39e-07	4.06e-06	9.86e-04	2.31e-02	1.39e-01	2.73e-01	3.50e-01	1.57e-01	3.78e-02	1.09e-02	7.83e-03	4.88e-04	1.04e-05
 3.34420e+22	1.93e-23	2.63e-17	1.70e-12	1.32e-10	5.42e-09	7.60e-08	5.18e-07	4.65e-06	1.09e-03	2.49e-02	1.45e-01	2.78e-01	3.47e-01	1.51e-01	3.53e-02	9.94e-03	6.97e-03	4.19e-04	8.64e-06
 3.35975e+22	2.56e-23	3.41e-17	2.16e-12	1.64e-10	6.56e-09	9.00e-08	5.97e-07	5.22e-06	1.19e-03	2.65e-02	1.51e-01	2.83e-01	3.44e-01	1.45e-01	3.33e-02	9.19e-03	6.31e-03	3.69e-04	7.38e-06
 3.37593e+22	3.62e-23	4.71e-17	2.91e-12	2.14e-10	8.31e-09	1.11e-07	7.11e-07	6.01e-06	1.32e-03	2.86e-02	1.58e-01	2.88e-01	3.40e-01	1.39e-01	3.09e-02	8.33e-03	5.58e-03	3.14e-04	6.06e-06
 3.39256e+22	4.85e-23	6.16e-17	3.72e-12	2.67e-10	1.01e-08	1.32e-07	8.23e-07	6.78e-06	1.44e-03	3.05e-02	1.64e-01	2.92e-01	3.36e-01	1.34e-01	2.90e-02	7.67e-03	5.02e-03	2.74e-04	5.14e-06
 3.40977e+22	6.95e-23	8.59e-17	5.03e-12	3.51e-10	1.29e-08	1.63e-07	9.86e-07	7.85e-06	1.61e-03	3.29e-02	1.72e-01	2.97e-01	3.31e-01	1.27e-01	2.67e-02	6.91e-03	4.40e-03	2.32e-04	4.18e-06
 3.42753e+22	9.43e-23	1.14e-16	6.50e-12	4.42e-10	1.59e-08	1.95e-07	1.15e-06	8.89e-06	1.77e-03	3.51e-02	1.79e-01	3.01e-01	3.26e-01	1.22e-01	2.49e-02	6.32e-03	3.94e-03	2.00e-04	3.50e-06
 3.44604e+22	1.38e-22	1.61e-16	8.92e-12	5.87e-10	2.05e-08	2.44e-07	1.39e-06	1.04e-05	1.98e-03	3.81e-02	1.87e-01	3.05e-01	3.20e-01	1.15e-01	2.28e-02	5.64e-03	3.42e-03	1.67e-04	2.81e-06
 3.46505e+22	1.89e-22	2.16e-16	1.16e-11	7.46e-10	2.54e-08	2.95e-07	1.62e-06	1.18e-05	2.18e-03	4.07e-02	1.95e-01	3.09e-01	3.14e-01	1.10e-01	2.12e-02	5.13e-03	3.03e-03	1.44e-04	2.33e-06
 3.48215e+22	2.55e-22	2.84e-16	1.49e-11	9.36e-10	3.12e-08	3.52e-07	1.89e-06	1.33e-05	2.39e-03	4.33e-02	2.02e-01	3.12e-01	3.09e-01	1.05e-01	1.97e-02	4.67e-03	2.71e-03	1.24e-04	1.95e-06
 3.50180e+22	3.82e-22	4.12e-16	2.09e-11	1.27e-09	4.09e-08	4.47e-07	2.31e-06	1.57e-05	2.69e-03	4.71e-02	2.11e-01	3.15e-01	3.01e-01	9.84e-02	1.78e-02	4.12e-03	2.31e-03	1.01e-04	1.53e-06
 3.52156e+22	5.16e-22	5.42e-16	2.69e-11	1.59e-09	5.00e-08	5.33e-07	2.68e-06	1.78e-05	2.95e-03	5.01e-02	2.18e-01	3.17e-01	2.95e-01	9.36e-02	1.65e-02	3.75e-03	2.06e-03	8.74e-05	1.28e-06
 3.54148e+22	7.66e-22	7.79e-16	3.73e-11	2.14e-09	6.53e-08	6.73e-07	3.26e-06	2.09e-05	3.31e-03	5.42e-02	2.28e-01	3.20e-01	2.87e-01	8.75e-02	1.49e-02	3.30e-03	1.76e-03	7.15e-05	9.99e-07
 3.56182e+22	1.05e-21	1.04e-15	4.86e-11	2.71e-09	8.08e-08	8.12e-07	3.81e-06	2.37e-05	3.64e-03	5.78e-02	2.36e-01	3.22e-01	2.80e-01	8.27e-02	1.37e-02	2.97e-03	1.54e-03	6.07e-05	8.19e-07
 3.58272e+22	1.58e-21	1.51e-15	6.80e-11	3.67e-09	1.06e-07	1.03e-06	4.67e-06	2.80e-05	4.11e-03	6.26e-02	2.46e-01	3.24e-01	2.71e-01	7.68e-02	1.23e-02	2.59e-03	1.31e-03	4.91e-05	6.34e-07
 3.60394e+22	2.20e-21	2.04e-15	8.91e-11	4.69e-09	1.32e-07	1.25e-06	5.49e-06	3.20e-05	4.53e-03	6.68e-02	2.54e-01	3.25e-01	2.63e-01	7.22e-02	1.12e-02	2.32e-03	1.14e-03	4.13e-05	5.14e-07
 3.62559e+22	3.35e-21	3.00e-15	1.26e-10	6.42e-09	1.75e-07	1.60e-06	6.77e-06	3.80e-05	5.13e-03	7.24e-02	2.64e-01	3.25e-01	2.53e-01	6.65e-02	9.95e-03	2.00e-03	9.51e-04	3.28e-05	3.90e-07
 3.64733e+22	4.62e-21	4.03e-15	1.65e-10	8.15e-09	2.18e-07	1.94e-06	7.94e-06	4.33e-05	5.63e-03	7.70e-02	2.72e-01	3.26e-01	2.45e-01	6.24e-02	9.06e-03	1.79e-03	8.28e-04	2.75e-05	3.15e-07
 3.66538e+22	6.18e-21	5.25e-15	2.09e-10	1.01e-08	2.64e-07	2.30e-06	9.17e-06	4.87e-05	6.13e-03	8.14e-02	2.79e-01	3.25e-01	2.38e-01	5.88e-02	8.32e-03	1.61e-03	7.28e-04	2.34e-05	2.59e-07
 3.68502e+22	9.03e-21	7.42e-15	2.85e-10	1.34e-08	3.40e-07	2.88e-06	1.11e-05	5.69e-05	6.86e-03	8.73e-02	2.89e-01	3.25e-01	2.29e-01	5.42e-02	7.40e-03	1.40e-03	6.13e-04	1.89e-05	2.00e-07
 3.70458e+22	1.20e-20	9.59e-15	3.59e-10	1.65e-08	4.11e-07	3.40e-06	1.28e-05	6.39e-05	7.45e-03	9.20e-02	2.95e-01	3.24e-01	2.22e-01	5.09e-02	6.78e-03	1.26e-03	5.39e-04	1.60e-05	1.64e-07
 3.72404e+22	1.74e-20	1.34e-14	4.86e-10	2.17e-08	5.28e-07	4.24e-06	1.54e-05	7.46e-05	8.31e-03	9.86e-02	3.04e-01	3.22e-01	2.12e-01	4.68e-02	6.02e-03	1.09e-03	4.53e-04	1.29e-05	1.26e-07
 3.74376e+22	2.32e-20	1.75e-14	6.14e-10	2.68e-08	6.40e-07	5.03e-06	1.78e-05	8.40e-05	9.04e-03	1.04e-01	3.11e-01	3.20e-01	2.05e-01	4.38e-02	5.48e-03	9.77e-04	3.95e-04	1.08e-05	0.00e+00
 3.76380e+22	3.38e-20	2.46e-14	8.33e-10	3.54e-08	8.25e-07	6.31e-06	2.15e-05	9.86e-05	1.01e-02	1.11e-01	3.20e-01	3.18e-01	1.95e-01	3.99e-02	4.82e-03	8.39e-04	3.27e-04	8.57e-06	0.00e+00
 3.78409e+22	4.52e-20	3.21e-14	1.05e-09	4.38e-08	1.00e-06	7.52e-06	2.50e-05	1.11e-04	1.10e-02	1.17e-01	3.26e-01	3.15e-01	1.88e-01	3.71e-02	4.36e-03	7.45e-04	2.83e-04	7.15e-06	0.00e+00
 3.80470e+22	6.61e-20	4.52e-14	1.43e-09	5.79e-08	1.30e-06	9.46e-06	3.04e-05	1.31e-04	1.24e-02	1.26e-01	3.35e-01	3.11e-01	1.78e-01	3.36e-02	3.80e-03	6.34e-04	2.33e-04	5.59e-06	0.00e+00
 3.82571e+22	8.93e-20	5.93e-14	1.82e-09	7.22e-08	1.59e-06	1.14e-05	3.55e-05	1.49e-04	1.35e-02	1.32e-01	3.41e-01	3.08e-01	1.70e-01	3.10e-02	3.40e-03	5.56e-04	1.98e-04	4.58e-06	0.00e+00
 3.84724e+22	1.32e-19	8.41e-14	2.48e-09	9.58e-08	2.07e-06	1.44e-05	4.35e-05	1.77e-04	1.52e-02	1.42e-01	3.49e-01	3.02e-01	1.59e-01	2.77e-02	2.92e-03	4.67e-04	1.60e-04	3.51e-06	0.00e+00
 3.86919e+22	1.79e-19	1.11e-13	3.16e-09	1.20e-07	2.56e-06	1.75e-05	5.12e-05	2.04e-04	1.68e-02	1.50e-01	3.55e-01	2.98e-01	1.51e-01	2.53e-02	2.58e-03	4.05e-04	1.35e-04	2.83e-06	0.00e+00
 3.89170e+22	2.65e-19	1.57e-13	4.30e-09	1.60e-07	3.35e-06	2.23e-05	6.32e-05	2.44e-04	1.90e-02	1.61e-01	3.63e-01	2.91e-01	1.41e-01	2.24e-02	2.19e-03	3.35e-04	1.07e-04	2.12e-06	0.00e+00
 3.91440e+22	3.58e-19	2.06e-13	5.44e-09	1.99e-07	4.13e-06	2.71e-05	7.45e-05	2.80e-04	2.09e-02	1.70e-01	3.68e-01	2.86e-01	1.33e-01	2.03e-02	1.92e-03	2.88e-04	8.88e-05	1.68e-06	0.00e+00
 3.93347e+22	4.69e-19	2.62e-13	6.70e-09	2.43e-07	5.00e-06	3.22e-05	8.66e-05	3.19e-04	2.28e-02	1.78e-01	3.73e-01	2.80e-01	1.26e-01	1.85e-02	1.70e-03	2.50e-04	7.48e-05	1.36e-06	0.00e+00
 3.95416e+22	6.57e-19	3.53e-13	8.68e-09	3.11e-07	6.34e-06	4.02e-05	1.05e-04	3.76e-04	2.55e-02	1.89e-01	3.77e-01	2.72e-01	1.17e-01	1.64e-02	1.44e-03	2.08e-04	5.98e-05	1.03e-06	0.00e+00
 3.97500e+22	8.55e-19	4.46e-13	1.06e-08	3.77e-07	7.65e-06	4.78e-05	1.22e-04	4.29e-04	2.78e-02	1.99e-01	3.81e-01	2.66e-01	1.10e-01	1.48e-02	1.27e-03	1.80e-04	4.99e-05	8.27e-07	0.00e+00
 3.99540e+22	1.16e-18	5.85e-13	1.34e-08	4.73e-07	9.56e-06	5.89e-05	1.46e-04	5.03e-04	3.10e-02	2.10e-01	3.84e-01	2.58e-01	1.01e-01	1.31e-02	1.08e-03	1.50e-04	4.00e-05	6.30e-07	0.00e+00
 4.01621e+22	1.51e-18	7.36e-13	1.63e-08	5.73e-07	1.16e-05	7.05e-05	1.70e-04	5.77e-04	3.39e-02	2.21e-01	3.87e-01	2.50e-01	9.45e-02	1.17e-02	9.34e-04	1.27e-04	3.29e-05	4.95e-07	0.00e+00
 4.03660e+22	2.00e-18	9.40e-13	2.00e-08	7.06e-07	1.42e-05	8.58e-05	2.02e-04	6.73e-04	3.76e-02	2.32e-01	3.89e-01	2.42e-01	8.72e-02	1.03e-02	7.94e-04	1.06e-04	2.64e-05	3.78e-07	0.00e+00
 4.05743e+22	2.59e-18	1.18e-12	2.42e-08	8.54e-07	1.72e-05	1.03e-04	2.37e-04	7.76e-04	4.13e-02	2.44e-01	3.90e-01	2.34e-01	8.06e-02	9.16e-03	6.80e-04	8.92e-05	2.14e-05	2.92e-07	0.00e+00
 4.07800e+22	3.36e-18	1.47e-12	2.91e-08	1.03e-06	2.10e-05	1.24e-04	2.79e-04	8.99e-04	4.55e-02	2.56e-01	3.90e-01	2.25e-01	7.41e-02	8.06e-03	5.78e-04	7.43e-05	1.72e-05	2.23e-07	0.00e+00
 4.09868e+22	4.29e-18	1.81e-12	3.47e-08	1.24e-06	2.53e-05	1.48e-04	3.26e-04	1.04e-03	4.99e-02	2.67e-01	3.90e-01	2.16e-01	6.80e-02	7.10e-03	4.91e-04	6.20e-05	1.38e-05	1.71e-07	0.00e+00
 4.11913e+22	5.44e-18	2.22e-12	4.10e-08	1.48e-06	3.03e-05	1.77e-04	3.80e-04	1.20e-03	5.48e-02	2.79e-01	3.88e-01	2.07e-01	6.23e-02	6.23e-03	4.17e-04	5.16e-05	1.11e-05	1.31e-07	0.00e+00
 4.13953e+22	6.84e-18	2.70e-12	4.81e-08	1.76e-06	3.63e-05	2.10e-04	4.42e-04	1.38e-03	6.00e-02	2.91e-01	3.86e-01	1.98e-01	5.70e-02	5.47e-03	3.53e-04	4.29e-05	8.91e-06	0.00e+00	0.00e+00
 4.15996e+22	8.56e-18	3.26e-12	5.61e-08	2.08e-06	4.32e-05	2.49e-04	5.13e-04	1.58e-03	6.56e-02	3.03e-01	3.83e-01	1.89e-01	5.19e-02	4.78e-03	2.99e-04	3.56e-05	7.13e-06	0.00e+00	0.00e+00
 4.18047e+22	1.07e-17	3.92e-12	6.51e-08	2.46e-06	5.14e-05	2.94e-04	5.93e-04	1.82e-03	7.16e-02	3.15e-01	3.80e-01	1.80e-01	4.72e-02	4.17e-03	2.52e-04	2.95e-05	5.69e-06	0.00e+00	0.00e+00
 4.20109e+22	1.32e-17	4.70e-12	7.52e-08	2.89e-06	6.09e-05	3.47e-04	6.85e-04	2.08e-03	7.80e-02	3.26e-01	3.75e-01	1.70e-01	4.28e-02	3.63e-03	2.12e-04	2.43e-05	4.53e-06	0.00e+00	0.00e+00
 4.22189e+22	1.64e-17	5.61e-12	8.67e-08	3.39e-06	7.20e-05	4.08e-04	7.89e-04	2.38e-03	8.49e-02	3.38e-01	3.70e-01	1.61e-01	3.87e-02	3.15e-03	1.78e-04	2.00e-05	3.60e-06	0.00e+00	0.00e+00
 4.24293e+22	2.02e-17	6.69e-12	9.97e-08	3.98e-06	8.50e-05	4.80e-04	9.07e-04	2.73e-03	9.23e-02	3.49e-01	3.64e-01	1.52e-01	3.49e-02	2.73e-03	1.49e-04	1.64e-05	2.85e-06	0.00e+00	0.00e+00
 4.26408e+22	2.49e-17	7.95e-12	1.14e-07	4.64e-06	1.00e-04	5.62e-04	1.04e-03	3.11e-03	1.00e-01	3.60e-01	3.58e-01	1.43e-01	3.14e-02	2.36e-03	1.25e-04	1.35e-05	2.26e-06	0.00e+00	0.00e+00
 4.28556e+22	3.08e-17	9.48e-12	1.31e-07	5.44e-06	1.18e-04	6.59e-04	1.19e-03	3.55e-03	1.09e-01	3.71e-01	3.50e-01	1.35e-01	2.81e-02	2.03e-03	1.04e-04	1.10e-05	1.77e-06	0.00e+00	0.00e+00
 4.30728e+22	3.80e-17	1.13e-11	1.50e-07	6.35e-06	1.38e-04	7.68e-04	1.36e-03	4.04e-03	1.17e-01	3.81e-01	3.42e-01	1.26e-01	2.52e-02	1.75e-03	8.64e-05	8.95e-06	1.40e-06	0.00e+00	0.00e+00
 4.32943e+22	4.72e-17	1.35e-11	1.73e-07	7.46e-06	1.63e-04	8.99e-04	1.55e-03	4.61e-03	1.27e-01	3.91e-01	3.34e-01	1.18e-01	2.24e-02	1.49e-03	7.13e-05	7.23e-06	1.09e-06	0.00e+00	0.00e+00
 4.35198e+22	5.85e-17	1.61e-11	1.99e-07	8.73e-06	1.92e-04	1.05e-03	1.76e-03	5.24e-03	1.37e-01	3.99e-01	3.24e-01	1.10e-01	1.99e-02	1.28e-03	5.91e-05	5.86e-06	8.53e-07	0.00e+00	0.00e+00
 4.37265e+22	7.02e-17	1.87e-11	2.24e-07	9.97e-06	2.19e-04	1.19e-03	1.96e-03	5.82e-03	1.45e-01	4.06e-01	3.16e-01	1.03e-01	1.81e-02	1.12e-03	5.04e-05	4.91e-06	6.93e-07	0.00e+00	0.00e+00
 4.39425e+22	8.85e-17	2.26e-11	2.61e-07	1.18e-05	2.59e-04	1.39e-03	2.23e-03	6.64e-03	1.57e-01	4.15e-01	3.06e-01	9.55e-02	1.59e-02	9.44e-04	4.10e-05	3.90e-06	5.31e-07	0.00e+00	0.00e+00
 4.41614e+22	1.07e-16	2.66e-11	2.96e-07	1.35e-05	2.96e-04	1.58e-03	2.47e-03	7.35e-03	1.66e-01	4.20e-01	2.97e-01	8.95e-02	1.43e-02	8.25e-04	3.49e-05	3.26e-06	4.31e-07	0.00e+00	0.00e+00
 4.43863e+22	1.37e-16	3.27e-11	3.49e-07	1.61e-05	3.51e-04	1.85e-03	2.81e-03	8.38e-03	1.78e-01	4.27e-01	2.86e-01	8.22e-02	1.25e-02	6.91e-04	2.82e-05	2.57e-06	3.27e-07	0.00e+00	0.00e+00
 4.46117e+22	1.67e-16	3.84e-11	3.98e-07	1.85e-05	4.01e-04	2.09e-03	3.10e-03	9.24e-03	1.88e-01	4.31e-01	2.77e-01	7.68e-02	1.12e-02	6.03e-04	2.39e-05	2.14e-06	2.65e-07	0.00e+00	0.00e+00
 4.48376e+22	2.15e-16	4.75e-11	4.71e-07	2.21e-05	4.74e-04	2.43e-03	3.50e-03	1.05e-02	2.01e-01	4.36e-01	2.65e-01	7.03e-02	9.79e-03	5.04e-04	1.93e-05	1.69e-06	2.01e-07	0.00e+00	0.00e+00
 4.50645e+22	2.64e-16	5.64e-11	5.42e-07	2.54e-05	5.40e-04	2.74e-03	3.84e-03	1.15e-02	2.12e-01	4.39e-01	2.56e-01	6.56e-02	8.80e-03	4.40e-04	1.64e-05	1.41e-06	1.63e-07	0.00e+00	0.00e+00
 4.52926e+22	3.44e-16	7.03e-11	6.48e-07	3.05e-05	6.38e-04	3.18e-03	4.32e-03	1.29e-02	2.25e-01	4.42e-01	2.44e-01	5.98e-02	7.64e-03	3.68e-04	1.33e-05	1.11e-06	1.24e-07	0.00e+00	0.00e+00
 4.55233e+22	4.25e-16	8.43e-11	7.51e-07	3.53e-05	7.28e-04	3.57e-03	4.72e-03	1.42e-02	2.36e-01	4.43e-01	2.35e-01	5.56e-02	6.84e-03	3.20e-04	1.12e-05	9.23e-07	0.00e+00	0.00e+00	0.00e+00
 4.57572e+22	5.62e-16	1.07e-10	9.10e-07	4.26e-05	8.61e-04	4.15e-03	5.29e-03	1.59e-02	2.50e-01	4.44e-01	2.23e-01	5.04e-02	5.92e-03	2.66e-04	9.03e-06	7.24e-07	0.00e+00	0.00e+00	0.00e+00
 4.59944e+22	7.04e-16	1.29e-10	1.07e-06	4.95e-05	9.84e-04	4.66e-03	5.78e-03	1.73e-02	2.61e-01	4.44e-01	2.14e-01	4.67e-02	5.28e-03	2.30e-04	7.61e-06	6.00e-07	0.00e+00	0.00e+00	0.00e+00
 4.62358e+22	9.46e-16	1.66e-10	1.31e-06	6.03e-05	1.17e-03	5.40e-03	6.46e-03	1.94e-02	2.76e-01	4.43e-01	2.02e-01	4.22e-02	4.54e-03	1.91e-04	6.08e-06	4.68e-07	0.00e+00	0.00e+00	0.00e+00
 4.64817e+22	1.20e-15	2.04e-10	1.56e-06	7.07e-05	1.34e-03	6.08e-03	7.05e-03	2.12e-02	2.87e-01	4.41e-01	1.93e-01	3.88e-02	4.02e-03	1.64e-04	5.10e-06	3.84e-07	0.00e+00	0.00e+00	0.00e+00
 4.67336e+22	1.65e-15	2.67e-10	1.95e-06	8.70e-05	1.60e-03	7.06e-03	7.88e-03	2.36e-02	3.02e-01	4.38e-01	1.81e-01	3.48e-02	3.43e-03	1.35e-04	4.04e-06	2.97e-07	0.00e+00	0.00e+00	0.00e+00
 4.69914e+22	2.14e-15	3.35e-10	2.35e-06	1.03e-04	1.85e-03	7.96e-03	8.60e-03	2.57e-02	3.14e-01	4.34e-01	1.72e-01	3.19e-02	3.02e-03	1.16e-04	3.36e-06	2.42e-07	0.00e+00	0.00e+00	0.00e+00
 4.72569e+22	3.01e-15	4.48e-10	3.00e-06	1.28e-04	2.22e-03	9.29e-03	9.61e-03	2.87e-02	3.29e-01	4.29e-01	1.61e-01	2.83e-02	2.55e-03	9.39e-05	2.63e-06	1.85e-07	0.00e+00	0.00e+00	0.00e+00
 4.75267e+22	3.97e-15	5.69e-10	3.66e-06	1.53e-04	2.57e-03	1.05e-02	1.05e-02	3.12e-02	3.41e-01	4.24e-01	1.52e-01	2.58e-02	2.23e-03	7.99e-05	2.17e-06	1.50e-07	0.00e+00	0.00e+00	0.00e+00
 4.77542e+22	5.09e-15	7.05e-10	4.39e-06	1.80e-04	2.93e-03	1.17e-02	1.13e-02	3.36e-02	3.51e-01	4.19e-01	1.44e-01	2.37e-02	1.98e-03	6.90e-05	1.83e-06	1.24e-07	0.00e+00	0.00e+00	0.00e+00
 4.80018e+22	7.05e-15	9.33e-10	5.56e-06	2.21e-04	3.47e-03	1.34e-02	1.25e-02	3.68e-02	3.65e-01	4.11e-01	1.35e-01	2.12e-02	1.69e-03	5.70e-05	1.46e-06	0.00e+00	0.00e+00	0.00e+00	0.00e+00
 4.82417e+22	8.90e-15	1.14e-09	6.59e-06	2.57e-04	3.92e-03	1.47e-02	1.33e-02	3.92e-02	3.74e-01	4.06e-01	1.28e-01	1.95e-02	1.51e-03	4.98e-05	1.24e-06	0.00e+00	0.00e+00	0.00e+00	0.00e+00
 4.84713e+22	1.21e-14	1.49e-09	8.23e-06	3.11e-04	4.57e-03	1.67e-02	1.45e-02	4.26e-02	3.85e-01	3.98e-01	1.20e-01	1.75e-02	1.30e-03	4.16e-05	1.01e-06	0.00e+00	0.00e+00	0.00e+00	0.00e+00
 4.87034e+22	1.54e-14	1.83e-09	9.82e-06	3.62e-04	5.16e-03	1.84e-02	1.55e-02	4.52e-02	3.93e-01	3.91e-01	1.14e-01	1.62e-02	1.16e-03	3.63e-05	8.57e-07	0.00e+00	0.00e+00	0.00e+00	0.00e+00
 4.89387e+22	2.10e-14	2.41e-09	1.24e-05	4.40e-04	6.04e-03	2.08e-02	1.69e-02	4.89e-02	4.04e-01	3.82e-01	1.06e-01	1.44e-02	9.95e-04	3.02e-05	6.91e-07	0.00e+00	0.00e+00	0.00e+00	0.00e+00
 4.91776e+22	2.70e-14	2.99e-09	1.49e-05	5.14e-04	6.84e-03	2.29e-02	1.80e-02	5.19e-02	4.12e-01	3.74e-01	9.99e-02	1.32e-02	8.83e-04	2.62e-05	5.85e-07	0.00e+00	0.00e+00	0.00e+00	0.00e+00
 4.94213e+22	3.74e-14	3.97e-09	1.89e-05	6.30e-04	8.02e-03	2.60e-02	1.96e-02	5.60e-02	4.21e-01	3.63e-01	9.24e-02	1.18e-02	7.51e-04	2.16e-05	4.67e-07	0.00e+00	0.00e+00	0.00e+00	0.00e+00
 4.96684e+22	4.84e-14	4.96e-09	2.28e-05	7.38e-04	9.10e-03	2.86e-02	2.09e-02	5.92e-02	4.28e-01	3.55e-01	8.70e-02	1.07e-02	6.64e-04	1.87e-05	3.94e-07	0.00e+00	0.00e+00	0.00e+00	0.00e+00
 4.99201e+22	6.79e-14	6.66e-09	2.93e-05	9.08e-04	1.07e-02	3.24e-02	2.27e-02	6.37e-02	4.36e-01	3.43e-01	8.00e-02	9.46e-03	5.61e-04	1.53e-05	3.12e-07	0.00e+00	0.00e+00	0.00e+00	0.00e+00
 5.01762e+22	8.87e-14	8.39e-09	3.56e-05	1.07e-03	1.22e-02	3.57e-02	2.42e-02	6.72e-02	4.42e-01	3.34e-01	7.49e-02	8.58e-03	4.92e-04	1.32e-05	2.61e-07	0.00e+00	0.00e+00	0.00e+00	0.00e+00
 5.04384e+22	1.26e-13	1.14e-08	4.61e-05	1.32e-03	1.43e-02	4.05e-02	2.62e-02	7.22e-02	4.49e-01	3.20e-01	6.84e-02	7.51e-03	4.12e-04	1.07e-05	2.05e-07	0.00e+00	0.00e+00	0.00e+00	0.00e+00
 5.07065e+22	1.67e-13	1.45e-08	5.67e-05	1.57e-03	1.64e-02	4.46e-02	2.80e-02	7.61e-02	4.53e-01	3.10e-01	6.36e-02	6.75e-03	3.57e-04	9.07e-06	1.69e-07	0.00e+00	0.00e+00	0.00e+00	0.00e+00
 5.09822e+22	2.40e-13	1.99e-08	7.41e-05	1.96e-03	1.94e-02	5.06e-02	3.03e-02	8.13e-02	4.57e-01	2.96e-01	5.76e-02	5.85e-03	2.96e-04	7.29e-06	1.31e-07	0.00e+00	0.00e+00	0.00e+00	0.00e+00
 5.12650e+22	3.22e-13	2.57e-08	9.19e-05	2.33e-03	2.22e-02	5.59e-02	3.22e-02	8.55e-02	4.59e-01	2.84e-01	5.30e-02	5.20e-03	2.54e-04	6.12e-06	0.00e+00	0.00e+00	0.00e+00	0.00e+00	0.00e+00
 5.15570e+22	4.72e-13	3.58e-08	1.21e-04	2.93e-03	2.63e-02	6.34e-02	3.48e-02	9.10e-02	4.61e-01	2.69e-01	4.75e-02	4.45e-03	2.08e-04	4.84e-06	0.00e+00	0.00e+00	0.00e+00	0.00e+00	0.00e+00
 5.18515e+22	6.32e-13	4.61e-08	1.50e-04	3.48e-03	3.01e-02	6.97e-02	3.69e-02	9.50e-02	4.60e-01	2.57e-01	4.36e-02	3.94e-03	1.78e-04	4.05e-06	0.00e+00	0.00e+00	0.00e+00	0.00e+00	0.00e+00
 5.21496e+22	9.31e-13	6.44e-08	1.99e-04	4.37e-03	3.56e-02	7.87e-02	3.97e-02	1.01e-01	4.58e-01	2.40e-01	3.86e-02	3.34e-03	1.43e-04	3.17e-06	0.00e+00	0.00e+00	0.00e+00	0.00e+00	0.00e+00
 5.24503e+22	1.25e-12	8.29e-08	2.47e-04	5.18e-03	4.05e-02	8.61e-02	4.19e-02	1.04e-01	4.55e-01	2.28e-01	3.52e-02	2.94e-03	1.22e-04	2.63e-06	0.00e+00	0.00e+00	0.00e+00	0.00e+00	0.00e+00
 5.27544e+22	1.83e-12	1.16e-07	3.26e-04	6.47e-03	4.78e-02	9.65e-02	4.47e-02	1.10e-01	4.49e-01	2.12e-01	3.09e-02	2.46e-03	9.74e-05	2.04e-06	0.00e+00	0.00e+00	0.00e+00	0.00e+00	0.00e+00
 5.30510e+22	2.41e-12	1.46e-07	3.97e-04	7.56e-03	5.36e-02	1.04e-01	4.68e-02	1.13e-01	4.43e-01	2.01e-01	2.81e-02	2.17e-03	8.30e-05	1.71e-06	0.00e+00	0.00e+00	0.00e+00	0.00e+00	0.00e+00
 5.33379e+22	3.41e-12	1.97e-07	5.09e-04	9.20e-03	6.19e-02	1.15e-01	4.93e-02	1.17e-01	4.34e-01	1.86e-01	2.48e-02	1.83e-03	6.73e-05	1.35e-06	0.00e+00	0.00e+00	0.00e+00	0.00e+00	0.00e+00
 5.36400e+22	4.62e-12	2.56e-07	6.32e-04	1.09e-02	7.00e-02	1.25e-01	5.15e-02	1.20e-01	4.25e-01	1.73e-01	2.21e-02	1.57e-03	5.57e-05	1.09e-06	0.00e+00	0.00e+00	0.00e+00	0.00e+00	0.00e+00
 5.38954e+22	5.91e-12	3.16e-07	7.53e-04	1.25e-02	7.73e-02	1.33e-01	5.32e-02	1.22e-01	4.16e-01	1.63e-01	2.01e-02	1.39e-03	4.76e-05	9.12e-07	0.00e+00	0.00e+00	0.00e+00	0.00e+00	0.00e+00
