#depth	O	O+	O+2	O+3	O+4	O+5	O+6	O+7	O+8	O[1]	O[2]	O[3]
 4.62852e+21	0.00e+00	1.58e-27	6.36e-22	2.10e-17	1.90e-13	7.70e-10	8.68e-06	6.02e-03	9.94e-01	0.00e+00	0.00e+00	0.00e+00
 1.05686e+22	2.17e-33	1.84e-26	5.24e-21	1.24e-16	8.07e-13	2.33e-09	1.80e-05	8.64e-03	9.91e-01	0.00e+00	0.00e+00	0.00e+00
 1.27685e+22	1.46e-32	9.69e-26	2.19e-20	4.14e-16	2.14e-12	4.91e-09	2.97e-05	1.10e-02	9.89e-01	0.00e+00	0.00e+00	0.00e+00
 1.43674e+22	6.88e-32	3.75e-25	6.99e-20	1.10e-15	4.71e-12	8.92e-09	4.45e-05	1.35e-02	9.86e-01	0.00e+00	0.00e+00	0.00e+00
 1.52557e+22	1.02e-31	5.29e-25	9.39e-20	1.40e-15	5.74e-12	1.04e-08	4.93e-05	1.42e-02	9.86e-01	0.00e+00	0.00e+00	0.00e+00
 1.55364e+22	1.30e-31	6.55e-25	1.13e-19	1.63e-15	6.48e-12	1.14e-08	5.25e-05	1.47e-02	9.85e-01	0.00e+00	0.00e+00	0.00e+00
 1.57734e+22	1.80e-31	8.66e-25	1.43e-19	1.99e-15	7.60e-12	1.28e-08	5.70e-05	1.53e-02	9.85e-01	0.00e+00	0.00e+00	0.00e+00
 1.60106e+22	2.22e-31	1.04e-24	1.67e-19	2.28e-15	8.47e-12	1.39e-08	6.02e-05	1.57e-02	9.84e-01	0.00e+00	0.00e+00	0.00e+00
 1.62480e+22	2.97e-31	1.34e-24	2.08e-19	2.73e-15	9.78e-12	1.55e-08	6.49e-05	1.63e-02	9.84e-01	0.00e+00	0.00e+00	0.00e+00
 1.65018e+22	3.94e-31	1.71e-24	2.56e-19	3.24e-15	1.12e-11	1.71e-08	6.97e-05	1.69e-02	9.83e-01	0.00e+00	0.00e+00	0.00e+00
 1.67341e+22	5.14e-31	2.15e-24	3.11e-19	3.82e-15	1.28e-11	1.89e-08	7.46e-05	1.75e-02	9.82e-01	0.00e+00	0.00e+00	0.00e+00
 1.69524e+22	6.60e-31	2.68e-24	3.74e-19	4.45e-15	1.45e-11	2.07e-08	7.95e-05	1.81e-02	9.82e-01	0.00e+00	0.00e+00	0.00e+00
 1.71625e+22	8.48e-31	3.33e-24	4.50e-19	5.19e-15	1.63e-11	2.26e-08	8.47e-05	1.87e-02	9.81e-01	0.00e+00	0.00e+00	0.00e+00
 1.74025e+22	1.16e-30	4.37e-24	5.68e-19	6.30e-15	1.90e-11	2.53e-08	9.17e-05	1.94e-02	9.80e-01	0.00e+00	0.00e+00	0.00e+00
 1.76465e+22	1.52e-30	5.51e-24	6.91e-19	7.41e-15	2.17e-11	2.78e-08	9.81e-05	2.01e-02	9.80e-01	0.00e+00	0.00e+00	0.00e+00
 1.78616e+22	1.97e-30	6.90e-24	8.36e-19	8.68e-15	2.46e-11	3.05e-08	1.05e-04	2.08e-02	9.79e-01	0.00e+00	0.00e+00	0.00e+00
 1.81070e+22	2.74e-30	9.18e-24	1.07e-18	1.06e-14	2.88e-11	3.43e-08	1.14e-04	2.17e-02	9.78e-01	0.00e+00	0.00e+00	0.00e+00
 1.83473e+22	3.59e-30	1.16e-23	1.30e-18	1.25e-14	3.28e-11	3.77e-08	1.22e-04	2.24e-02	9.77e-01	0.00e+00	0.00e+00	0.00e+00
 1.85450e+22	4.61e-30	1.44e-23	1.56e-18	1.46e-14	3.69e-11	4.11e-08	1.29e-04	2.32e-02	9.77e-01	0.00e+00	0.00e+00	0.00e+00
 1.87659e+22	6.27e-30	1.88e-23	1.95e-18	1.75e-14	4.27e-11	4.57e-08	1.39e-04	2.41e-02	9.76e-01	0.00e+00	0.00e+00	0.00e+00
 1.89953e+22	8.20e-30	2.37e-23	2.38e-18	2.06e-14	4.85e-11	5.01e-08	1.49e-04	2.49e-02	9.75e-01	0.00e+00	0.00e+00	0.00e+00
 1.92024e+22	1.08e-29	2.99e-23	2.90e-18	2.43e-14	5.52e-11	5.49e-08	1.59e-04	2.58e-02	9.74e-01	0.00e+00	0.00e+00	0.00e+00
 1.94061e+22	1.40e-29	3.76e-23	3.51e-18	2.85e-14	6.26e-11	6.01e-08	1.70e-04	2.66e-02	9.73e-01	0.00e+00	0.00e+00	0.00e+00
 1.96046e+22	1.82e-29	4.71e-23	4.25e-18	3.33e-14	7.07e-11	6.57e-08	1.81e-04	2.75e-02	9.72e-01	0.00e+00	0.00e+00	0.00e+00
 1.97989e+22	2.35e-29	5.87e-23	5.13e-18	3.89e-14	7.98e-11	7.16e-08	1.93e-04	2.84e-02	9.71e-01	0.00e+00	0.00e+00	0.00e+00
 2.00220e+22	3.34e-29	7.93e-23	6.61e-18	4.79e-14	9.39e-11	8.04e-08	2.10e-04	2.96e-02	9.70e-01	0.00e+00	0.00e+00	0.00e+00
 2.02415e+22	4.31e-29	9.89e-23	7.96e-18	5.59e-14	1.06e-10	8.77e-08	2.23e-04	3.06e-02	9.69e-01	0.00e+00	0.00e+00	0.00e+00
 2.04563e+22	5.92e-29	1.30e-22	1.00e-17	6.77e-14	1.23e-10	9.76e-08	2.41e-04	3.18e-02	9.68e-01	0.00e+00	0.00e+00	0.00e+00
 2.06795e+22	7.99e-29	1.68e-22	1.25e-17	8.10e-14	1.42e-10	1.08e-07	2.59e-04	3.30e-02	9.67e-01	0.00e+00	0.00e+00	0.00e+00
 2.08747e+22	1.04e-28	2.12e-22	1.51e-17	9.50e-14	1.60e-10	1.18e-07	2.76e-04	3.41e-02	9.66e-01	0.00e+00	0.00e+00	0.00e+00
 2.10607e+22	1.36e-28	2.67e-22	1.84e-17	1.12e-13	1.82e-10	1.29e-07	2.94e-04	3.52e-02	9.65e-01	0.00e+00	0.00e+00	0.00e+00
 2.12738e+22	1.89e-28	3.54e-22	2.34e-17	1.36e-13	2.12e-10	1.44e-07	3.18e-04	3.66e-02	9.63e-01	0.00e+00	0.00e+00	0.00e+00
 2.14932e+22	2.54e-28	4.57e-22	2.90e-17	1.62e-13	2.43e-10	1.59e-07	3.41e-04	3.79e-02	9.62e-01	0.00e+00	0.00e+00	0.00e+00
 2.16818e+22	3.34e-28	5.79e-22	3.54e-17	1.91e-13	2.76e-10	1.74e-07	3.63e-04	3.92e-02	9.60e-01	0.00e+00	0.00e+00	0.00e+00
 2.18879e+22	4.65e-28	7.70e-22	4.51e-17	2.33e-13	3.23e-10	1.94e-07	3.93e-04	4.07e-02	9.59e-01	0.00e+00	0.00e+00	0.00e+00
 2.21007e+22	6.27e-28	9.95e-22	5.60e-17	2.79e-13	3.71e-10	2.14e-07	4.21e-04	4.22e-02	9.57e-01	0.00e+00	0.00e+00	0.00e+00
 2.22892e+22	8.26e-28	1.26e-21	6.85e-17	3.30e-13	4.22e-10	2.34e-07	4.50e-04	4.36e-02	9.56e-01	0.00e+00	0.00e+00	0.00e+00
 2.25008e+22	1.19e-27	1.73e-21	8.94e-17	4.11e-13	5.01e-10	2.64e-07	4.89e-04	4.55e-02	9.54e-01	0.00e+00	0.00e+00	0.00e+00
 2.27111e+22	1.58e-27	2.21e-21	1.10e-16	4.87e-13	5.72e-10	2.91e-07	5.23e-04	4.70e-02	9.52e-01	0.00e+00	0.00e+00	0.00e+00
 2.29195e+22	2.23e-27	2.97e-21	1.41e-16	6.00e-13	6.73e-10	3.26e-07	5.67e-04	4.89e-02	9.51e-01	0.00e+00	0.00e+00	0.00e+00
 2.31359e+22	3.03e-27	3.87e-21	1.77e-16	7.22e-13	7.77e-10	3.62e-07	6.09e-04	5.07e-02	9.49e-01	0.00e+00	0.00e+00	0.00e+00
 2.33310e+22	4.17e-27	5.11e-21	2.24e-16	8.75e-13	9.02e-10	4.02e-07	6.54e-04	5.25e-02	9.47e-01	0.00e+00	0.00e+00	0.00e+00
 2.35156e+22	5.53e-27	6.52e-21	2.75e-16	1.04e-12	1.03e-09	4.41e-07	6.98e-04	5.43e-02	9.45e-01	0.00e+00	0.00e+00	0.00e+00
 2.36918e+22	7.29e-27	8.27e-21	3.37e-16	1.23e-12	1.17e-09	4.84e-07	7.44e-04	5.60e-02	9.43e-01	0.00e+00	0.00e+00	0.00e+00
 2.38943e+22	1.06e-26	1.15e-20	4.44e-16	1.54e-12	1.40e-09	5.48e-07	8.10e-04	5.84e-02	9.41e-01	0.00e+00	0.00e+00	0.00e+00
 2.40952e+22	1.43e-26	1.48e-20	5.51e-16	1.84e-12	1.61e-09	6.05e-07	8.66e-04	6.03e-02	9.39e-01	0.00e+00	0.00e+00	0.00e+00
 2.42549e+22	1.84e-26	1.84e-20	6.63e-16	2.15e-12	1.81e-09	6.57e-07	9.17e-04	6.20e-02	9.37e-01	0.00e+00	0.00e+00	0.00e+00
 2.44235e+22	2.52e-26	2.42e-20	8.37e-16	2.60e-12	2.10e-09	7.30e-07	9.85e-04	6.42e-02	9.35e-01	0.00e+00	0.00e+00	0.00e+00
 2.45845e+22	3.20e-26	2.97e-20	9.95e-16	3.00e-12	2.35e-09	7.89e-07	1.04e-03	6.59e-02	9.33e-01	0.00e+00	0.00e+00	0.00e+00
 2.47139e+22	4.05e-26	3.64e-20	1.18e-15	3.47e-12	2.63e-09	8.53e-07	1.09e-03	6.76e-02	9.31e-01	0.00e+00	0.00e+00	0.00e+00
 2.48405e+22	5.05e-26	4.41e-20	1.39e-15	3.96e-12	2.91e-09	9.18e-07	1.15e-03	6.92e-02	9.30e-01	0.00e+00	0.00e+00	0.00e+00
 2.49642e+22	6.22e-26	5.29e-20	1.62e-15	4.50e-12	3.22e-09	9.84e-07	1.20e-03	7.08e-02	9.28e-01	0.00e+00	0.00e+00	0.00e+00
 2.51040e+22	8.23e-26	6.74e-20	1.99e-15	5.34e-12	3.67e-09	1.08e-06	1.28e-03	7.29e-02	9.26e-01	0.00e+00	0.00e+00	0.00e+00
 2.52434e+22	1.03e-25	8.19e-20	2.35e-15	6.12e-12	4.08e-09	1.16e-06	1.34e-03	7.47e-02	9.24e-01	0.00e+00	0.00e+00	0.00e+00
 2.53635e+22	1.29e-25	9.94e-20	2.77e-15	7.01e-12	4.53e-09	1.25e-06	1.41e-03	7.64e-02	9.22e-01	0.00e+00	0.00e+00	0.00e+00
 2.54784e+22	1.60e-25	1.20e-19	3.25e-15	7.98e-12	5.01e-09	1.34e-06	1.48e-03	7.81e-02	9.20e-01	0.00e+00	0.00e+00	0.00e+00
 2.55882e+22	1.96e-25	1.43e-19	3.78e-15	9.05e-12	5.52e-09	1.44e-06	1.54e-03	7.98e-02	9.19e-01	0.00e+00	0.00e+00	0.00e+00
 2.57139e+22	2.57e-25	1.81e-19	4.61e-15	1.07e-11	6.26e-09	1.57e-06	1.64e-03	8.21e-02	9.16e-01	0.00e+00	0.00e+00	0.00e+00
 2.58403e+22	3.18e-25	2.17e-19	5.39e-15	1.21e-11	6.92e-09	1.68e-06	1.71e-03	8.39e-02	9.14e-01	0.00e+00	0.00e+00	0.00e+00
 2.59677e+22	4.23e-25	2.78e-19	6.65e-15	1.44e-11	7.91e-09	1.85e-06	1.82e-03	8.63e-02	9.12e-01	0.00e+00	0.00e+00	0.00e+00
 2.60947e+22	5.36e-25	3.41e-19	7.91e-15	1.67e-11	8.83e-09	1.99e-06	1.91e-03	8.84e-02	9.10e-01	0.00e+00	0.00e+00	0.00e+00
 2.61967e+22	6.55e-25	4.06e-19	9.17e-15	1.88e-11	9.70e-09	2.13e-06	1.99e-03	9.01e-02	9.08e-01	0.00e+00	0.00e+00	0.00e+00
 2.63047e+22	8.40e-25	5.04e-19	1.10e-14	2.19e-11	1.09e-08	2.31e-06	2.10e-03	9.24e-02	9.06e-01	0.00e+00	0.00e+00	0.00e+00
 2.64158e+22	1.03e-24	6.03e-19	1.28e-14	2.48e-11	1.20e-08	2.47e-06	2.19e-03	9.43e-02	9.04e-01	0.00e+00	0.00e+00	0.00e+00
 2.65308e+22	1.38e-24	7.76e-19	1.59e-14	2.96e-11	1.37e-08	2.71e-06	2.33e-03	9.70e-02	9.01e-01	0.00e+00	0.00e+00	0.00e+00
 2.66436e+22	1.71e-24	9.36e-19	1.86e-14	3.38e-11	1.52e-08	2.91e-06	2.43e-03	9.90e-02	8.99e-01	0.00e+00	0.00e+00	0.00e+00
 2.67535e+22	2.27e-24	1.20e-18	2.30e-14	4.01e-11	1.73e-08	3.18e-06	2.58e-03	1.02e-01	8.96e-01	0.00e+00	0.00e+00	0.00e+00
 2.68644e+22	2.84e-24	1.45e-18	2.71e-14	4.59e-11	1.92e-08	3.42e-06	2.69e-03	1.04e-01	8.93e-01	0.00e+00	0.00e+00	0.00e+00
 2.69766e+22	3.84e-24	1.89e-18	3.38e-14	5.51e-11	2.21e-08	3.76e-06	2.86e-03	1.07e-01	8.90e-01	0.00e+00	0.00e+00	0.00e+00
 2.70889e+22	4.87e-24	2.31e-18	4.02e-14	6.36e-11	2.47e-08	4.06e-06	3.00e-03	1.09e-01	8.88e-01	0.00e+00	0.00e+00	0.00e+00
 2.71843e+22	6.05e-24	2.80e-18	4.73e-14	7.26e-11	2.73e-08	4.35e-06	3.14e-03	1.12e-01	8.85e-01	0.00e+00	0.00e+00	0.00e+00
 2.72910e+22	8.36e-24	3.70e-18	6.00e-14	8.83e-11	3.17e-08	4.82e-06	3.34e-03	1.15e-01	8.82e-01	0.00e+00	0.00e+00	0.00e+00
 2.73955e+22	1.03e-23	4.45e-18	7.01e-14	1.00e-10	3.50e-08	5.16e-06	3.49e-03	1.17e-01	8.79e-01	0.00e+00	0.00e+00	0.00e+00
 2.74972e+22	1.41e-23	5.84e-18	8.83e-14	1.21e-10	4.04e-08	5.69e-06	3.70e-03	1.20e-01	8.76e-01	0.00e+00	0.00e+00	0.00e+00
 2.75969e+22	1.74e-23	6.98e-18	1.03e-13	1.37e-10	4.44e-08	6.07e-06	3.86e-03	1.23e-01	8.73e-01	0.00e+00	0.00e+00	0.00e+00
 2.76942e+22	2.38e-23	9.19e-18	1.30e-13	1.66e-10	5.13e-08	6.70e-06	4.10e-03	1.26e-01	8.70e-01	0.00e+00	0.00e+00	0.00e+00
 2.77913e+22	2.96e-23	1.11e-17	1.52e-13	1.90e-10	5.67e-08	7.18e-06	4.28e-03	1.29e-01	8.67e-01	0.00e+00	0.00e+00	0.00e+00
 2.78881e+22	4.08e-23	1.47e-17	1.93e-13	2.30e-10	6.57e-08	7.93e-06	4.55e-03	1.32e-01	8.63e-01	0.00e+00	0.00e+00	0.00e+00
 2.79858e+22	5.16e-23	1.80e-17	2.29e-13	2.65e-10	7.32e-08	8.53e-06	4.76e-03	1.35e-01	8.60e-01	0.00e+00	0.00e+00	0.00e+00
 2.80845e+22	7.22e-23	2.41e-17	2.94e-13	3.25e-10	8.53e-08	9.47e-06	5.08e-03	1.39e-01	8.56e-01	0.00e+00	0.00e+00	0.00e+00
 2.81840e+22	9.19e-23	2.96e-17	3.51e-13	3.76e-10	9.53e-08	1.02e-05	5.32e-03	1.42e-01	8.53e-01	0.00e+00	0.00e+00	0.00e+00
 2.82845e+22	1.28e-22	3.96e-17	4.49e-13	4.60e-10	1.11e-07	1.13e-05	5.67e-03	1.46e-01	8.48e-01	0.00e+00	0.00e+00	0.00e+00
 2.83842e+22	1.65e-22	4.93e-17	5.40e-13	5.36e-10	1.25e-07	1.23e-05	5.95e-03	1.50e-01	8.44e-01	0.00e+00	0.00e+00	0.00e+00
 2.84828e+22	2.31e-22	6.60e-17	6.92e-13	6.56e-10	1.45e-07	1.36e-05	6.35e-03	1.54e-01	8.40e-01	0.00e+00	0.00e+00	0.00e+00
 2.85832e+22	3.02e-22	8.33e-17	8.42e-13	7.71e-10	1.64e-07	1.48e-05	6.68e-03	1.57e-01	8.36e-01	0.00e+00	0.00e+00	0.00e+00
 2.86860e+22	4.31e-22	1.13e-16	1.09e-12	9.54e-10	1.93e-07	1.65e-05	7.15e-03	1.62e-01	8.31e-01	0.00e+00	0.00e+00	0.00e+00
 2.87895e+22	5.66e-22	1.43e-16	1.34e-12	1.12e-09	2.19e-07	1.80e-05	7.53e-03	1.66e-01	8.26e-01	0.00e+00	0.00e+00	0.00e+00
 2.88938e+22	8.12e-22	1.96e-16	1.74e-12	1.40e-09	2.58e-07	2.01e-05	8.07e-03	1.71e-01	8.21e-01	0.00e+00	0.00e+00	0.00e+00
 2.89988e+22	1.07e-21	2.49e-16	2.13e-12	1.65e-09	2.93e-07	2.19e-05	8.51e-03	1.75e-01	8.16e-01	0.00e+00	0.00e+00	0.00e+00
 2.90898e+22	1.40e-21	3.15e-16	2.61e-12	1.95e-09	3.32e-07	2.39e-05	8.97e-03	1.79e-01	8.12e-01	0.00e+00	0.00e+00	0.00e+00
 2.91934e+22	2.01e-21	4.31e-16	3.40e-12	2.42e-09	3.91e-07	2.67e-05	9.61e-03	1.85e-01	8.05e-01	0.00e+00	0.00e+00	0.00e+00
 2.92959e+22	2.58e-21	5.35e-16	4.08e-12	2.81e-09	4.39e-07	2.89e-05	1.01e-02	1.89e-01	8.01e-01	0.00e+00	0.00e+00	0.00e+00
 2.93968e+22	3.59e-21	7.12e-16	5.20e-12	3.43e-09	5.12e-07	3.21e-05	1.08e-02	1.94e-01	7.95e-01	0.00e+00	0.00e+00	0.00e+00
 2.95009e+22	4.70e-21	9.00e-16	6.35e-12	4.04e-09	5.80e-07	3.50e-05	1.13e-02	1.99e-01	7.90e-01	0.00e+00	0.00e+00	0.00e+00
 2.96089e+22	6.62e-21	1.21e-15	8.16e-12	4.97e-09	6.80e-07	3.90e-05	1.21e-02	2.05e-01	7.83e-01	0.00e+00	0.00e+00	0.00e+00
 2.97189e+22	8.68e-21	1.53e-15	9.96e-12	5.85e-09	7.71e-07	4.26e-05	1.28e-02	2.09e-01	7.78e-01	0.00e+00	0.00e+00	0.00e+00
 2.98314e+22	1.23e-20	2.06e-15	1.28e-11	7.22e-09	9.06e-07	4.76e-05	1.37e-02	2.16e-01	7.71e-01	0.00e+00	0.00e+00	0.00e+00
 2.99464e+22	1.60e-20	2.60e-15	1.56e-11	8.49e-09	1.03e-06	5.19e-05	1.45e-02	2.21e-01	7.65e-01	0.00e+00	0.00e+00	0.00e+00
 3.00643e+22	2.26e-20	3.50e-15	2.01e-11	1.05e-08	1.21e-06	5.80e-05	1.55e-02	2.27e-01	7.57e-01	0.00e+00	0.00e+00	0.00e+00
 3.01843e+22	2.94e-20	4.40e-15	2.45e-11	1.23e-08	1.37e-06	6.33e-05	1.63e-02	2.32e-01	7.51e-01	0.00e+00	0.00e+00	0.00e+00
 3.03067e+22	4.13e-20	5.91e-15	3.15e-11	1.51e-08	1.61e-06	7.07e-05	1.75e-02	2.39e-01	7.44e-01	0.00e+00	0.00e+00	0.00e+00
 3.04299e+22	5.32e-20	7.37e-15	3.80e-11	1.77e-08	1.81e-06	7.70e-05	1.84e-02	2.44e-01	7.37e-01	0.00e+00	0.00e+00	0.00e+00
 3.05541e+22	7.40e-20	9.80e-15	4.84e-11	2.16e-08	2.12e-06	8.59e-05	1.97e-02	2.51e-01	7.29e-01	0.00e+00	0.00e+00	0.00e+00
 3.06745e+22	9.21e-20	1.19e-14	5.70e-11	2.48e-08	2.36e-06	9.25e-05	2.06e-02	2.56e-01	7.24e-01	0.00e+00	0.00e+00	0.00e+00
 3.07900e+22	1.23e-19	1.53e-14	7.08e-11	2.97e-08	2.71e-06	1.02e-04	2.19e-02	2.62e-01	7.16e-01	0.00e+00	0.00e+00	0.00e+00
 3.09084e+22	1.55e-19	1.86e-14	8.36e-11	3.41e-08	3.03e-06	1.10e-04	2.30e-02	2.67e-01	7.10e-01	0.00e+00	0.00e+00	0.00e+00
 3.10305e+22	2.09e-19	2.42e-14	1.05e-10	4.10e-08	3.50e-06	1.22e-04	2.45e-02	2.74e-01	7.02e-01	0.00e+00	0.00e+00	0.00e+00
 3.11541e+22	2.60e-19	2.92e-14	1.23e-10	4.69e-08	3.89e-06	1.31e-04	2.56e-02	2.79e-01	6.95e-01	0.00e+00	0.00e+00	0.00e+00
 3.12797e+22	3.46e-19	3.74e-14	1.52e-10	5.61e-08	4.48e-06	1.45e-04	2.72e-02	2.86e-01	6.87e-01	0.00e+00	0.00e+00	0.00e+00
 3.14043e+22	4.29e-19	4.51e-14	1.78e-10	6.40e-08	4.97e-06	1.56e-04	2.84e-02	2.91e-01	6.81e-01	0.00e+00	0.00e+00	0.00e+00
 3.15276e+22	5.68e-19	5.75e-14	2.20e-10	7.62e-08	5.70e-06	1.72e-04	3.02e-02	2.97e-01	6.72e-01	0.00e+00	0.00e+00	0.00e+00
 3.16521e+22	6.94e-19	6.85e-14	2.55e-10	8.63e-08	6.30e-06	1.84e-04	3.15e-02	3.02e-01	6.66e-01	0.00e+00	0.00e+00	0.00e+00
 3.17782e+22	9.14e-19	8.70e-14	3.13e-10	1.02e-07	7.21e-06	2.03e-04	3.34e-02	3.09e-01	6.57e-01	0.00e+00	0.00e+00	0.00e+00
 3.19068e+22	1.12e-18	1.04e-13	3.64e-10	1.16e-07	7.98e-06	2.18e-04	3.49e-02	3.14e-01	6.51e-01	0.00e+00	0.00e+00	0.00e+00
 3.20385e+22	1.48e-18	1.32e-13	4.47e-10	1.38e-07	9.14e-06	2.40e-04	3.69e-02	3.21e-01	6.42e-01	0.00e+00	0.00e+00	0.00e+00
 3.21726e+22	1.81e-18	1.58e-13	5.21e-10	1.57e-07	1.01e-05	2.58e-04	3.86e-02	3.26e-01	6.35e-01	0.00e+00	0.00e+00	0.00e+00
 3.23098e+22	2.39e-18	2.01e-13	6.41e-10	1.87e-07	1.16e-05	2.84e-04	4.09e-02	3.33e-01	6.25e-01	0.00e+00	0.00e+00	0.00e+00
 3.24496e+22	2.94e-18	2.40e-13	7.48e-10	2.13e-07	1.29e-05	3.06e-04	4.28e-02	3.39e-01	6.18e-01	0.00e+00	0.00e+00	0.00e+00
 3.25927e+22	3.88e-18	3.06e-13	9.19e-10	2.53e-07	1.48e-05	3.37e-04	4.54e-02	3.46e-01	6.08e-01	0.00e+00	0.00e+00	0.00e+00
 3.27326e+22	4.65e-18	3.58e-13	1.05e-09	2.83e-07	1.62e-05	3.60e-04	4.71e-02	3.51e-01	6.02e-01	0.00e+00	0.00e+00	0.00e+00
 3.28682e+22	6.04e-18	4.49e-13	1.28e-09	3.34e-07	1.85e-05	3.94e-04	4.98e-02	3.58e-01	5.92e-01	0.00e+00	0.00e+00	0.00e+00
 3.30060e+22	7.25e-18	5.27e-13	1.47e-09	3.75e-07	2.02e-05	4.21e-04	5.18e-02	3.62e-01	5.85e-01	0.00e+00	0.00e+00	0.00e+00
 3.31465e+22	9.32e-18	6.56e-13	1.77e-09	4.39e-07	2.29e-05	4.60e-04	5.46e-02	3.69e-01	5.76e-01	0.00e+00	0.00e+00	0.00e+00
 3.32914e+22	1.14e-17	7.82e-13	2.06e-09	4.98e-07	2.54e-05	4.95e-04	5.70e-02	3.74e-01	5.68e-01	0.00e+00	0.00e+00	0.00e+00
 3.34420e+22	1.47e-17	9.73e-13	2.49e-09	5.83e-07	2.88e-05	5.41e-04	6.01e-02	3.81e-01	5.58e-01	0.00e+00	0.00e+00	0.00e+00
 3.35975e+22	1.81e-17	1.17e-12	2.92e-09	6.67e-07	3.21e-05	5.83e-04	6.29e-02	3.87e-01	5.50e-01	0.00e+00	0.00e+00	0.00e+00
 3.37593e+22	2.35e-17	1.47e-12	3.54e-09	7.86e-07	3.65e-05	6.40e-04	6.64e-02	3.94e-01	5.39e-01	2.35e-17	5.97e-28	6.35e-28
 3.39256e+22	2.93e-17	1.78e-12	4.17e-09	9.02e-07	4.08e-05	6.92e-04	6.95e-02	3.99e-01	5.31e-01	2.93e-17	5.57e-26	7.02e-26
 3.40977e+22	3.83e-17	2.25e-12	5.10e-09	1.07e-06	4.66e-05	7.61e-04	7.35e-02	4.06e-01	5.20e-01	3.83e-17	7.29e-26	9.18e-26
 3.42753e+22	4.81e-17	2.74e-12	6.05e-09	1.23e-06	5.23e-05	8.25e-04	7.71e-02	4.12e-01	5.10e-01	4.81e-17	9.15e-26	1.15e-25
 3.44604e+22	6.36e-17	3.49e-12	7.45e-09	1.47e-06	6.01e-05	9.11e-04	8.16e-02	4.19e-01	4.98e-01	6.36e-17	1.21e-25	1.52e-25
 3.46505e+22	8.04e-17	4.29e-12	8.89e-09	1.70e-06	6.77e-05	9.90e-04	8.57e-02	4.25e-01	4.88e-01	8.04e-17	1.53e-25	1.93e-25
 3.48215e+22	1.00e-16	5.20e-12	1.05e-08	1.95e-06	7.56e-05	1.07e-03	8.96e-02	4.30e-01	4.79e-01	1.00e-16	1.91e-25	2.41e-25
 3.50180e+22	1.35e-16	6.75e-12	1.31e-08	2.36e-06	8.79e-05	1.19e-03	9.53e-02	4.37e-01	4.66e-01	1.35e-16	2.58e-25	3.25e-25
 3.52156e+22	1.69e-16	8.18e-12	1.55e-08	2.71e-06	9.81e-05	1.29e-03	9.96e-02	4.43e-01	4.57e-01	1.69e-16	3.22e-25	4.05e-25
 3.54148e+22	2.26e-16	1.06e-11	1.93e-08	3.26e-06	1.14e-04	1.43e-03	1.06e-01	4.49e-01	4.44e-01	2.26e-16	4.32e-25	5.43e-25
 3.56182e+22	2.87e-16	1.30e-11	2.30e-08	3.78e-06	1.28e-04	1.55e-03	1.11e-01	4.54e-01	4.33e-01	2.87e-16	5.47e-25	6.88e-25
 3.58272e+22	3.87e-16	1.69e-11	2.89e-08	4.57e-06	1.49e-04	1.72e-03	1.18e-01	4.61e-01	4.20e-01	3.87e-16	7.39e-25	9.30e-25
 3.60394e+22	4.94e-16	2.08e-11	3.46e-08	5.32e-06	1.68e-04	1.88e-03	1.23e-01	4.66e-01	4.09e-01	4.94e-16	9.43e-25	1.19e-24
 3.62559e+22	6.76e-16	2.74e-11	4.38e-08	6.49e-06	1.97e-04	2.10e-03	1.31e-01	4.72e-01	3.95e-01	6.76e-16	1.29e-24	1.63e-24
 3.64733e+22	8.59e-16	3.38e-11	5.25e-08	7.55e-06	2.22e-04	2.28e-03	1.37e-01	4.76e-01	3.84e-01	8.59e-16	1.64e-24	2.07e-24
 3.66538e+22	1.07e-15	4.08e-11	6.17e-08	8.66e-06	2.48e-04	2.47e-03	1.43e-01	4.80e-01	3.74e-01	1.07e-15	2.04e-24	2.57e-24
 3.68502e+22	1.42e-15	5.23e-11	7.64e-08	1.04e-05	2.87e-04	2.73e-03	1.51e-01	4.85e-01	3.61e-01	1.42e-15	2.71e-24	3.41e-24
 3.70458e+22	1.75e-15	6.28e-11	8.95e-08	1.19e-05	3.20e-04	2.94e-03	1.58e-01	4.88e-01	3.51e-01	1.75e-15	3.35e-24	4.21e-24
 3.72404e+22	2.31e-15	8.02e-11	1.11e-07	1.42e-05	3.70e-04	3.25e-03	1.66e-01	4.92e-01	3.38e-01	2.31e-15	4.43e-24	5.57e-24
 3.74376e+22	2.87e-15	9.67e-11	1.30e-07	1.63e-05	4.13e-04	3.52e-03	1.73e-01	4.94e-01	3.28e-01	2.87e-15	5.50e-24	6.91e-24
 3.76380e+22	3.82e-15	1.24e-10	1.61e-07	1.96e-05	4.80e-04	3.90e-03	1.83e-01	4.97e-01	3.15e-01	3.82e-15	7.32e-24	9.20e-24
 3.78409e+22	4.75e-15	1.50e-10	1.90e-07	2.25e-05	5.37e-04	4.23e-03	1.91e-01	4.99e-01	3.05e-01	4.75e-15	9.11e-24	1.15e-23
 3.80470e+22	6.33e-15	1.93e-10	2.37e-07	2.71e-05	6.26e-04	4.70e-03	2.02e-01	5.02e-01	2.91e-01	6.33e-15	1.21e-23	1.53e-23
 3.82571e+22	7.95e-15	2.35e-10	2.81e-07	3.14e-05	7.06e-04	5.11e-03	2.11e-01	5.03e-01	2.81e-01	7.95e-15	1.52e-23	1.92e-23
 3.84724e+22	1.07e-14	3.04e-10	3.52e-07	3.81e-05	8.28e-04	5.71e-03	2.23e-01	5.04e-01	2.67e-01	1.07e-14	2.05e-23	2.57e-23
 3.86919e+22	1.34e-14	3.72e-10	4.20e-07	4.45e-05	9.39e-04	6.24e-03	2.33e-01	5.04e-01	2.56e-01	1.34e-14	2.58e-23	3.24e-23
 3.89170e+22	1.81e-14	4.82e-10	5.29e-07	5.43e-05	1.11e-03	7.01e-03	2.47e-01	5.04e-01	2.41e-01	1.81e-14	3.47e-23	4.36e-23
 3.91440e+22	2.27e-14	5.89e-10	6.31e-07	6.33e-05	1.26e-03	7.67e-03	2.58e-01	5.03e-01	2.30e-01	2.27e-14	4.36e-23	5.48e-23
 3.93347e+22	2.78e-14	7.04e-10	7.39e-07	7.27e-05	1.42e-03	8.32e-03	2.68e-01	5.02e-01	2.20e-01	2.78e-14	5.35e-23	6.72e-23
 3.95416e+22	3.58e-14	8.79e-10	9.02e-07	8.67e-05	1.64e-03	9.24e-03	2.82e-01	4.99e-01	2.08e-01	3.58e-14	6.90e-23	8.67e-23
 3.97500e+22	4.36e-14	1.05e-09	1.05e-06	9.96e-05	1.85e-03	1.00e-02	2.93e-01	4.97e-01	1.98e-01	4.36e-14	8.41e-23	1.06e-22
 3.99540e+22	5.49e-14	1.28e-09	1.27e-06	1.17e-04	2.12e-03	1.11e-02	3.06e-01	4.94e-01	1.87e-01	5.49e-14	1.06e-22	1.33e-22
 4.01621e+22	6.66e-14	1.52e-09	1.48e-06	1.35e-04	2.39e-03	1.21e-02	3.18e-01	4.90e-01	1.77e-01	6.66e-14	1.29e-22	1.61e-22
 4.03660e+22	8.19e-14	1.83e-09	1.75e-06	1.57e-04	2.73e-03	1.33e-02	3.32e-01	4.85e-01	1.67e-01	8.19e-14	1.58e-22	1.99e-22
 4.05743e+22	9.88e-14	2.16e-09	2.05e-06	1.81e-04	3.08e-03	1.45e-02	3.45e-01	4.80e-01	1.58e-01	9.88e-14	1.91e-22	2.40e-22
 4.07800e+22	1.19e-13	2.55e-09	2.39e-06	2.09e-04	3.49e-03	1.58e-02	3.58e-01	4.74e-01	1.48e-01	1.19e-13	2.30e-22	2.89e-22
 4.09868e+22	1.42e-13	2.98e-09	2.77e-06	2.40e-04	3.93e-03	1.72e-02	3.71e-01	4.68e-01	1.39e-01	1.42e-13	2.74e-22	3.44e-22
 4.11913e+22	1.67e-13	3.47e-09	3.19e-06	2.74e-04	4.42e-03	1.88e-02	3.84e-01	4.61e-01	1.31e-01	1.67e-13	3.24e-22	4.06e-22
 4.13953e+22	1.95e-13	4.00e-09	3.66e-06	3.12e-04	4.96e-03	2.04e-02	3.97e-01	4.54e-01	1.23e-01	1.95e-13	3.79e-22	4.75e-22
 4.15996e+22	2.27e-13	4.59e-09	4.19e-06	3.54e-04	5.55e-03	2.21e-02	4.10e-01	4.47e-01	1.15e-01	2.27e-13	4.41e-22	5.53e-22
 4.18047e+22	2.62e-13	5.24e-09	4.77e-06	4.01e-04	6.19e-03	2.40e-02	4.23e-01	4.39e-01	1.07e-01	2.62e-13	5.09e-22	6.38e-22
 4.20109e+22	3.00e-13	5.95e-09	5.41e-06	4.54e-04	6.90e-03	2.60e-02	4.36e-01	4.30e-01	1.00e-01	3.00e-13	5.84e-22	7.32e-22
 4.22189e+22	3.42e-13	6.72e-09	6.12e-06	5.12e-04	7.67e-03	2.82e-02	4.49e-01	4.21e-01	9.36e-02	3.42e-13	6.66e-22	8.34e-22
 4.24293e+22	3.88e-13	7.57e-09	6.91e-06	5.76e-04	8.52e-03	3.04e-02	4.61e-01	4.12e-01	8.72e-02	3.88e-13	7.55e-22	9.46e-22
 4.26408e+22	4.36e-13	8.47e-09	7.76e-06	6.46e-04	9.43e-03	3.29e-02	4.74e-01	4.02e-01	8.11e-02	4.36e-13	8.51e-22	1.07e-21
 4.28556e+22	4.90e-13	9.48e-09	8.72e-06	7.26e-04	1.04e-02	3.55e-02	4.86e-01	3.92e-01	7.52e-02	4.90e-13	9.56e-22	1.20e-21
 4.30728e+22	5.46e-13	1.05e-08	9.76e-06	8.13e-04	1.15e-02	3.82e-02	4.97e-01	3.82e-01	6.97e-02	5.46e-13	1.07e-21	1.34e-21
 4.32943e+22	6.08e-13	1.17e-08	1.09e-05	9.12e-04	1.27e-02	4.13e-02	5.09e-01	3.71e-01	6.44e-02	6.08e-13	1.19e-21	1.49e-21
 4.35198e+22	6.73e-13	1.30e-08	1.22e-05	1.02e-03	1.40e-02	4.44e-02	5.20e-01	3.61e-01	5.95e-02	6.73e-13	1.32e-21	1.65e-21
 4.37265e+22	7.30e-13	1.41e-08	1.34e-05	1.12e-03	1.52e-02	4.72e-02	5.29e-01	3.52e-01	5.56e-02	7.30e-13	1.43e-21	1.79e-21
 4.39425e+22	8.05e-13	1.56e-08	1.49e-05	1.25e-03	1.67e-02	5.09e-02	5.40e-01	3.40e-01	5.09e-02	8.05e-13	1.58e-21	1.98e-21
 4.41614e+22	8.73e-13	1.70e-08	1.64e-05	1.38e-03	1.81e-02	5.39e-02	5.49e-01	3.31e-01	4.75e-02	8.73e-13	1.72e-21	2.15e-21
 4.43863e+22	9.62e-13	1.88e-08	1.83e-05	1.55e-03	1.99e-02	5.81e-02	5.59e-01	3.18e-01	4.33e-02	9.62e-13	1.90e-21	2.37e-21
 4.46117e+22	1.04e-12	2.03e-08	2.00e-05	1.69e-03	2.14e-02	6.15e-02	5.66e-01	3.09e-01	4.03e-02	1.04e-12	2.04e-21	2.55e-21
 4.48376e+22	1.13e-12	2.24e-08	2.23e-05	1.89e-03	2.35e-02	6.61e-02	5.75e-01	2.97e-01	3.66e-02	1.13e-12	2.24e-21	2.80e-21
 4.50645e+22	1.22e-12	2.43e-08	2.44e-05	2.07e-03	2.52e-02	6.97e-02	5.81e-01	2.88e-01	3.40e-02	1.22e-12	2.41e-21	3.02e-21
 4.52926e+22	1.33e-12	2.67e-08	2.72e-05	2.31e-03	2.75e-02	7.47e-02	5.89e-01	2.76e-01	3.09e-02	1.33e-12	2.64e-21	3.29e-21
 4.55233e+22	1.43e-12	2.89e-08	2.97e-05	2.52e-03	2.95e-02	7.86e-02	5.94e-01	2.67e-01	2.86e-02	1.43e-12	2.84e-21	3.55e-21
 4.57572e+22	1.56e-12	3.18e-08	3.31e-05	2.82e-03	3.21e-02	8.41e-02	6.00e-01	2.55e-01	2.59e-02	1.56e-12	3.10e-21	3.87e-21
 4.59944e+22	1.68e-12	3.45e-08	3.62e-05	3.08e-03	3.43e-02	8.84e-02	6.04e-01	2.46e-01	2.39e-02	1.68e-12	3.35e-21	4.18e-21
 4.62358e+22	1.83e-12	3.82e-08	4.06e-05	3.45e-03	3.73e-02	9.43e-02	6.09e-01	2.34e-01	2.16e-02	1.83e-12	3.66e-21	4.57e-21
 4.64817e+22	1.98e-12	4.16e-08	4.45e-05	3.77e-03	3.99e-02	9.92e-02	6.12e-01	2.25e-01	1.98e-02	1.98e-12	3.97e-21	4.95e-21
 4.67336e+22	2.18e-12	4.63e-08	5.01e-05	4.23e-03	4.34e-02	1.06e-01	6.15e-01	2.14e-01	1.78e-02	2.18e-12	4.36e-21	5.44e-21
 4.69914e+22	2.37e-12	5.08e-08	5.53e-05	4.64e-03	4.63e-02	1.11e-01	6.17e-01	2.05e-01	1.63e-02	2.37e-12	4.76e-21	5.93e-21
 4.72569e+22	2.61e-12	5.69e-08	6.26e-05	5.23e-03	5.04e-02	1.18e-01	6.19e-01	1.93e-01	1.44e-02	2.61e-12	5.26e-21	6.56e-21
 4.75267e+22	2.86e-12	6.29e-08	6.95e-05	5.75e-03	5.38e-02	1.24e-01	6.19e-01	1.84e-01	1.32e-02	2.86e-12	5.78e-21	7.20e-21
 4.77542e+22	3.10e-12	6.88e-08	7.62e-05	6.26e-03	5.69e-02	1.29e-01	6.19e-01	1.77e-01	1.21e-02	3.10e-12	6.28e-21	7.82e-21
 4.80018e+22	3.43e-12	7.71e-08	8.58e-05	6.98e-03	6.12e-02	1.36e-01	6.18e-01	1.67e-01	1.08e-02	3.43e-12	6.97e-21	8.67e-21
 4.82417e+22	3.72e-12	8.40e-08	9.36e-05	7.54e-03	6.45e-02	1.42e-01	6.16e-01	1.60e-01	1.00e-02	3.72e-12	7.56e-21	9.41e-21
 4.84713e+22	4.07e-12	9.33e-08	1.04e-04	8.32e-03	6.88e-02	1.48e-01	6.14e-01	1.51e-01	9.00e-03	4.07e-12	8.29e-21	1.03e-20
 4.87034e+22	4.46e-12	1.03e-07	1.15e-04	8.99e-03	7.23e-02	1.54e-01	6.11e-01	1.45e-01	8.30e-03	4.46e-12	9.10e-21	1.13e-20
 4.89387e+22	4.93e-12	1.15e-07	1.28e-04	9.94e-03	7.71e-02	1.61e-01	6.08e-01	1.37e-01	7.44e-03	4.93e-12	1.01e-20	1.26e-20
 4.91776e+22	5.43e-12	1.27e-07	1.41e-04	1.08e-02	8.11e-02	1.66e-01	6.04e-01	1.31e-01	6.84e-03	5.43e-12	1.12e-20	1.39e-20
 4.94213e+22	6.06e-12	1.44e-07	1.59e-04	1.19e-02	8.64e-02	1.74e-01	5.99e-01	1.23e-01	6.10e-03	6.06e-12	1.25e-20	1.55e-20
 4.96684e+22	6.74e-12	1.60e-07	1.76e-04	1.29e-02	9.08e-02	1.79e-01	5.94e-01	1.17e-01	5.59e-03	6.74e-12	1.39e-20	1.73e-20
 4.99201e+22	7.59e-12	1.82e-07	2.00e-04	1.43e-02	9.67e-02	1.87e-01	5.87e-01	1.10e-01	4.95e-03	7.59e-12	1.57e-20	1.95e-20
 5.01762e+22	8.52e-12	2.05e-07	2.22e-04	1.56e-02	1.02e-01	1.93e-01	5.81e-01	1.04e-01	4.51e-03	8.52e-12	1.77e-20	2.20e-20
 5.04384e+22	9.71e-12	2.36e-07	2.53e-04	1.73e-02	1.08e-01	2.01e-01	5.72e-01	9.71e-02	3.98e-03	9.71e-12	2.03e-20	2.52e-20
 5.07065e+22	1.10e-11	2.67e-07	2.83e-04	1.89e-02	1.14e-01	2.07e-01	5.65e-01	9.17e-02	3.60e-03	1.10e-11	2.30e-20	2.85e-20
 5.09822e+22	1.28e-11	3.12e-07	3.26e-04	2.10e-02	1.21e-01	2.15e-01	5.54e-01	8.49e-02	3.15e-03	1.28e-11	2.69e-20	3.33e-20
 5.12650e+22	1.46e-11	3.57e-07	3.66e-04	2.30e-02	1.28e-01	2.22e-01	5.45e-01	7.97e-02	2.82e-03	1.46e-11	3.09e-20	3.82e-20
 5.15570e+22	1.73e-11	4.24e-07	4.25e-04	2.57e-02	1.36e-01	2.30e-01	5.32e-01	7.33e-02	2.44e-03	1.73e-11	3.67e-20	4.55e-20
 5.18515e+22	2.01e-11	4.89e-07	4.80e-04	2.81e-02	1.43e-01	2.36e-01	5.22e-01	6.87e-02	2.19e-03	2.01e-11	4.29e-20	5.31e-20
 5.21496e+22	2.39e-11	5.84e-07	5.59e-04	3.15e-02	1.52e-01	2.44e-01	5.08e-01	6.27e-02	1.88e-03	2.39e-11	5.13e-20	6.35e-20
 5.24503e+22	2.80e-11	6.78e-07	6.32e-04	3.44e-02	1.59e-01	2.49e-01	4.96e-01	5.86e-02	1.68e-03	2.80e-11	6.05e-20	7.48e-20
 5.27544e+22	3.38e-11	8.16e-07	7.40e-04	3.84e-02	1.69e-01	2.57e-01	4.81e-01	5.32e-02	1.43e-03	3.38e-11	7.35e-20	9.08e-20
 5.30510e+22	3.93e-11	9.39e-07	8.30e-04	4.17e-02	1.76e-01	2.61e-01	4.69e-01	4.97e-02	1.28e-03	3.93e-11	8.59e-20	1.06e-19
 5.33379e+22	4.76e-11	1.12e-06	9.60e-04	4.61e-02	1.86e-01	2.67e-01	4.54e-01	4.54e-02	1.10e-03	4.76e-11	1.05e-19	1.29e-19
 5.36400e+22	5.65e-11	1.32e-06	1.09e-03	5.04e-02	1.95e-01	2.72e-01	4.40e-01	4.18e-02	9.67e-04	5.65e-11	1.25e-19	1.54e-19
 5.38954e+22	6.51e-11	1.50e-06	1.21e-03	5.42e-02	2.02e-01	2.75e-01	4.28e-01	3.91e-02	8.67e-04	6.51e-11	1.45e-19	1.78e-19
 5.41610e+22	7.82e-11	1.77e-06	1.38e-03	5.92e-02	2.11e-01	2.79e-01	4.13e-01	3.58e-02	7.56e-04	7.82e-11	1.75e-19	2.16e-19
 5.44357e+22	9.17e-11	2.05e-06	1.55e-03	6.39e-02	2.19e-01	2.82e-01	4.00e-01	3.32e-02	6.69e-04	9.17e-11	2.06e-19	2.54e-19
 5.46833e+22	1.07e-10	2.35e-06	1.73e-03	6.87e-02	2.26e-01	2.85e-01	3.87e-01	3.07e-02	5.94e-04	1.07e-10	2.42e-19	2.98e-19
 5.49664e+22	1.31e-10	2.81e-06	1.98e-03	7.52e-02	2.36e-01	2.87e-01	3.71e-01	2.79e-02	5.11e-04	1.31e-10	2.99e-19	3.67e-19
 5.52594e+22	1.56e-10	3.28e-06	2.24e-03	8.13e-02	2.44e-01	2.90e-01	3.56e-01	2.55e-02	4.45e-04	1.56e-10	3.58e-19	4.41e-19
 5.55201e+22	1.85e-10	3.80e-06	2.50e-03	8.73e-02	2.52e-01	2.91e-01	3.43e-01	2.35e-02	3.92e-04	1.85e-10	4.27e-19	5.24e-19
 5.58136e+22	2.29e-10	4.56e-06	2.87e-03	9.54e-02	2.62e-01	2.92e-01	3.26e-01	2.11e-02	3.34e-04	2.29e-10	5.33e-19	6.55e-19
 5.61210e+22	2.77e-10	5.37e-06	3.26e-03	1.03e-01	2.71e-01	2.92e-01	3.11e-01	1.91e-02	2.87e-04	2.77e-10	6.51e-19	8.00e-19
 5.63992e+22	3.33e-10	6.26e-06	3.65e-03	1.11e-01	2.79e-01	2.92e-01	2.97e-01	1.74e-02	2.50e-04	3.33e-10	7.88e-19	9.67e-19
 5.67139e+22	4.20e-10	7.61e-06	4.22e-03	1.21e-01	2.89e-01	2.90e-01	2.80e-01	1.54e-02	2.08e-04	4.20e-10	1.01e-18	1.23e-18
 5.70381e+22	5.15e-10	9.01e-06	4.78e-03	1.31e-01	2.97e-01	2.89e-01	2.65e-01	1.39e-02	1.77e-04	5.15e-10	1.25e-18	1.53e-18
 5.73265e+22	6.25e-10	1.06e-05	5.37e-03	1.40e-01	3.05e-01	2.87e-01	2.51e-01	1.25e-02	1.52e-04	6.25e-10	1.52e-18	1.87e-18
 5.76531e+22	7.99e-10	1.29e-05	6.20e-03	1.52e-01	3.14e-01	2.83e-01	2.34e-01	1.09e-02	1.25e-04	7.99e-10	1.97e-18	2.41e-18
 5.79918e+22	9.93e-10	1.53e-05	7.03e-03	1.64e-01	3.21e-01	2.79e-01	2.19e-01	9.69e-03	1.05e-04	9.93e-10	2.48e-18	3.03e-18
 5.82959e+22	1.22e-09	1.80e-05	7.90e-03	1.75e-01	3.28e-01	2.75e-01	2.06e-01	8.63e-03	8.88e-05	1.22e-09	3.08e-18	3.76e-18
 5.86410e+22	1.59e-09	2.22e-05	9.16e-03	1.90e-01	3.35e-01	2.69e-01	1.89e-01	7.41e-03	7.14e-05	1.59e-09	4.08e-18	4.97e-18
 5.89971e+22	1.99e-09	2.65e-05	1.04e-02	2.04e-01	3.41e-01	2.63e-01	1.75e-01	6.49e-03	5.91e-05	1.99e-09	5.17e-18	6.30e-18
 5.93187e+22	2.49e-09	3.14e-05	1.17e-02	2.17e-01	3.46e-01	2.56e-01	1.63e-01	5.69e-03	4.90e-05	2.49e-09	6.54e-18	7.96e-18
 5.96879e+22	3.31e-09	3.90e-05	1.36e-02	2.36e-01	3.51e-01	2.47e-01	1.47e-01	4.78e-03	3.83e-05	3.31e-09	8.87e-18	1.08e-17
 6.00596e+22	4.16e-09	4.64e-05	1.53e-02	2.51e-01	3.55e-01	2.40e-01	1.35e-01	4.15e-03	3.13e-05	4.16e-09	1.13e-17	1.37e-17
 6.04346e+22	5.51e-09	5.73e-05	1.76e-02	2.70e-01	3.58e-01	2.30e-01	1.21e-01	3.47e-03	2.45e-05	5.51e-09	1.53e-17	1.86e-17
 6.08180e+22	7.04e-09	6.87e-05	1.99e-02	2.86e-01	3.60e-01	2.21e-01	1.10e-01	2.96e-03	1.96e-05	7.04e-09	1.99e-17	2.41e-17
 6.11554e+22	8.84e-09	8.12e-05	2.23e-02	3.02e-01	3.60e-01	2.12e-01	1.01e-01	2.54e-03	1.59e-05	8.84e-09	2.54e-17	3.08e-17
 6.15373e+22	1.18e-08	1.01e-04	2.56e-02	3.23e-01	3.60e-01	2.00e-01	8.90e-02	2.08e-03	1.21e-05	1.18e-08	3.49e-17	4.22e-17
 6.19280e+22	1.51e-08	1.20e-04	2.87e-02	3.40e-01	3.58e-01	1.91e-01	8.01e-02	1.76e-03	9.58e-06	1.51e-08	4.54e-17	5.49e-17
 6.23303e+22	2.04e-08	1.49e-04	3.30e-02	3.62e-01	3.55e-01	1.78e-01	7.00e-02	1.42e-03	7.16e-06	2.04e-08	6.31e-17	7.62e-17
 6.27390e+22	2.62e-08	1.78e-04	3.70e-02	3.79e-01	3.51e-01	1.68e-01	6.24e-02	1.18e-03	5.58e-06	2.62e-08	8.30e-17	1.00e-16
 6.31014e+22	3.34e-08	2.11e-04	4.12e-02	3.97e-01	3.47e-01	1.58e-01	5.56e-02	9.87e-04	4.37e-06	3.34e-08	1.08e-16	1.31e-16
 6.35178e+22	4.55e-08	2.62e-04	4.72e-02	4.18e-01	3.40e-01	1.46e-01	4.77e-02	7.78e-04	3.17e-06	4.55e-08	1.53e-16	1.84e-16
 6.39400e+22	5.83e-08	3.11e-04	5.25e-02	4.35e-01	3.33e-01	1.36e-01	4.20e-02	6.41e-04	2.44e-06	5.83e-08	2.01e-16	2.43e-16
 6.43072e+22	7.40e-08	3.67e-04	5.80e-02	4.51e-01	3.26e-01	1.27e-01	3.71e-02	5.29e-04	1.89e-06	7.40e-08	2.62e-16	3.16e-16
 6.46575e+22	9.19e-08	4.26e-04	6.35e-02	4.65e-01	3.19e-01	1.18e-01	3.30e-02	4.43e-04	1.49e-06	9.19e-08	3.35e-16	4.03e-16
 6.49905e+22	1.14e-07	4.93e-04	6.93e-02	4.78e-01	3.12e-01	1.11e-01	2.94e-02	3.71e-04	1.18e-06	1.14e-07	4.24e-16	5.11e-16
 6.53657e+22	1.48e-07	5.91e-04	7.71e-02	4.94e-01	3.02e-01	1.01e-01	2.52e-02	2.96e-04	8.71e-07	1.48e-07	5.73e-16	6.89e-16
 6.57406e+22	1.83e-07	6.82e-04	8.38e-02	5.06e-01	2.93e-01	9.40e-02	2.23e-02	2.46e-04	6.82e-07	1.83e-07	7.25e-16	8.72e-16
 6.61151e+22	2.38e-07	8.14e-04	9.28e-02	5.20e-01	2.82e-01	8.54e-02	1.91e-02	1.95e-04	5.01e-07	2.38e-07	9.75e-16	1.17e-15
 6.64962e+22	2.95e-07	9.40e-04	1.01e-01	5.30e-01	2.73e-01	7.87e-02	1.67e-02	1.60e-04	3.87e-07	2.95e-07	1.24e-15	1.49e-15
 6.68859e+22	3.86e-07	1.12e-03	1.11e-01	5.42e-01	2.61e-01	7.08e-02	1.42e-02	1.25e-04	2.79e-07	3.86e-07	1.68e-15	2.01e-15
 6.72795e+22	4.77e-07	1.30e-03	1.20e-01	5.50e-01	2.51e-01	6.49e-02	1.23e-02	1.02e-04	2.14e-07	4.77e-07	2.13e-15	2.56e-15
 6.76784e+22	6.30e-07	1.56e-03	1.33e-01	5.60e-01	2.37e-01	5.77e-02	1.03e-02	7.79e-05	1.50e-07	6.30e-07	2.91e-15	3.49e-15
 6.80766e+22	7.74e-07	1.78e-03	1.43e-01	5.66e-01	2.27e-01	5.27e-02	8.94e-03	6.35e-05	0.00e+00	7.74e-07	3.68e-15	4.40e-15
 6.83959e+22	9.24e-07	2.01e-03	1.53e-01	5.70e-01	2.19e-01	4.86e-02	7.91e-03	5.31e-05	0.00e+00	9.24e-07	4.50e-15	5.38e-15
 6.87330e+22	1.15e-06	2.31e-03	1.64e-01	5.74e-01	2.08e-01	4.39e-02	6.79e-03	4.25e-05	0.00e+00	1.15e-06	5.76e-15	6.88e-15
 6.90750e+22	1.37e-06	2.60e-03	1.75e-01	5.77e-01	1.99e-01	4.03e-02	5.97e-03	3.52e-05	0.00e+00	1.37e-06	7.07e-15	8.43e-15
 6.93758e+22	1.63e-06	2.91e-03	1.85e-01	5.79e-01	1.91e-01	3.70e-02	5.26e-03	2.93e-05	0.00e+00	1.63e-06	8.62e-15	1.03e-14
 6.97194e+22	2.03e-06	3.36e-03	1.99e-01	5.80e-01	1.80e-01	3.32e-02	4.48e-03	2.32e-05	0.00e+00	2.03e-06	1.11e-14	1.32e-14
 7.00671e+22	2.43e-06	3.77e-03	2.11e-01	5.80e-01	1.72e-01	3.02e-02	3.91e-03	1.91e-05	0.00e+00	2.43e-06	1.36e-14	1.61e-14
 7.03717e+22	2.88e-06	4.21e-03	2.23e-01	5.78e-01	1.64e-01	2.76e-02	3.43e-03	1.57e-05	0.00e+00	2.88e-06	1.65e-14	1.96e-14
 7.07190e+22	3.58e-06	4.85e-03	2.38e-01	5.76e-01	1.53e-01	2.45e-02	2.88e-03	1.23e-05	0.00e+00	3.58e-06	2.13e-14	2.53e-14
 7.10692e+22	4.24e-06	5.41e-03	2.51e-01	5.73e-01	1.46e-01	2.22e-02	2.52e-03	1.01e-05	0.00e+00	4.24e-06	2.59e-14	3.07e-14
 7.14229e+22	5.25e-06	6.21e-03	2.68e-01	5.68e-01	1.36e-01	1.97e-02	2.11e-03	7.84e-06	0.00e+00	5.25e-06	3.33e-14	3.94e-14
 7.17821e+22	6.27e-06	6.95e-03	2.82e-01	5.63e-01	1.28e-01	1.77e-02	1.82e-03	6.32e-06	0.00e+00	6.27e-06	4.09e-14	4.84e-14
 7.20983e+22	7.41e-06	7.74e-03	2.97e-01	5.57e-01	1.21e-01	1.60e-02	1.58e-03	5.15e-06	0.00e+00	7.41e-06	4.98e-14	5.89e-14
 7.24591e+22	9.15e-06	8.86e-03	3.15e-01	5.48e-01	1.12e-01	1.40e-02	1.31e-03	3.96e-06	0.00e+00	9.15e-06	6.38e-14	7.55e-14
 7.28276e+22	1.09e-05	9.91e-03	3.31e-01	5.40e-01	1.05e-01	1.25e-02	1.12e-03	3.16e-06	0.00e+00	1.09e-05	7.84e-14	9.28e-14
 7.31566e+22	1.29e-05	1.10e-02	3.47e-01	5.31e-01	9.85e-02	1.12e-02	9.60e-04	2.54e-06	0.00e+00	1.29e-05	9.58e-14	1.13e-13
 7.35346e+22	1.60e-05	1.27e-02	3.67e-01	5.19e-01	9.03e-02	9.65e-03	7.86e-04	1.91e-06	0.00e+00	1.60e-05	1.24e-13	1.47e-13
 7.39184e+22	1.91e-05	1.41e-02	3.85e-01	5.08e-01	8.39e-02	8.53e-03	6.64e-04	1.50e-06	0.00e+00	1.91e-05	1.53e-13	1.81e-13
 7.43095e+22	2.36e-05	1.62e-02	4.06e-01	4.93e-01	7.66e-02	7.32e-03	5.40e-04	1.12e-06	0.00e+00	2.36e-05	1.97e-13	2.33e-13
 7.47109e+22	2.84e-05	1.81e-02	4.25e-01	4.79e-01	7.03e-02	6.37e-03	4.48e-04	8.58e-07	0.00e+00	2.84e-05	2.46e-13	2.91e-13
 7.50656e+22	3.37e-05	2.02e-02	4.43e-01	4.66e-01	6.48e-02	5.58e-03	3.76e-04	6.69e-07	0.00e+00	3.37e-05	3.02e-13	3.58e-13
 7.54669e+22	4.20e-05	2.32e-02	4.66e-01	4.47e-01	5.82e-02	4.70e-03	2.99e-04	4.83e-07	0.00e+00	4.20e-05	3.95e-13	4.67e-13
 7.58763e+22	4.97e-05	2.57e-02	4.84e-01	4.32e-01	5.34e-02	4.09e-03	2.48e-04	3.72e-07	0.00e+00	4.97e-05	4.85e-13	5.75e-13
 7.62962e+22	6.20e-05	2.95e-02	5.07e-01	4.12e-01	4.75e-02	3.40e-03	1.95e-04	2.65e-07	0.00e+00	6.20e-05	6.36e-13	7.53e-13
 7.66651e+22	7.08e-05	3.20e-02	5.22e-01	3.99e-01	4.41e-02	3.03e-03	1.68e-04	2.14e-07	0.00e+00	7.08e-05	7.47e-13	8.85e-13
 7.69267e+22	7.94e-05	3.44e-02	5.34e-01	3.88e-01	4.13e-02	2.74e-03	1.47e-04	1.78e-07	0.00e+00	7.94e-05	8.62e-13	1.02e-12
 7.72259e+22	9.24e-05	3.77e-02	5.49e-01	3.73e-01	3.79e-02	2.39e-03	1.23e-04	1.39e-07	0.00e+00	9.24e-05	1.04e-12	1.23e-12
 7.75376e+22	1.05e-04	4.09e-02	5.62e-01	3.59e-01	3.51e-02	2.12e-03	1.06e-04	0.00e+00	0.00e+00	1.05e-04	1.22e-12	1.45e-12
 7.78655e+22	1.24e-04	4.53e-02	5.79e-01	3.42e-01	3.17e-02	1.82e-03	8.65e-05	0.00e+00	0.00e+00	1.24e-04	1.50e-12	1.78e-12
 7.81938e+22	1.41e-04	4.90e-02	5.91e-01	3.29e-01	2.92e-02	1.60e-03	7.37e-05	0.00e+00	0.00e+00	1.41e-04	1.77e-12	2.09e-12
 7.85228e+22	1.66e-04	5.41e-02	6.07e-01	3.11e-01	2.63e-02	1.37e-03	6.00e-05	0.00e+00	0.00e+00	1.66e-04	2.17e-12	2.57e-12
 7.88547e+22	1.89e-04	5.85e-02	6.18e-01	2.98e-01	2.41e-02	1.20e-03	5.08e-05	0.00e+00	0.00e+00	1.89e-04	2.55e-12	3.01e-12
 7.91904e+22	2.22e-04	6.45e-02	6.32e-01	2.81e-01	2.15e-02	1.02e-03	4.11e-05	0.00e+00	0.00e+00	2.22e-04	3.13e-12	3.70e-12
 7.95333e+22	2.53e-04	6.97e-02	6.43e-01	2.67e-01	1.96e-02	8.82e-04	3.44e-05	0.00e+00	0.00e+00	2.53e-04	3.69e-12	4.36e-12
 7.98853e+22	2.99e-04	7.70e-02	6.55e-01	2.49e-01	1.74e-02	7.37e-04	2.75e-05	0.00e+00	0.00e+00	2.99e-04	4.57e-12	5.39e-12
 8.02427e+22	3.41e-04	8.33e-02	6.65e-01	2.35e-01	1.57e-02	6.34e-04	2.27e-05	0.00e+00	0.00e+00	3.41e-04	5.41e-12	6.39e-12
 8.06071e+22	4.03e-04	9.21e-02	6.75e-01	2.18e-01	1.38e-02	5.23e-04	1.79e-05	0.00e+00	0.00e+00	4.03e-04	6.71e-12	7.93e-12
 8.09781e+22	4.60e-04	9.96e-02	6.83e-01	2.05e-01	1.23e-02	4.46e-04	1.46e-05	0.00e+00	0.00e+00	4.60e-04	7.97e-12	9.41e-12
 8.13576e+22	5.45e-04	1.10e-01	6.90e-01	1.88e-01	1.07e-02	3.63e-04	1.13e-05	0.00e+00	0.00e+00	5.45e-04	9.95e-12	1.17e-11
 8.17459e+22	6.24e-04	1.19e-01	6.96e-01	1.75e-01	9.48e-03	3.05e-04	9.15e-06	0.00e+00	0.00e+00	6.24e-04	1.19e-11	1.40e-11
 8.21455e+22	7.39e-04	1.32e-01	7.01e-01	1.59e-01	8.16e-03	2.45e-04	7.00e-06	0.00e+00	0.00e+00	7.39e-04	1.49e-11	1.75e-11
 8.25538e+22	8.51e-04	1.43e-01	7.03e-01	1.46e-01	7.14e-03	2.02e-04	5.54e-06	0.00e+00	0.00e+00	8.51e-04	1.79e-11	2.11e-11
 8.29183e+22	9.76e-04	1.54e-01	7.04e-01	1.34e-01	6.26e-03	1.68e-04	4.40e-06	0.00e+00	0.00e+00	9.76e-04	2.15e-11	2.53e-11
 8.33370e+22	1.16e-03	1.70e-01	7.04e-01	1.20e-01	5.30e-03	1.32e-04	3.29e-06	0.00e+00	0.00e+00	1.16e-03	2.69e-11	3.18e-11
 8.37650e+22	1.33e-03	1.84e-01	7.01e-01	1.09e-01	4.57e-03	1.07e-04	2.56e-06	0.00e+00	0.00e+00	1.33e-03	3.24e-11	3.82e-11
 8.42054e+22	1.59e-03	2.04e-01	6.96e-01	9.53e-02	3.79e-03	8.15e-05	1.85e-06	0.00e+00	0.00e+00	1.59e-03	4.11e-11	4.85e-11
 8.46459e+22	1.81e-03	2.19e-01	6.90e-01	8.60e-02	3.27e-03	6.61e-05	1.44e-06	0.00e+00	0.00e+00	1.81e-03	4.89e-11	5.77e-11
 8.50868e+22	2.16e-03	2.40e-01	6.80e-01	7.48e-02	2.70e-03	5.01e-05	1.04e-06	0.00e+00	0.00e+00	2.16e-03	6.16e-11	7.28e-11
 8.55389e+22	2.47e-03	2.58e-01	6.70e-01	6.65e-02	2.30e-03	3.98e-05	7.96e-07	0.00e+00	0.00e+00	2.47e-03	7.38e-11	8.73e-11
 8.60054e+22	2.95e-03	2.85e-01	6.54e-01	5.67e-02	1.86e-03	2.93e-05	5.59e-07	0.00e+00	0.00e+00	2.95e-03	9.39e-11	1.11e-10
 8.64829e+22	3.37e-03	3.06e-01	6.40e-01	4.96e-02	1.57e-03	2.28e-05	4.19e-07	0.00e+00	0.00e+00	3.37e-03	1.13e-10	1.34e-10
 8.69746e+22	4.06e-03	3.36e-01	6.17e-01	4.12e-02	1.24e-03	1.62e-05	2.85e-07	0.00e+00	0.00e+00	4.06e-03	1.45e-10	1.72e-10
 8.74779e+22	4.65e-03	3.61e-01	5.98e-01	3.55e-02	1.03e-03	1.24e-05	2.10e-07	0.00e+00	0.00e+00	4.65e-03	1.76e-10	2.08e-10
 8.79961e+22	5.62e-03	3.97e-01	5.68e-01	2.86e-02	8.02e-04	8.47e-06	1.38e-07	0.00e+00	0.00e+00	5.62e-03	2.28e-10	2.70e-10
 8.85311e+22	6.47e-03	4.26e-01	5.43e-01	2.40e-02	6.54e-04	6.24e-06	0.00e+00	0.00e+00	0.00e+00	6.47e-03	2.78e-10	3.29e-10
 8.90879e+22	7.89e-03	4.67e-01	5.06e-01	1.86e-02	4.94e-04	4.06e-06	0.00e+00	0.00e+00	0.00e+00	7.89e-03	3.65e-10	4.33e-10
 8.96661e+22	9.22e-03	5.02e-01	4.73e-01	1.49e-02	3.90e-04	2.81e-06	0.00e+00	0.00e+00	0.00e+00	9.22e-03	4.54e-10	5.39e-10
 9.02718e+22	1.13e-02	5.50e-01	4.27e-01	1.09e-02	2.84e-04	1.71e-06	0.00e+00	0.00e+00	0.00e+00	1.13e-02	6.06e-10	7.20e-10
 9.08919e+22	1.34e-02	5.90e-01	3.88e-01	8.32e-03	2.18e-04	1.11e-06	0.00e+00	0.00e+00	0.00e+00	1.34e-02	7.62e-10	9.06e-10
 9.13733e+22	1.51e-02	6.20e-01	3.58e-01	6.72e-03	1.78e-04	8.01e-07	0.00e+00	0.00e+00	0.00e+00	1.51e-02	9.02e-10	1.07e-09
 9.18415e+22	1.77e-02	6.57e-01	3.20e-01	5.04e-03	1.37e-04	5.16e-07	0.00e+00	0.00e+00	0.00e+00	1.77e-02	1.13e-09	1.34e-09
 9.23259e+22	2.05e-02	6.92e-01	2.84e-01	3.81e-03	1.07e-04	3.42e-07	0.00e+00	0.00e+00	0.00e+00	2.05e-02	1.37e-09	1.63e-09
 9.25580e+22	2.13e-02	7.07e-01	2.68e-01	3.51e-03	9.89e-05	3.09e-07	0.00e+00	0.00e+00	0.00e+00	2.13e-02	1.42e-09	1.69e-09
