#depth	O	O+	O+2	O+3	O+4	O+5	O+6	O+7	O+8	O[1]	O[2]	O[3]
 4.62852e+21	6.37e-12	1.52e-07	1.68e-04	1.24e-02	8.86e-02	1.77e-01	5.96e-01	1.20e-01	5.82e-03	6.37e-12	1.36e-20	1.69e-20
 1.02907e+22	1.79e-11	4.39e-07	4.38e-04	2.63e-02	1.38e-01	2.31e-01	5.30e-01	7.22e-02	2.38e-03	1.79e-11	3.91e-20	4.84e-20
 1.18411e+22	3.22e-11	7.76e-07	7.10e-04	3.73e-02	1.66e-01	2.55e-01	4.85e-01	5.46e-02	1.49e-03	3.22e-11	7.16e-20	8.85e-20
 1.26194e+22	4.39e-11	1.04e-06	9.04e-04	4.43e-02	1.82e-01	2.65e-01	4.60e-01	4.71e-02	1.17e-03	4.39e-11	9.88e-20	1.22e-19
 1.30036e+22	5.12e-11	1.20e-06	1.01e-03	4.79e-02	1.90e-01	2.69e-01	4.48e-01	4.39e-02	1.05e-03	5.12e-11	1.16e-19	1.43e-19
 1.32859e+22	6.22e-11	1.44e-06	1.17e-03	5.29e-02	1.99e-01	2.74e-01	4.32e-01	4.00e-02	8.99e-04	6.22e-11	1.41e-19	1.74e-19
 1.35596e+22	7.18e-11	1.64e-06	1.30e-03	5.69e-02	2.07e-01	2.77e-01	4.20e-01	3.73e-02	8.05e-04	7.18e-11	1.64e-19	2.03e-19
 1.38218e+22	8.63e-11	1.94e-06	1.49e-03	6.21e-02	2.16e-01	2.81e-01	4.05e-01	3.42e-02	7.01e-04	8.63e-11	1.99e-19	2.45e-19
 1.40956e+22	1.02e-10	2.24e-06	1.67e-03	6.70e-02	2.24e-01	2.84e-01	3.91e-01	3.15e-02	6.18e-04	1.02e-10	2.35e-19	2.90e-19
 1.43434e+22	1.19e-10	2.58e-06	1.86e-03	7.21e-02	2.31e-01	2.86e-01	3.79e-01	2.92e-02	5.48e-04	1.19e-10	2.77e-19	3.41e-19
 1.46246e+22	1.46e-10	3.09e-06	2.14e-03	7.88e-02	2.41e-01	2.89e-01	3.62e-01	2.65e-02	4.71e-04	1.46e-10	3.43e-19	4.21e-19
 1.49167e+22	1.74e-10	3.62e-06	2.41e-03	8.53e-02	2.50e-01	2.90e-01	3.48e-01	2.41e-02	4.09e-04	1.74e-10	4.13e-19	5.07e-19
 1.51778e+22	2.07e-10	4.19e-06	2.70e-03	9.16e-02	2.58e-01	2.91e-01	3.34e-01	2.22e-02	3.59e-04	2.07e-10	4.93e-19	6.06e-19
 1.54718e+22	2.57e-10	5.04e-06	3.10e-03	1.00e-01	2.68e-01	2.92e-01	3.17e-01	1.99e-02	3.05e-04	2.57e-10	6.19e-19	7.60e-19
 1.57783e+22	3.12e-10	5.95e-06	3.52e-03	1.08e-01	2.76e-01	2.92e-01	3.02e-01	1.80e-02	2.61e-04	3.12e-10	7.57e-19	9.29e-19
 1.60544e+22	3.76e-10	6.94e-06	3.94e-03	1.16e-01	2.84e-01	2.91e-01	2.88e-01	1.64e-02	2.27e-04	3.76e-10	9.19e-19	1.13e-18
 1.63666e+22	4.76e-10	8.43e-06	4.55e-03	1.27e-01	2.94e-01	2.89e-01	2.71e-01	1.45e-02	1.89e-04	4.76e-10	1.18e-18	1.44e-18
 1.66887e+22	5.84e-10	1.00e-05	5.16e-03	1.37e-01	3.02e-01	2.87e-01	2.55e-01	1.29e-02	1.60e-04	5.84e-10	1.46e-18	1.79e-18
 1.69758e+22	7.10e-10	1.17e-05	5.79e-03	1.46e-01	3.09e-01	2.85e-01	2.42e-01	1.16e-02	1.37e-04	7.10e-10	1.79e-18	2.19e-18
 1.73010e+22	9.11e-10	1.43e-05	6.69e-03	1.59e-01	3.18e-01	2.81e-01	2.25e-01	1.02e-02	1.13e-04	9.11e-10	2.33e-18	2.84e-18
 1.76385e+22	1.14e-09	1.70e-05	7.59e-03	1.71e-01	3.25e-01	2.76e-01	2.10e-01	8.98e-03	9.41e-05	1.14e-09	2.93e-18	3.58e-18
 1.79421e+22	1.40e-09	2.01e-05	8.53e-03	1.83e-01	3.32e-01	2.72e-01	1.97e-01	7.98e-03	7.94e-05	1.40e-09	3.65e-18	4.46e-18
 1.82867e+22	1.83e-09	2.48e-05	9.89e-03	1.99e-01	3.39e-01	2.65e-01	1.80e-01	6.83e-03	6.35e-05	1.83e-09	4.86e-18	5.92e-18
 1.86410e+22	2.29e-09	2.95e-05	1.12e-02	2.13e-01	3.44e-01	2.59e-01	1.67e-01	5.97e-03	5.25e-05	2.29e-09	6.18e-18	7.52e-18
 1.89598e+22	2.86e-09	3.50e-05	1.26e-02	2.26e-01	3.49e-01	2.52e-01	1.55e-01	5.22e-03	4.34e-05	2.86e-09	7.82e-18	9.51e-18
 1.93259e+22	3.81e-09	4.34e-05	1.46e-02	2.45e-01	3.54e-01	2.43e-01	1.40e-01	4.38e-03	3.39e-05	3.81e-09	1.06e-17	1.29e-17
 1.96962e+22	4.81e-09	5.18e-05	1.65e-02	2.60e-01	3.57e-01	2.35e-01	1.28e-01	3.78e-03	2.75e-05	4.81e-09	1.36e-17	1.66e-17
 2.00717e+22	6.43e-09	6.43e-05	1.91e-02	2.80e-01	3.59e-01	2.24e-01	1.14e-01	3.14e-03	2.13e-05	6.43e-09	1.86e-17	2.26e-17
 2.04516e+22	8.16e-09	7.66e-05	2.14e-02	2.97e-01	3.60e-01	2.15e-01	1.04e-01	2.68e-03	1.71e-05	8.16e-09	2.41e-17	2.92e-17
 2.08374e+22	1.10e-08	9.54e-05	2.48e-02	3.18e-01	3.60e-01	2.03e-01	9.18e-02	2.19e-03	1.29e-05	1.10e-08	3.34e-17	4.04e-17
 2.12269e+22	1.40e-08	1.13e-04	2.77e-02	3.35e-01	3.59e-01	1.94e-01	8.29e-02	1.86e-03	1.03e-05	1.40e-08	4.33e-17	5.25e-17
 2.16211e+22	1.90e-08	1.41e-04	3.20e-02	3.57e-01	3.56e-01	1.81e-01	7.23e-02	1.49e-03	7.67e-06	1.90e-08	6.07e-17	7.34e-17
 2.20193e+22	2.41e-08	1.68e-04	3.57e-02	3.74e-01	3.53e-01	1.72e-01	6.48e-02	1.26e-03	6.05e-06	2.41e-08	7.92e-17	9.57e-17
 2.24228e+22	3.29e-08	2.09e-04	4.10e-02	3.96e-01	3.47e-01	1.59e-01	5.59e-02	9.98e-04	4.43e-06	3.29e-08	1.12e-16	1.35e-16
 2.28316e+22	4.20e-08	2.48e-04	4.56e-02	4.13e-01	3.42e-01	1.49e-01	4.96e-02	8.28e-04	3.45e-06	4.20e-08	1.47e-16	1.78e-16
 2.32474e+22	5.74e-08	3.08e-04	5.22e-02	4.34e-01	3.34e-01	1.37e-01	4.23e-02	6.48e-04	2.48e-06	5.74e-08	2.10e-16	2.53e-16
 2.36560e+22	7.23e-08	3.61e-04	5.75e-02	4.49e-01	3.27e-01	1.28e-01	3.75e-02	5.39e-04	1.94e-06	7.23e-08	2.72e-16	3.29e-16
 2.39982e+22	9.01e-08	4.20e-04	6.30e-02	4.64e-01	3.20e-01	1.19e-01	3.33e-02	4.50e-04	1.52e-06	9.01e-08	3.49e-16	4.22e-16
 2.43281e+22	1.11e-07	4.86e-04	6.88e-02	4.77e-01	3.12e-01	1.11e-01	2.96e-02	3.77e-04	1.20e-06	1.11e-07	4.45e-16	5.37e-16
 2.46991e+22	1.46e-07	5.84e-04	7.66e-02	4.93e-01	3.02e-01	1.02e-01	2.55e-02	3.00e-04	8.88e-07	1.46e-07	6.04e-16	7.29e-16
 2.50692e+22	1.80e-07	6.74e-04	8.32e-02	5.05e-01	2.94e-01	9.46e-02	2.26e-02	2.50e-04	6.96e-07	1.80e-07	7.67e-16	9.25e-16
 2.54380e+22	2.34e-07	8.04e-04	9.22e-02	5.19e-01	2.83e-01	8.60e-02	1.93e-02	1.98e-04	5.12e-07	2.34e-07	1.03e-15	1.24e-15
 2.58136e+22	2.90e-07	9.29e-04	1.00e-01	5.29e-01	2.73e-01	7.93e-02	1.69e-02	1.63e-04	3.96e-07	2.90e-07	1.32e-15	1.59e-15
 2.61981e+22	3.79e-07	1.11e-03	1.11e-01	5.41e-01	2.61e-01	7.14e-02	1.43e-02	1.27e-04	2.85e-07	3.79e-07	1.78e-15	2.15e-15
 2.65865e+22	4.69e-07	1.28e-03	1.20e-01	5.50e-01	2.51e-01	6.54e-02	1.25e-02	1.04e-04	2.19e-07	4.69e-07	2.27e-15	2.73e-15
 2.69798e+22	6.18e-07	1.54e-03	1.32e-01	5.59e-01	2.38e-01	5.82e-02	1.04e-02	7.93e-05	1.54e-07	6.18e-07	3.11e-15	3.73e-15
 2.73725e+22	7.60e-07	1.76e-03	1.42e-01	5.65e-01	2.28e-01	5.31e-02	9.05e-03	6.47e-05	0.00e+00	7.60e-07	3.92e-15	4.71e-15
 2.76874e+22	9.07e-07	1.98e-03	1.52e-01	5.70e-01	2.20e-01	4.90e-02	8.01e-03	5.41e-05	0.00e+00	9.07e-07	4.79e-15	5.75e-15
 2.80200e+22	1.13e-06	2.29e-03	1.63e-01	5.74e-01	2.09e-01	4.43e-02	6.88e-03	4.33e-05	0.00e+00	1.13e-06	6.14e-15	7.36e-15
 2.83574e+22	1.35e-06	2.57e-03	1.74e-01	5.77e-01	2.00e-01	4.07e-02	6.05e-03	3.59e-05	0.00e+00	1.35e-06	7.53e-15	9.02e-15
 2.86542e+22	1.60e-06	2.88e-03	1.84e-01	5.79e-01	1.92e-01	3.73e-02	5.33e-03	2.99e-05	0.00e+00	1.60e-06	9.18e-15	1.10e-14
 2.89932e+22	1.99e-06	3.32e-03	1.98e-01	5.80e-01	1.81e-01	3.35e-02	4.54e-03	2.37e-05	0.00e+00	1.99e-06	1.18e-14	1.40e-14
 2.93363e+22	2.38e-06	3.73e-03	2.10e-01	5.80e-01	1.73e-01	3.05e-02	3.96e-03	1.94e-05	0.00e+00	2.38e-06	1.44e-14	1.72e-14
 2.96367e+22	2.83e-06	4.16e-03	2.21e-01	5.79e-01	1.64e-01	2.78e-02	3.47e-03	1.60e-05	0.00e+00	2.83e-06	1.76e-14	2.09e-14
 2.99794e+22	3.52e-06	4.80e-03	2.37e-01	5.76e-01	1.54e-01	2.47e-02	2.92e-03	1.25e-05	0.00e+00	3.52e-06	2.26e-14	2.69e-14
 3.03248e+22	4.16e-06	5.35e-03	2.50e-01	5.73e-01	1.47e-01	2.25e-02	2.55e-03	1.03e-05	0.00e+00	4.16e-06	2.74e-14	3.26e-14
 3.06738e+22	5.16e-06	6.14e-03	2.67e-01	5.68e-01	1.37e-01	1.99e-02	2.14e-03	8.00e-06	0.00e+00	5.16e-06	3.52e-14	4.18e-14
 3.10282e+22	6.16e-06	6.87e-03	2.81e-01	5.63e-01	1.29e-01	1.79e-02	1.85e-03	6.46e-06	0.00e+00	6.16e-06	4.32e-14	5.12e-14
 3.13401e+22	7.28e-06	7.65e-03	2.95e-01	5.58e-01	1.22e-01	1.61e-02	1.60e-03	5.26e-06	0.00e+00	7.28e-06	5.25e-14	6.23e-14
 3.16959e+22	8.99e-06	8.76e-03	3.14e-01	5.49e-01	1.13e-01	1.41e-02	1.33e-03	4.05e-06	0.00e+00	8.99e-06	6.73e-14	7.97e-14
 3.20595e+22	1.07e-05	9.79e-03	3.29e-01	5.41e-01	1.06e-01	1.26e-02	1.14e-03	3.23e-06	0.00e+00	1.07e-05	8.26e-14	9.78e-14
 3.23840e+22	1.27e-05	1.09e-02	3.45e-01	5.32e-01	9.91e-02	1.13e-02	9.76e-04	2.59e-06	0.00e+00	1.27e-05	1.01e-13	1.19e-13
 3.27569e+22	1.57e-05	1.25e-02	3.66e-01	5.20e-01	9.10e-02	9.76e-03	7.99e-04	1.95e-06	0.00e+00	1.57e-05	1.30e-13	1.54e-13
 3.31353e+22	1.88e-05	1.40e-02	3.83e-01	5.09e-01	8.45e-02	8.63e-03	6.75e-04	1.54e-06	0.00e+00	1.88e-05	1.60e-13	1.89e-13
 3.35211e+22	2.32e-05	1.60e-02	4.04e-01	4.95e-01	7.71e-02	7.41e-03	5.50e-04	1.15e-06	0.00e+00	2.32e-05	2.07e-13	2.44e-13
 3.39169e+22	2.79e-05	1.79e-02	4.24e-01	4.81e-01	7.09e-02	6.45e-03	4.56e-04	8.79e-07	0.00e+00	2.79e-05	2.58e-13	3.04e-13
 3.42668e+22	3.31e-05	1.99e-02	4.41e-01	4.67e-01	6.54e-02	5.66e-03	3.83e-04	6.86e-07	0.00e+00	3.31e-05	3.17e-13	3.73e-13
 3.46627e+22	4.09e-05	2.28e-02	4.64e-01	4.49e-01	5.89e-02	4.78e-03	3.06e-04	5.00e-07	0.00e+00	4.09e-05	4.11e-13	4.83e-13
 3.50717e+22	4.89e-05	2.54e-02	4.83e-01	4.33e-01	5.37e-02	4.13e-03	2.52e-04	3.80e-07	0.00e+00	4.89e-05	5.12e-13	6.00e-13
 3.54978e+22	6.13e-05	2.93e-02	5.07e-01	4.12e-01	4.77e-02	3.42e-03	1.97e-04	2.68e-07	0.00e+00	6.13e-05	6.77e-13	7.90e-13
 3.58678e+22	7.00e-05	3.18e-02	5.21e-01	4.00e-01	4.42e-02	3.05e-03	1.69e-04	2.16e-07	0.00e+00	7.00e-05	7.96e-13	9.27e-13
 3.60404e+22	7.22e-05	3.24e-02	5.25e-01	3.96e-01	4.34e-02	2.96e-03	1.63e-04	2.05e-07	0.00e+00	7.22e-05	8.28e-13	9.64e-13
 3.61222e+22	7.50e-05	3.31e-02	5.29e-01	3.93e-01	4.25e-02	2.86e-03	1.56e-04	1.93e-07	0.00e+00	7.50e-05	8.68e-13	1.01e-12
 3.62108e+22	7.86e-05	3.41e-02	5.34e-01	3.88e-01	4.14e-02	2.75e-03	1.48e-04	1.79e-07	0.00e+00	7.86e-05	9.21e-13	1.07e-12
 3.63260e+22	8.32e-05	3.53e-02	5.39e-01	3.82e-01	4.01e-02	2.61e-03	1.38e-04	1.63e-07	0.00e+00	8.32e-05	9.89e-13	1.15e-12
 3.64757e+22	8.99e-05	3.70e-02	5.47e-01	3.75e-01	3.84e-02	2.44e-03	1.26e-04	1.44e-07	0.00e+00	8.99e-05	1.09e-12	1.26e-12
 3.66703e+22	9.94e-05	3.94e-02	5.57e-01	3.64e-01	3.62e-02	2.22e-03	1.12e-04	0.00e+00	0.00e+00	9.94e-05	1.24e-12	1.43e-12
 3.69234e+22	1.14e-04	4.28e-02	5.71e-01	3.51e-01	3.34e-02	1.97e-03	9.57e-05	0.00e+00	0.00e+00	1.14e-04	1.46e-12	1.69e-12
 3.72071e+22	1.29e-04	4.62e-02	5.83e-01	3.38e-01	3.08e-02	1.74e-03	8.20e-05	0.00e+00	0.00e+00	1.29e-04	1.72e-12	1.97e-12
 3.75307e+22	1.52e-04	5.11e-02	5.99e-01	3.21e-01	2.78e-02	1.49e-03	6.70e-05	0.00e+00	0.00e+00	1.52e-04	2.12e-12	2.42e-12
 3.78579e+22	1.73e-04	5.53e-02	6.11e-01	3.07e-01	2.55e-02	1.31e-03	5.66e-05	0.00e+00	0.00e+00	1.73e-04	2.51e-12	2.84e-12
 3.81898e+22	2.03e-04	6.09e-02	6.25e-01	2.90e-01	2.29e-02	1.11e-03	4.60e-05	0.00e+00	0.00e+00	2.03e-04	3.09e-12	3.47e-12
 3.85296e+22	2.32e-04	6.61e-02	6.37e-01	2.75e-01	2.07e-02	9.60e-04	3.83e-05	0.00e+00	0.00e+00	2.32e-04	3.70e-12	4.12e-12
 3.88312e+22	2.64e-04	7.13e-02	6.47e-01	2.62e-01	1.89e-02	8.37e-04	3.22e-05	0.00e+00	0.00e+00	2.64e-04	4.38e-12	4.84e-12
 3.91746e+22	3.09e-04	7.85e-02	6.59e-01	2.45e-01	1.68e-02	7.02e-04	2.58e-05	0.00e+00	0.00e+00	3.09e-04	5.42e-12	5.94e-12
 3.95297e+22	3.53e-04	8.50e-02	6.68e-01	2.31e-01	1.51e-02	6.01e-04	2.13e-05	0.00e+00	0.00e+00	3.53e-04	6.51e-12	7.05e-12
 3.98999e+22	4.20e-04	9.41e-02	6.79e-01	2.13e-01	1.32e-02	4.93e-04	1.66e-05	0.00e+00	0.00e+00	4.20e-04	8.24e-12	8.79e-12
 4.02725e+22	4.80e-04	1.02e-01	6.86e-01	1.99e-01	1.18e-02	4.18e-04	1.35e-05	0.00e+00	0.00e+00	4.80e-04	9.91e-12	1.04e-11
 4.06480e+22	5.65e-04	1.12e-01	6.94e-01	1.83e-01	1.03e-02	3.41e-04	1.05e-05	0.00e+00	0.00e+00	5.65e-04	1.25e-11	1.29e-11
 4.10371e+22	6.50e-04	1.21e-01	6.99e-01	1.70e-01	9.04e-03	2.85e-04	8.41e-06	0.00e+00	0.00e+00	6.50e-04	1.52e-11	1.55e-11
 4.13907e+22	7.45e-04	1.31e-01	7.03e-01	1.57e-01	7.98e-03	2.38e-04	6.73e-06	0.00e+00	0.00e+00	7.45e-04	1.86e-11	1.86e-11
 4.17970e+22	8.89e-04	1.45e-01	7.06e-01	1.41e-01	6.77e-03	1.87e-04	5.04e-06	0.00e+00	0.00e+00	8.89e-04	2.40e-11	2.34e-11
 4.22054e+22	1.01e-03	1.56e-01	7.07e-01	1.30e-01	5.94e-03	1.56e-04	4.02e-06	0.00e+00	0.00e+00	1.01e-03	2.91e-11	2.79e-11
 4.26164e+22	1.20e-03	1.72e-01	7.06e-01	1.16e-01	5.02e-03	1.22e-04	3.00e-06	0.00e+00	0.00e+00	1.20e-03	3.73e-11	3.49e-11
 4.30370e+22	1.37e-03	1.86e-01	7.04e-01	1.05e-01	4.35e-03	9.94e-05	2.34e-06	0.00e+00	0.00e+00	1.37e-03	4.55e-11	4.16e-11
 4.34701e+22	1.63e-03	2.04e-01	6.98e-01	9.24e-02	3.62e-03	7.61e-05	1.71e-06	0.00e+00	0.00e+00	1.63e-03	5.90e-11	5.25e-11
 4.39102e+22	1.86e-03	2.19e-01	6.92e-01	8.31e-02	3.11e-03	6.14e-05	1.32e-06	0.00e+00	0.00e+00	1.86e-03	7.21e-11	6.26e-11
 4.43592e+22	2.22e-03	2.42e-01	6.81e-01	7.19e-02	2.55e-03	4.60e-05	9.41e-07	0.00e+00	0.00e+00	2.22e-03	9.42e-11	7.94e-11
 4.47373e+22	2.39e-03	2.51e-01	6.77e-01	6.69e-02	2.30e-03	3.99e-05	7.95e-07	0.00e+00	0.00e+00	2.39e-03	1.06e-10	8.80e-11
 4.50232e+22	2.66e-03	2.66e-01	6.68e-01	6.07e-02	2.03e-03	3.31e-05	6.40e-07	0.00e+00	0.00e+00	2.66e-03	1.25e-10	1.02e-10
 4.53948e+22	3.05e-03	2.86e-01	6.55e-01	5.35e-02	1.72e-03	2.60e-05	4.86e-07	0.00e+00	0.00e+00	3.05e-03	1.54e-10	1.23e-10
 4.58780e+22	3.66e-03	3.15e-01	6.35e-01	4.48e-02	1.37e-03	1.87e-05	3.33e-07	0.00e+00	0.00e+00	3.66e-03	2.03e-10	1.57e-10
 4.63729e+22	4.19e-03	3.37e-01	6.19e-01	3.87e-02	1.14e-03	1.43e-05	2.46e-07	0.00e+00	0.00e+00	4.19e-03	2.51e-10	1.90e-10
 4.68831e+22	5.04e-03	3.71e-01	5.92e-01	3.15e-02	8.94e-04	9.91e-06	1.64e-07	0.00e+00	0.00e+00	5.04e-03	3.34e-10	2.46e-10
 4.74098e+22	5.80e-03	3.97e-01	5.70e-01	2.66e-02	7.33e-04	7.35e-06	0.00e+00	0.00e+00	0.00e+00	5.80e-03	4.14e-10	2.99e-10
 4.79579e+22	7.05e-03	4.36e-01	5.35e-01	2.09e-02	5.59e-04	4.85e-06	0.00e+00	0.00e+00	0.00e+00	7.05e-03	5.57e-10	3.92e-10
 4.85255e+22	8.19e-03	4.68e-01	5.07e-01	1.70e-02	4.46e-04	3.43e-06	0.00e+00	0.00e+00	0.00e+00	8.19e-03	7.01e-10	4.84e-10
 4.91184e+22	1.00e-02	5.13e-01	4.64e-01	1.27e-02	3.30e-04	2.13e-06	0.00e+00	0.00e+00	0.00e+00	1.00e-02	9.54e-10	6.45e-10
 4.97343e+22	1.18e-02	5.50e-01	4.28e-01	9.84e-03	2.56e-04	1.41e-06	0.00e+00	0.00e+00	0.00e+00	1.18e-02	1.22e-09	8.12e-10
 5.02110e+22	1.32e-02	5.76e-01	4.02e-01	8.15e-03	2.13e-04	1.05e-06	0.00e+00	0.00e+00	0.00e+00	1.32e-02	1.44e-09	9.51e-10
 5.06618e+22	1.54e-02	6.12e-01	3.66e-01	6.28e-03	1.68e-04	6.98e-07	0.00e+00	0.00e+00	0.00e+00	1.54e-02	1.81e-09	1.18e-09
 5.11274e+22	1.75e-02	6.42e-01	3.36e-01	4.96e-03	1.36e-04	4.88e-07	0.00e+00	0.00e+00	0.00e+00	1.75e-02	2.18e-09	1.41e-09
 5.16123e+22	2.08e-02	6.80e-01	2.95e-01	3.60e-03	1.03e-04	3.01e-07	0.00e+00	0.00e+00	0.00e+00	2.08e-02	2.79e-09	1.79e-09
 5.21076e+22	2.39e-02	7.10e-01	2.63e-01	2.71e-03	8.09e-05	1.98e-07	0.00e+00	0.00e+00	0.00e+00	2.39e-02	3.40e-09	2.16e-09
 5.26166e+22	2.87e-02	7.47e-01	2.22e-01	1.84e-03	5.88e-05	0.00e+00	0.00e+00	0.00e+00	0.00e+00	2.87e-02	4.41e-09	2.78e-09
 5.31446e+22	3.38e-02	7.76e-01	1.89e-01	1.28e-03	4.41e-05	0.00e+00	0.00e+00	0.00e+00	0.00e+00	3.38e-02	5.52e-09	3.45e-09
 5.35648e+22	3.87e-02	7.97e-01	1.64e-01	9.43e-04	3.48e-05	0.00e+00	0.00e+00	0.00e+00	0.00e+00	3.87e-02	6.59e-09	4.09e-09
 5.39233e+22	4.41e-02	8.14e-01	1.41e-01	6.92e-04	2.74e-05	0.00e+00	0.00e+00	0.00e+00	0.00e+00	4.41e-02	7.87e-09	4.84e-09
 5.43342e+22	5.25e-02	8.33e-01	1.14e-01	4.58e-04	1.99e-05	0.00e+00	0.00e+00	0.00e+00	0.00e+00	5.25e-02	9.91e-09	6.05e-09
 5.47644e+22	6.25e-02	8.46e-01	9.15e-02	3.01e-04	1.45e-05	0.00e+00	0.00e+00	0.00e+00	0.00e+00	6.25e-02	1.24e-08	7.52e-09
 5.51477e+22	7.42e-02	8.53e-01	7.26e-02	1.99e-04	1.05e-05	0.00e+00	0.00e+00	0.00e+00	0.00e+00	7.42e-02	1.54e-08	9.32e-09
 5.55104e+22	8.87e-02	8.55e-01	5.66e-02	1.30e-04	7.47e-06	0.00e+00	0.00e+00	0.00e+00	0.00e+00	8.87e-02	1.92e-08	1.16e-08
 5.58528e+22	1.06e-01	8.50e-01	4.33e-02	8.40e-05	5.23e-06	0.00e+00	0.00e+00	0.00e+00	0.00e+00	1.06e-01	2.39e-08	1.45e-08
 5.61680e+22	1.28e-01	8.39e-01	3.27e-02	5.49e-05	3.63e-06	0.00e+00	0.00e+00	0.00e+00	0.00e+00	1.28e-01	2.97e-08	1.79e-08
 5.64548e+22	1.54e-01	8.22e-01	2.45e-02	3.64e-05	2.49e-06	0.00e+00	0.00e+00	0.00e+00	0.00e+00	1.54e-01	3.65e-08	2.21e-08
 5.67150e+22	1.83e-01	7.99e-01	1.83e-02	2.47e-05	1.71e-06	0.00e+00	0.00e+00	0.00e+00	0.00e+00	1.83e-01	4.42e-08	2.68e-08
 5.69520e+22	2.17e-01	7.69e-01	1.35e-02	1.71e-05	1.16e-06	0.00e+00	0.00e+00	0.00e+00	0.00e+00	2.17e-01	5.28e-08	3.19e-08
 5.71688e+22	2.55e-01	7.35e-01	1.00e-02	1.21e-05	7.86e-07	0.00e+00	0.00e+00	0.00e+00	0.00e+00	2.55e-01	6.20e-08	3.74e-08
 5.73044e+22	2.81e-01	7.10e-01	8.37e-03	9.99e-06	6.26e-07	0.00e+00	0.00e+00	0.00e+00	0.00e+00	2.81e-01	6.74e-08	4.06e-08
 5.73538e+22	2.91e-01	7.01e-01	7.81e-03	9.28e-06	5.72e-07	0.00e+00	0.00e+00	0.00e+00	0.00e+00	2.91e-01	6.96e-08	4.19e-08
 5.73931e+22	3.00e-01	6.92e-01	7.33e-03	8.69e-06	5.26e-07	0.00e+00	0.00e+00	0.00e+00	0.00e+00	3.00e-01	7.16e-08	4.31e-08
 5.74439e+22	3.13e-01	6.81e-01	6.75e-03	7.97e-06	4.72e-07	0.00e+00	0.00e+00	0.00e+00	0.00e+00	3.13e-01	7.42e-08	4.47e-08
 5.75038e+22	3.27e-01	6.66e-01	6.11e-03	7.21e-06	4.15e-07	0.00e+00	0.00e+00	0.00e+00	0.00e+00	3.27e-01	7.73e-08	4.65e-08
 5.75637e+22	3.42e-01	6.53e-01	5.56e-03	6.56e-06	3.67e-07	0.00e+00	0.00e+00	0.00e+00	0.00e+00	3.42e-01	8.02e-08	4.82e-08
 5.76220e+22	3.58e-01	6.37e-01	5.04e-03	5.95e-06	3.23e-07	0.00e+00	0.00e+00	0.00e+00	0.00e+00	3.58e-01	8.32e-08	5.00e-08
 5.76799e+22	3.72e-01	6.23e-01	4.58e-03	5.44e-06	2.85e-07	0.00e+00	0.00e+00	0.00e+00	0.00e+00	3.72e-01	8.60e-08	5.16e-08
 5.77395e+22	3.89e-01	6.07e-01	4.13e-03	4.93e-06	2.49e-07	0.00e+00	0.00e+00	0.00e+00	0.00e+00	3.89e-01	8.89e-08	5.34e-08
 5.78016e+22	4.07e-01	5.89e-01	3.70e-03	4.45e-06	2.16e-07	0.00e+00	0.00e+00	0.00e+00	0.00e+00	4.07e-01	9.19e-08	5.51e-08
 5.78612e+22	4.24e-01	5.73e-01	3.33e-03	4.04e-06	1.89e-07	0.00e+00	0.00e+00	0.00e+00	0.00e+00	4.24e-01	9.46e-08	5.67e-08
 5.79207e+22	4.42e-01	5.55e-01	2.99e-03	3.67e-06	1.64e-07	0.00e+00	0.00e+00	0.00e+00	0.00e+00	4.42e-01	9.73e-08	5.83e-08
 5.79833e+22	4.60e-01	5.37e-01	2.67e-03	3.32e-06	1.42e-07	0.00e+00	0.00e+00	0.00e+00	0.00e+00	4.60e-01	9.99e-08	5.98e-08
 5.80483e+22	4.80e-01	5.18e-01	2.37e-03	2.99e-06	0.00e+00	0.00e+00	0.00e+00	0.00e+00	0.00e+00	4.80e-01	1.02e-07	6.13e-08
 5.81155e+22	5.01e-01	4.97e-01	2.09e-03	2.68e-06	0.00e+00	0.00e+00	0.00e+00	0.00e+00	0.00e+00	5.01e-01	1.05e-07	6.27e-08
 5.81834e+22	5.21e-01	4.77e-01	1.84e-03	2.42e-06	0.00e+00	0.00e+00	0.00e+00	0.00e+00	0.00e+00	5.21e-01	1.07e-07	6.39e-08
 5.82536e+22	5.43e-01	4.56e-01	1.61e-03	2.16e-06	0.00e+00	0.00e+00	0.00e+00	0.00e+00	0.00e+00	5.43e-01	1.09e-07	6.50e-08
 5.83275e+22	5.65e-01	4.33e-01	1.40e-03	1.92e-06	0.00e+00	0.00e+00	0.00e+00	0.00e+00	0.00e+00	5.65e-01	1.11e-07	6.60e-08
 5.84018e+22	5.87e-01	4.12e-01	1.22e-03	1.72e-06	0.00e+00	0.00e+00	0.00e+00	0.00e+00	0.00e+00	5.87e-01	1.12e-07	6.68e-08
 5.84609e+22	6.03e-01	3.96e-01	1.10e-03	1.58e-06	0.00e+00	0.00e+00	0.00e+00	0.00e+00	0.00e+00	6.03e-01	1.13e-07	6.71e-08
 5.85001e+22	6.14e-01	3.85e-01	1.02e-03	1.50e-06	0.00e+00	0.00e+00	0.00e+00	0.00e+00	0.00e+00	6.14e-01	1.13e-07	6.73e-08
 5.85368e+22	6.24e-01	3.75e-01	9.53e-04	1.42e-06	0.00e+00	0.00e+00	0.00e+00	0.00e+00	0.00e+00	6.24e-01	1.13e-07	6.75e-08
 5.85793e+22	6.36e-01	3.63e-01	8.78e-04	1.33e-06	0.00e+00	0.00e+00	0.00e+00	0.00e+00	0.00e+00	6.36e-01	1.14e-07	6.76e-08
 5.86260e+22	6.48e-01	3.51e-01	8.05e-04	1.25e-06	0.00e+00	0.00e+00	0.00e+00	0.00e+00	0.00e+00	6.48e-01	1.14e-07	6.77e-08
 5.86725e+22	6.60e-01	3.39e-01	7.39e-04	1.17e-06	0.00e+00	0.00e+00	0.00e+00	0.00e+00	0.00e+00	6.60e-01	1.14e-07	6.77e-08
 5.87179e+22	6.71e-01	3.28e-01	6.80e-04	1.10e-06	0.00e+00	0.00e+00	0.00e+00	0.00e+00	0.00e+00	6.71e-01	1.14e-07	6.77e-08
 5.87637e+22	6.82e-01	3.17e-01	6.26e-04	1.03e-06	0.00e+00	0.00e+00	0.00e+00	0.00e+00	0.00e+00	6.82e-01	1.14e-07	6.77e-08
 5.88109e+22	6.93e-01	3.07e-01	5.75e-04	9.70e-07	0.00e+00	0.00e+00	0.00e+00	0.00e+00	0.00e+00	6.93e-01	1.14e-07	6.75e-08
 5.88592e+22	7.04e-01	2.96e-01	5.26e-04	9.09e-07	0.00e+00	0.00e+00	0.00e+00	0.00e+00	0.00e+00	7.04e-01	1.14e-07	6.73e-08
 5.89076e+22	7.14e-01	2.86e-01	4.84e-04	8.57e-07	0.00e+00	0.00e+00	0.00e+00	0.00e+00	0.00e+00	7.14e-01	1.13e-07	6.72e-08
 5.89571e+22	7.24e-01	2.76e-01	4.43e-04	8.04e-07	0.00e+00	0.00e+00	0.00e+00	0.00e+00	0.00e+00	7.24e-01	1.13e-07	6.69e-08
 5.90087e+22	7.34e-01	2.65e-01	4.05e-04	7.55e-07	0.00e+00	0.00e+00	0.00e+00	0.00e+00	0.00e+00	7.34e-01	1.12e-07	6.66e-08
 5.90602e+22	7.44e-01	2.55e-01	3.71e-04	7.09e-07	0.00e+00	0.00e+00	0.00e+00	0.00e+00	0.00e+00	7.44e-01	1.12e-07	6.62e-08
 5.91117e+22	7.53e-01	2.46e-01	3.40e-04	6.68e-07	0.00e+00	0.00e+00	0.00e+00	0.00e+00	0.00e+00	7.53e-01	1.11e-07	6.59e-08
 5.91652e+22	7.62e-01	2.37e-01	3.11e-04	6.28e-07	0.00e+00	0.00e+00	0.00e+00	0.00e+00	0.00e+00	7.62e-01	1.11e-07	6.55e-08
 5.92213e+22	7.72e-01	2.28e-01	2.83e-04	5.89e-07	0.00e+00	0.00e+00	0.00e+00	0.00e+00	0.00e+00	7.72e-01	1.10e-07	6.51e-08
 5.92775e+22	7.80e-01	2.19e-01	2.59e-04	5.54e-07	0.00e+00	0.00e+00	0.00e+00	0.00e+00	0.00e+00	7.80e-01	1.10e-07	6.46e-08
 5.93345e+22	7.89e-01	2.11e-01	2.36e-04	5.21e-07	0.00e+00	0.00e+00	0.00e+00	0.00e+00	0.00e+00	7.89e-01	1.09e-07	6.42e-08
 5.93939e+22	7.97e-01	2.03e-01	2.15e-04	4.90e-07	0.00e+00	0.00e+00	0.00e+00	0.00e+00	0.00e+00	7.97e-01	1.08e-07	6.37e-08
 5.94554e+22	8.05e-01	1.95e-01	1.95e-04	4.60e-07	0.00e+00	0.00e+00	0.00e+00	0.00e+00	0.00e+00	8.05e-01	1.07e-07	6.33e-08
 5.95180e+22	8.13e-01	1.87e-01	1.78e-04	4.33e-07	0.00e+00	0.00e+00	0.00e+00	0.00e+00	0.00e+00	8.13e-01	1.07e-07	6.28e-08
 5.95820e+22	8.20e-01	1.80e-01	1.62e-04	4.07e-07	0.00e+00	0.00e+00	0.00e+00	0.00e+00	0.00e+00	8.20e-01	1.06e-07	6.22e-08
 5.96485e+22	8.28e-01	1.72e-01	1.47e-04	3.82e-07	0.00e+00	0.00e+00	0.00e+00	0.00e+00	0.00e+00	8.28e-01	1.05e-07	6.15e-08
 5.97168e+22	8.35e-01	1.65e-01	1.33e-04	3.59e-07	0.00e+00	0.00e+00	0.00e+00	0.00e+00	0.00e+00	8.35e-01	1.04e-07	6.08e-08
 5.97870e+22	8.41e-01	1.58e-01	1.21e-04	3.38e-07	0.00e+00	0.00e+00	0.00e+00	0.00e+00	0.00e+00	8.41e-01	1.03e-07	6.01e-08
 5.98595e+22	8.48e-01	1.52e-01	1.10e-04	3.17e-07	0.00e+00	0.00e+00	0.00e+00	0.00e+00	0.00e+00	8.48e-01	1.02e-07	5.94e-08
 5.99331e+22	8.54e-01	1.46e-01	9.98e-05	2.98e-07	0.00e+00	0.00e+00	0.00e+00	0.00e+00	0.00e+00	8.54e-01	1.02e-07	5.88e-08
 6.00085e+22	8.60e-01	1.39e-01	9.07e-05	2.80e-07	0.00e+00	0.00e+00	0.00e+00	0.00e+00	0.00e+00	8.60e-01	1.01e-07	5.81e-08
 6.00870e+22	8.66e-01	1.34e-01	8.24e-05	2.63e-07	0.00e+00	0.00e+00	0.00e+00	0.00e+00	0.00e+00	8.66e-01	1.00e-07	5.75e-08
 6.01669e+22	8.72e-01	1.28e-01	7.50e-05	2.47e-07	0.00e+00	0.00e+00	0.00e+00	0.00e+00	0.00e+00	8.72e-01	9.92e-08	5.68e-08
 6.02476e+22	8.77e-01	1.23e-01	6.84e-05	2.33e-07	0.00e+00	0.00e+00	0.00e+00	0.00e+00	0.00e+00	8.77e-01	9.85e-08	5.61e-08
 6.03307e+22	8.82e-01	1.18e-01	6.24e-05	2.19e-07	0.00e+00	0.00e+00	0.00e+00	0.00e+00	0.00e+00	8.82e-01	9.77e-08	5.55e-08
 6.04142e+22	8.87e-01	1.13e-01	5.72e-05	2.06e-07	0.00e+00	0.00e+00	0.00e+00	0.00e+00	0.00e+00	8.87e-01	9.71e-08	5.49e-08
 6.04978e+22	8.92e-01	1.08e-01	5.27e-05	1.95e-07	0.00e+00	0.00e+00	0.00e+00	0.00e+00	0.00e+00	8.92e-01	9.64e-08	5.43e-08
 6.05836e+22	8.96e-01	1.04e-01	4.85e-05	1.84e-07	0.00e+00	0.00e+00	0.00e+00	0.00e+00	0.00e+00	8.96e-01	9.59e-08	5.37e-08
 6.06718e+22	9.00e-01	9.98e-02	4.48e-05	1.73e-07	0.00e+00	0.00e+00	0.00e+00	0.00e+00	0.00e+00	9.00e-01	9.53e-08	5.32e-08
 6.07607e+22	9.04e-01	9.59e-02	4.16e-05	1.64e-07	0.00e+00	0.00e+00	0.00e+00	0.00e+00	0.00e+00	9.04e-01	9.49e-08	5.27e-08
 6.08504e+22	9.08e-01	9.23e-02	3.87e-05	1.55e-07	0.00e+00	0.00e+00	0.00e+00	0.00e+00	0.00e+00	9.08e-01	9.45e-08	5.23e-08
 6.09430e+22	9.11e-01	8.87e-02	3.60e-05	1.46e-07	0.00e+00	0.00e+00	0.00e+00	0.00e+00	0.00e+00	9.11e-01	9.41e-08	5.18e-08
 6.10380e+22	9.15e-01	8.52e-02	3.37e-05	1.38e-07	0.00e+00	0.00e+00	0.00e+00	0.00e+00	0.00e+00	9.15e-01	9.37e-08	5.14e-08
 6.11342e+22	9.18e-01	8.19e-02	3.16e-05	1.31e-07	0.00e+00	0.00e+00	0.00e+00	0.00e+00	0.00e+00	9.18e-01	9.34e-08	5.09e-08
 6.12318e+22	9.21e-01	7.87e-02	2.97e-05	1.24e-07	0.00e+00	0.00e+00	0.00e+00	0.00e+00	0.00e+00	9.21e-01	9.30e-08	5.05e-08
 6.13325e+22	9.24e-01	7.56e-02	2.80e-05	0.00e+00	0.00e+00	0.00e+00	0.00e+00	0.00e+00	0.00e+00	9.24e-01	9.28e-08	5.01e-08
 6.14351e+22	9.27e-01	7.26e-02	2.65e-05	0.00e+00	0.00e+00	0.00e+00	0.00e+00	0.00e+00	0.00e+00	9.27e-01	9.26e-08	4.98e-08
 6.15348e+22	9.30e-01	7.00e-02	2.52e-05	0.00e+00	0.00e+00	0.00e+00	0.00e+00	0.00e+00	0.00e+00	9.30e-01	9.24e-08	4.94e-08
 6.16279e+22	9.32e-01	6.77e-02	2.42e-05	0.00e+00	0.00e+00	0.00e+00	0.00e+00	0.00e+00	0.00e+00	9.32e-01	9.21e-08	4.91e-08
 6.17139e+22	9.34e-01	6.56e-02	2.34e-05	0.00e+00	0.00e+00	0.00e+00	0.00e+00	0.00e+00	0.00e+00	9.34e-01	9.19e-08	4.88e-08
 6.17942e+22	9.36e-01	6.38e-02	2.27e-05	0.00e+00	0.00e+00	0.00e+00	0.00e+00	0.00e+00	0.00e+00	9.36e-01	9.16e-08	4.85e-08
 6.18687e+22	9.38e-01	6.22e-02	2.21e-05	0.00e+00	0.00e+00	0.00e+00	0.00e+00	0.00e+00	0.00e+00	9.38e-01	9.15e-08	4.82e-08
 6.19409e+22	9.39e-01	6.06e-02	2.15e-05	0.00e+00	0.00e+00	0.00e+00	0.00e+00	0.00e+00	0.00e+00	9.39e-01	9.13e-08	4.80e-08
 6.20134e+22	9.41e-01	5.90e-02	2.10e-05	0.00e+00	0.00e+00	0.00e+00	0.00e+00	0.00e+00	0.00e+00	9.41e-01	9.12e-08	4.78e-08
 6.20838e+22	9.42e-01	5.75e-02	2.06e-05	0.00e+00	0.00e+00	0.00e+00	0.00e+00	0.00e+00	0.00e+00	9.42e-01	9.10e-08	4.75e-08
 6.21498e+22	9.44e-01	5.61e-02	2.02e-05	0.00e+00	0.00e+00	0.00e+00	0.00e+00	0.00e+00	0.00e+00	9.44e-01	9.09e-08	4.74e-08
 6.22126e+22	9.45e-01	5.49e-02	1.98e-05	0.00e+00	0.00e+00	0.00e+00	0.00e+00	0.00e+00	0.00e+00	9.45e-01	9.09e-08	4.72e-08
 6.22755e+22	9.46e-01	5.36e-02	1.95e-05	0.00e+00	0.00e+00	0.00e+00	0.00e+00	0.00e+00	0.00e+00	9.46e-01	9.07e-08	4.70e-08
 6.23358e+22	9.48e-01	5.24e-02	1.92e-05	0.00e+00	0.00e+00	0.00e+00	0.00e+00	0.00e+00	0.00e+00	9.48e-01	9.06e-08	4.68e-08
 6.23925e+22	9.49e-01	5.13e-02	1.89e-05	0.00e+00	0.00e+00	0.00e+00	0.00e+00	0.00e+00	0.00e+00	9.49e-01	9.05e-08	4.66e-08
 6.24490e+22	9.50e-01	5.02e-02	1.87e-05	0.00e+00	0.00e+00	0.00e+00	0.00e+00	0.00e+00	0.00e+00	9.50e-01	9.04e-08	4.65e-08
 6.25031e+22	9.51e-01	4.91e-02	1.84e-05	0.00e+00	0.00e+00	0.00e+00	0.00e+00	0.00e+00	0.00e+00	9.51e-01	9.03e-08	4.63e-08
 6.25540e+22	9.52e-01	4.81e-02	1.82e-05	0.00e+00	0.00e+00	0.00e+00	0.00e+00	0.00e+00	0.00e+00	9.52e-01	9.02e-08	4.61e-08
 6.26038e+22	9.53e-01	4.72e-02	1.80e-05	0.00e+00	0.00e+00	0.00e+00	0.00e+00	0.00e+00	0.00e+00	9.53e-01	9.01e-08	4.60e-08
 6.26524e+22	9.54e-01	4.62e-02	1.78e-05	0.00e+00	0.00e+00	0.00e+00	0.00e+00	0.00e+00	0.00e+00	9.54e-01	9.00e-08	4.58e-08
 6.26981e+22	9.55e-01	4.53e-02	1.76e-05	0.00e+00	0.00e+00	0.00e+00	0.00e+00	0.00e+00	0.00e+00	9.55e-01	8.98e-08	4.56e-08
 6.27397e+22	9.55e-01	4.46e-02	1.75e-05	0.00e+00	0.00e+00	0.00e+00	0.00e+00	0.00e+00	0.00e+00	9.55e-01	8.97e-08	4.55e-08
 6.27776e+22	9.56e-01	4.39e-02	1.74e-05	0.00e+00	0.00e+00	0.00e+00	0.00e+00	0.00e+00	0.00e+00	9.56e-01	8.95e-08	4.53e-08
 6.28120e+22	9.57e-01	4.32e-02	1.72e-05	0.00e+00	0.00e+00	0.00e+00	0.00e+00	0.00e+00	0.00e+00	9.57e-01	8.94e-08	4.52e-08
 6.28434e+22	9.57e-01	4.27e-02	1.71e-05	0.00e+00	0.00e+00	0.00e+00	0.00e+00	0.00e+00	0.00e+00	9.57e-01	8.93e-08	4.51e-08
 6.28719e+22	9.58e-01	4.21e-02	1.70e-05	0.00e+00	0.00e+00	0.00e+00	0.00e+00	0.00e+00	0.00e+00	9.58e-01	8.92e-08	4.49e-08
 6.28979e+22	9.58e-01	4.17e-02	1.69e-05	0.00e+00	0.00e+00	0.00e+00	0.00e+00	0.00e+00	0.00e+00	9.58e-01	8.89e-08	4.48e-08
 6.29263e+22	9.59e-01	4.11e-02	1.68e-05	0.00e+00	0.00e+00	0.00e+00	0.00e+00	0.00e+00	0.00e+00	9.59e-01	8.86e-08	4.47e-08
 6.29570e+22	9.59e-01	4.05e-02	1.67e-05	0.00e+00	0.00e+00	0.00e+00	0.00e+00	0.00e+00	0.00e+00	9.59e-01	8.82e-08	4.46e-08
 6.29850e+22	9.60e-01	4.00e-02	1.66e-05	0.00e+00	0.00e+00	0.00e+00	0.00e+00	0.00e+00	0.00e+00	9.60e-01	8.79e-08	4.44e-08
 6.30104e+22	9.60e-01	3.95e-02	1.65e-05	0.00e+00	0.00e+00	0.00e+00	0.00e+00	0.00e+00	0.00e+00	9.60e-01	8.75e-08	4.43e-08
 6.30336e+22	9.61e-01	3.92e-02	1.65e-05	0.00e+00	0.00e+00	0.00e+00	0.00e+00	0.00e+00	0.00e+00	9.61e-01	8.73e-08	4.42e-08
 6.30589e+22	9.61e-01	3.87e-02	1.63e-05	0.00e+00	0.00e+00	0.00e+00	0.00e+00	0.00e+00	0.00e+00	9.61e-01	8.71e-08	4.41e-08
 6.30919e+22	9.62e-01	3.80e-02	1.62e-05	0.00e+00	0.00e+00	0.00e+00	0.00e+00	0.00e+00	0.00e+00	9.62e-01	8.67e-08	4.40e-08
 6.31275e+22	9.63e-01	3.73e-02	1.60e-05	0.00e+00	0.00e+00	0.00e+00	0.00e+00	0.00e+00	0.00e+00	9.63e-01	8.63e-08	4.38e-08
 6.31599e+22	9.63e-01	3.67e-02	1.59e-05	0.00e+00	0.00e+00	0.00e+00	0.00e+00	0.00e+00	0.00e+00	9.63e-01	8.60e-08	4.37e-08
 6.31893e+22	9.64e-01	3.62e-02	1.58e-05	0.00e+00	0.00e+00	0.00e+00	0.00e+00	0.00e+00	0.00e+00	9.64e-01	8.58e-08	4.36e-08
 6.32216e+22	9.64e-01	3.57e-02	1.56e-05	0.00e+00	0.00e+00	0.00e+00	0.00e+00	0.00e+00	0.00e+00	9.64e-01	8.56e-08	4.36e-08
 6.32565e+22	9.65e-01	3.51e-02	1.55e-05	0.00e+00	0.00e+00	0.00e+00	0.00e+00	0.00e+00	0.00e+00	9.65e-01	8.54e-08	4.35e-08
 6.32882e+22	9.65e-01	3.47e-02	1.53e-05	0.00e+00	0.00e+00	0.00e+00	0.00e+00	0.00e+00	0.00e+00	9.65e-01	8.53e-08	4.34e-08
 6.33171e+22	9.66e-01	3.42e-02	1.52e-05	0.00e+00	0.00e+00	0.00e+00	0.00e+00	0.00e+00	0.00e+00	9.66e-01	8.50e-08	4.33e-08
 6.33434e+22	9.66e-01	3.40e-02	1.51e-05	0.00e+00	0.00e+00	0.00e+00	0.00e+00	0.00e+00	0.00e+00	9.66e-01	8.49e-08	4.32e-08
 6.33722e+22	9.67e-01	3.35e-02	1.50e-05	0.00e+00	0.00e+00	0.00e+00	0.00e+00	0.00e+00	0.00e+00	9.67e-01	8.48e-08	4.32e-08
 6.34096e+22	9.67e-01	3.28e-02	1.48e-05	0.00e+00	0.00e+00	0.00e+00	0.00e+00	0.00e+00	0.00e+00	9.67e-01	8.46e-08	4.31e-08
 6.34500e+22	9.68e-01	3.22e-02	1.46e-05	0.00e+00	0.00e+00	0.00e+00	0.00e+00	0.00e+00	0.00e+00	9.68e-01	8.44e-08	4.30e-08
 6.34868e+22	9.68e-01	3.17e-02	1.44e-05	0.00e+00	0.00e+00	0.00e+00	0.00e+00	0.00e+00	0.00e+00	9.68e-01	8.43e-08	4.29e-08
 6.35203e+22	9.69e-01	3.12e-02	1.43e-05	0.00e+00	0.00e+00	0.00e+00	0.00e+00	0.00e+00	0.00e+00	9.69e-01	8.42e-08	4.28e-08
 6.35507e+22	9.69e-01	3.09e-02	1.42e-05	0.00e+00	0.00e+00	0.00e+00	0.00e+00	0.00e+00	0.00e+00	9.69e-01	8.40e-08	4.28e-08
 6.35784e+22	9.70e-01	3.05e-02	1.41e-05	0.00e+00	0.00e+00	0.00e+00	0.00e+00	0.00e+00	0.00e+00	9.70e-01	8.37e-08	4.26e-08
 6.36037e+22	9.70e-01	3.02e-02	1.39e-05	0.00e+00	0.00e+00	0.00e+00	0.00e+00	0.00e+00	0.00e+00	9.70e-01	8.37e-08	4.25e-08
 6.36313e+22	9.70e-01	2.98e-02	1.38e-05	0.00e+00	0.00e+00	0.00e+00	0.00e+00	0.00e+00	0.00e+00	9.70e-01	8.36e-08	4.25e-08
 6.36672e+22	9.71e-01	2.92e-02	1.36e-05	0.00e+00	0.00e+00	0.00e+00	0.00e+00	0.00e+00	0.00e+00	9.71e-01	8.33e-08	4.23e-08
 6.37060e+22	9.71e-01	2.86e-02	1.34e-05	0.00e+00	0.00e+00	0.00e+00	0.00e+00	0.00e+00	0.00e+00	9.71e-01	8.31e-08	4.22e-08
 6.37413e+22	9.72e-01	2.81e-02	1.32e-05	0.00e+00	0.00e+00	0.00e+00	0.00e+00	0.00e+00	0.00e+00	9.72e-01	8.29e-08	4.21e-08
 6.37734e+22	9.72e-01	2.77e-02	1.31e-05	0.00e+00	0.00e+00	0.00e+00	0.00e+00	0.00e+00	0.00e+00	9.72e-01	8.28e-08	4.20e-08
 6.38026e+22	9.73e-01	2.74e-02	1.29e-05	0.00e+00	0.00e+00	0.00e+00	0.00e+00	0.00e+00	0.00e+00	9.73e-01	8.26e-08	4.18e-08
 6.38292e+22	9.73e-01	2.70e-02	1.28e-05	0.00e+00	0.00e+00	0.00e+00	0.00e+00	0.00e+00	0.00e+00	9.73e-01	8.24e-08	4.17e-08
 6.38584e+22	9.73e-01	2.66e-02	1.27e-05	0.00e+00	0.00e+00	0.00e+00	0.00e+00	0.00e+00	0.00e+00	9.73e-01	8.22e-08	4.16e-08
 6.38898e+22	9.74e-01	2.62e-02	1.25e-05	0.00e+00	0.00e+00	0.00e+00	0.00e+00	0.00e+00	0.00e+00	9.74e-01	8.20e-08	4.15e-08
 6.39185e+22	9.74e-01	2.59e-02	1.24e-05	0.00e+00	0.00e+00	0.00e+00	0.00e+00	0.00e+00	0.00e+00	9.74e-01	8.19e-08	4.13e-08
 6.39445e+22	9.74e-01	2.55e-02	1.23e-05	0.00e+00	0.00e+00	0.00e+00	0.00e+00	0.00e+00	0.00e+00	9.74e-01	8.17e-08	4.12e-08
 6.39682e+22	9.75e-01	2.53e-02	1.22e-05	0.00e+00	0.00e+00	0.00e+00	0.00e+00	0.00e+00	0.00e+00	9.75e-01	8.16e-08	4.11e-08
 6.39942e+22	9.75e-01	2.50e-02	1.21e-05	0.00e+00	0.00e+00	0.00e+00	0.00e+00	0.00e+00	0.00e+00	9.75e-01	8.15e-08	4.10e-08
 6.40280e+22	9.76e-01	2.45e-02	1.19e-05	0.00e+00	0.00e+00	0.00e+00	0.00e+00	0.00e+00	0.00e+00	9.76e-01	8.13e-08	4.08e-08
 6.40644e+22	9.76e-01	2.40e-02	1.18e-05	0.00e+00	0.00e+00	0.00e+00	0.00e+00	0.00e+00	0.00e+00	9.76e-01	8.10e-08	4.07e-08
 6.40976e+22	9.76e-01	2.36e-02	1.16e-05	0.00e+00	0.00e+00	0.00e+00	0.00e+00	0.00e+00	0.00e+00	9.76e-01	8.09e-08	4.05e-08
 6.41278e+22	9.77e-01	2.33e-02	1.15e-05	0.00e+00	0.00e+00	0.00e+00	0.00e+00	0.00e+00	0.00e+00	9.77e-01	8.06e-08	4.03e-08
 6.41553e+22	9.77e-01	2.31e-02	1.14e-05	0.00e+00	0.00e+00	0.00e+00	0.00e+00	0.00e+00	0.00e+00	9.77e-01	8.02e-08	4.01e-08
 6.41854e+22	9.77e-01	2.28e-02	1.13e-05	0.00e+00	0.00e+00	0.00e+00	0.00e+00	0.00e+00	0.00e+00	9.77e-01	7.96e-08	3.99e-08
 6.42246e+22	9.78e-01	2.23e-02	1.12e-05	0.00e+00	0.00e+00	0.00e+00	0.00e+00	0.00e+00	0.00e+00	9.78e-01	7.87e-08	3.95e-08
 6.42668e+22	9.78e-01	2.19e-02	1.10e-05	0.00e+00	0.00e+00	0.00e+00	0.00e+00	0.00e+00	0.00e+00	9.78e-01	7.81e-08	3.91e-08
 6.43053e+22	9.78e-01	2.15e-02	1.09e-05	0.00e+00	0.00e+00	0.00e+00	0.00e+00	0.00e+00	0.00e+00	9.78e-01	7.72e-08	3.88e-08
 6.43403e+22	9.79e-01	2.12e-02	1.08e-05	0.00e+00	0.00e+00	0.00e+00	0.00e+00	0.00e+00	0.00e+00	9.79e-01	7.64e-08	3.83e-08
 6.43721e+22	9.79e-01	2.10e-02	1.07e-05	0.00e+00	0.00e+00	0.00e+00	0.00e+00	0.00e+00	0.00e+00	9.79e-01	7.59e-08	3.79e-08
 6.44070e+22	9.79e-01	2.06e-02	1.06e-05	0.00e+00	0.00e+00	0.00e+00	0.00e+00	0.00e+00	0.00e+00	9.79e-01	7.54e-08	3.76e-08
 6.44524e+22	9.80e-01	2.02e-02	1.04e-05	0.00e+00	0.00e+00	0.00e+00	0.00e+00	0.00e+00	0.00e+00	9.80e-01	7.45e-08	3.70e-08
 6.45013e+22	9.80e-01	1.97e-02	1.03e-05	0.00e+00	0.00e+00	0.00e+00	0.00e+00	0.00e+00	0.00e+00	9.80e-01	7.38e-08	3.66e-08
 6.45459e+22	9.81e-01	1.93e-02	1.01e-05	0.00e+00	0.00e+00	0.00e+00	0.00e+00	0.00e+00	0.00e+00	9.81e-01	7.30e-08	3.60e-08
 6.45864e+22	9.81e-01	1.90e-02	1.00e-05	0.00e+00	0.00e+00	0.00e+00	0.00e+00	0.00e+00	0.00e+00	9.81e-01	7.24e-08	3.57e-08
 6.46233e+22	9.81e-01	1.88e-02	9.93e-06	0.00e+00	0.00e+00	0.00e+00	0.00e+00	0.00e+00	0.00e+00	9.81e-01	7.18e-08	3.53e-08
 6.46569e+22	9.82e-01	1.84e-02	9.83e-06	0.00e+00	0.00e+00	0.00e+00	0.00e+00	0.00e+00	0.00e+00	9.82e-01	7.09e-08	3.47e-08
 6.46875e+22	9.82e-01	1.83e-02	9.76e-06	0.00e+00	0.00e+00	0.00e+00	0.00e+00	0.00e+00	0.00e+00	9.82e-01	7.07e-08	3.46e-08
 6.47210e+22	9.82e-01	1.80e-02	9.66e-06	0.00e+00	0.00e+00	0.00e+00	0.00e+00	0.00e+00	0.00e+00	9.82e-01	7.00e-08	3.41e-08
 6.47571e+22	9.82e-01	1.78e-02	9.57e-06	0.00e+00	0.00e+00	0.00e+00	0.00e+00	0.00e+00	0.00e+00	9.82e-01	6.97e-08	3.39e-08
 6.47967e+22	9.83e-01	1.74e-02	9.46e-06	0.00e+00	0.00e+00	0.00e+00	0.00e+00	0.00e+00	0.00e+00	9.83e-01	6.88e-08	3.34e-08
 6.48395e+22	9.83e-01	1.71e-02	9.35e-06	0.00e+00	0.00e+00	0.00e+00	0.00e+00	0.00e+00	0.00e+00	9.83e-01	6.80e-08	3.29e-08
 6.48784e+22	9.83e-01	1.68e-02	9.25e-06	0.00e+00	0.00e+00	0.00e+00	0.00e+00	0.00e+00	0.00e+00	9.83e-01	6.71e-08	3.23e-08
 6.49139e+22	9.83e-01	1.66e-02	9.18e-06	0.00e+00	0.00e+00	0.00e+00	0.00e+00	0.00e+00	0.00e+00	9.83e-01	6.68e-08	3.22e-08
 6.49527e+22	9.84e-01	1.63e-02	9.07e-06	0.00e+00	0.00e+00	0.00e+00	0.00e+00	0.00e+00	0.00e+00	9.84e-01	6.60e-08	3.17e-08
 6.49946e+22	9.84e-01	1.60e-02	8.97e-06	0.00e+00	0.00e+00	0.00e+00	0.00e+00	0.00e+00	0.00e+00	9.84e-01	6.53e-08	3.12e-08
 6.50327e+22	9.84e-01	1.58e-02	8.89e-06	0.00e+00	0.00e+00	0.00e+00	0.00e+00	0.00e+00	0.00e+00	9.84e-01	6.49e-08	3.10e-08
 6.50745e+22	9.85e-01	1.55e-02	8.79e-06	0.00e+00	0.00e+00	0.00e+00	0.00e+00	0.00e+00	0.00e+00	9.85e-01	6.39e-08	3.04e-08
 6.51196e+22	9.85e-01	1.52e-02	8.69e-06	0.00e+00	0.00e+00	0.00e+00	0.00e+00	0.00e+00	0.00e+00	9.85e-01	6.31e-08	2.99e-08
 6.51606e+22	9.85e-01	1.49e-02	8.59e-06	0.00e+00	0.00e+00	0.00e+00	0.00e+00	0.00e+00	0.00e+00	9.85e-01	6.21e-08	2.93e-08
 6.51980e+22	9.85e-01	1.47e-02	8.53e-06	0.00e+00	0.00e+00	0.00e+00	0.00e+00	0.00e+00	0.00e+00	9.85e-01	6.18e-08	2.91e-08
 6.52389e+22	9.86e-01	1.45e-02	8.43e-06	0.00e+00	0.00e+00	0.00e+00	0.00e+00	0.00e+00	0.00e+00	9.86e-01	6.10e-08	2.86e-08
 6.52831e+22	9.86e-01	1.42e-02	8.34e-06	0.00e+00	0.00e+00	0.00e+00	0.00e+00	0.00e+00	0.00e+00	9.86e-01	6.03e-08	2.82e-08
 6.53233e+22	9.86e-01	1.40e-02	8.27e-06	0.00e+00	0.00e+00	0.00e+00	0.00e+00	0.00e+00	0.00e+00	9.86e-01	5.98e-08	2.78e-08
 6.53674e+22	9.86e-01	1.37e-02	8.16e-06	0.00e+00	0.00e+00	0.00e+00	0.00e+00	0.00e+00	0.00e+00	9.86e-01	5.89e-08	2.73e-08
 6.54149e+22	9.87e-01	1.34e-02	8.07e-06	0.00e+00	0.00e+00	0.00e+00	0.00e+00	0.00e+00	0.00e+00	9.87e-01	5.81e-08	2.68e-08
 6.54582e+22	9.87e-01	1.32e-02	8.00e-06	0.00e+00	0.00e+00	0.00e+00	0.00e+00	0.00e+00	0.00e+00	9.87e-01	5.77e-08	2.66e-08
 6.55056e+22	9.87e-01	1.30e-02	7.90e-06	0.00e+00	0.00e+00	0.00e+00	0.00e+00	0.00e+00	0.00e+00	9.87e-01	5.68e-08	2.61e-08
 6.55568e+22	9.87e-01	1.27e-02	7.80e-06	0.00e+00	0.00e+00	0.00e+00	0.00e+00	0.00e+00	0.00e+00	9.87e-01	5.61e-08	2.57e-08
 6.56034e+22	9.88e-01	1.25e-02	7.73e-06	0.00e+00	0.00e+00	0.00e+00	0.00e+00	0.00e+00	0.00e+00	9.88e-01	5.55e-08	2.53e-08
 6.56545e+22	9.88e-01	1.22e-02	7.63e-06	0.00e+00	0.00e+00	0.00e+00	0.00e+00	0.00e+00	0.00e+00	9.88e-01	5.48e-08	2.49e-08
 6.57096e+22	9.88e-01	1.19e-02	7.53e-06	0.00e+00	0.00e+00	0.00e+00	0.00e+00	0.00e+00	0.00e+00	9.88e-01	5.41e-08	2.44e-08
 6.57598e+22	9.88e-01	1.17e-02	7.45e-06	0.00e+00	0.00e+00	0.00e+00	0.00e+00	0.00e+00	0.00e+00	9.88e-01	5.34e-08	2.40e-08
 6.58055e+22	9.88e-01	1.15e-02	7.38e-06	0.00e+00	0.00e+00	0.00e+00	0.00e+00	0.00e+00	0.00e+00	9.88e-01	5.29e-08	2.36e-08
 6.58555e+22	9.89e-01	1.13e-02	7.29e-06	0.00e+00	0.00e+00	0.00e+00	0.00e+00	0.00e+00	0.00e+00	9.89e-01	5.22e-08	2.31e-08
 6.59095e+22	9.89e-01	1.10e-02	7.20e-06	0.00e+00	0.00e+00	0.00e+00	0.00e+00	0.00e+00	0.00e+00	9.89e-01	5.13e-08	2.26e-08
 6.59586e+22	9.89e-01	1.08e-02	7.13e-06	0.00e+00	0.00e+00	0.00e+00	0.00e+00	0.00e+00	0.00e+00	9.89e-01	5.10e-08	2.23e-08
 6.60125e+22	9.89e-01	1.06e-02	7.04e-06	0.00e+00	0.00e+00	0.00e+00	0.00e+00	0.00e+00	0.00e+00	9.89e-01	5.02e-08	2.19e-08
 6.60706e+22	9.90e-01	1.03e-02	6.95e-06	0.00e+00	0.00e+00	0.00e+00	0.00e+00	0.00e+00	0.00e+00	9.90e-01	4.92e-08	2.13e-08
 6.61235e+22	9.90e-01	1.02e-02	6.88e-06	0.00e+00	0.00e+00	0.00e+00	0.00e+00	0.00e+00	0.00e+00	9.90e-01	4.87e-08	2.10e-08
 6.61815e+22	9.90e-01	9.93e-03	6.79e-06	0.00e+00	0.00e+00	0.00e+00	0.00e+00	0.00e+00	0.00e+00	9.90e-01	4.80e-08	2.06e-08
 6.62441e+22	9.90e-01	9.69e-03	6.70e-06	0.00e+00	0.00e+00	0.00e+00	0.00e+00	0.00e+00	0.00e+00	9.90e-01	4.73e-08	2.02e-08
 6.63010e+22	9.91e-01	9.48e-03	6.62e-06	0.00e+00	0.00e+00	0.00e+00	0.00e+00	0.00e+00	0.00e+00	9.91e-01	4.66e-08	1.98e-08
 6.63529e+22	9.91e-01	9.33e-03	6.56e-06	0.00e+00	0.00e+00	0.00e+00	0.00e+00	0.00e+00	0.00e+00	9.91e-01	4.61e-08	1.95e-08
 6.64097e+22	9.91e-01	9.12e-03	6.47e-06	0.00e+00	0.00e+00	0.00e+00	0.00e+00	0.00e+00	0.00e+00	9.91e-01	4.54e-08	1.90e-08
 6.64710e+22	9.91e-01	8.88e-03	6.39e-06	0.00e+00	0.00e+00	0.00e+00	0.00e+00	0.00e+00	0.00e+00	9.91e-01	4.45e-08	1.86e-08
 6.65268e+22	9.91e-01	8.73e-03	6.33e-06	0.00e+00	0.00e+00	0.00e+00	0.00e+00	0.00e+00	0.00e+00	9.91e-01	4.41e-08	1.83e-08
 6.65879e+22	9.91e-01	8.52e-03	6.24e-06	0.00e+00	0.00e+00	0.00e+00	0.00e+00	0.00e+00	0.00e+00	9.91e-01	4.34e-08	1.79e-08
 6.66539e+22	9.92e-01	8.28e-03	6.16e-06	0.00e+00	0.00e+00	0.00e+00	0.00e+00	0.00e+00	0.00e+00	9.92e-01	4.26e-08	1.74e-08
 6.67140e+22	9.92e-01	8.13e-03	6.09e-06	0.00e+00	0.00e+00	0.00e+00	0.00e+00	0.00e+00	0.00e+00	9.92e-01	4.22e-08	1.72e-08
 6.67798e+22	9.92e-01	7.93e-03	6.00e-06	0.00e+00	0.00e+00	0.00e+00	0.00e+00	0.00e+00	0.00e+00	9.92e-01	4.15e-08	1.68e-08
 6.68508e+22	9.92e-01	7.69e-03	5.92e-06	0.00e+00	0.00e+00	0.00e+00	0.00e+00	0.00e+00	0.00e+00	9.92e-01	4.06e-08	1.63e-08
 6.69155e+22	9.92e-01	7.54e-03	5.85e-06	0.00e+00	0.00e+00	0.00e+00	0.00e+00	0.00e+00	0.00e+00	9.92e-01	4.02e-08	1.60e-08
 6.69864e+22	9.93e-01	7.34e-03	5.76e-06	0.00e+00	0.00e+00	0.00e+00	0.00e+00	0.00e+00	0.00e+00	9.93e-01	3.95e-08	1.56e-08
 6.70629e+22	9.93e-01	7.13e-03	5.68e-06	0.00e+00	0.00e+00	0.00e+00	0.00e+00	0.00e+00	0.00e+00	9.93e-01	3.89e-08	1.52e-08
 6.71325e+22	9.93e-01	6.96e-03	5.61e-06	0.00e+00	0.00e+00	0.00e+00	0.00e+00	0.00e+00	0.00e+00	9.93e-01	3.83e-08	1.49e-08
 6.71958e+22	9.93e-01	6.82e-03	5.54e-06	0.00e+00	0.00e+00	0.00e+00	0.00e+00	0.00e+00	0.00e+00	9.93e-01	3.78e-08	1.46e-08
 6.72652e+22	9.93e-01	6.64e-03	5.46e-06	0.00e+00	0.00e+00	0.00e+00	0.00e+00	0.00e+00	0.00e+00	9.93e-01	3.72e-08	1.42e-08
 6.73402e+22	9.94e-01	6.46e-03	5.39e-06	0.00e+00	0.00e+00	0.00e+00	0.00e+00	0.00e+00	0.00e+00	9.94e-01	3.66e-08	1.38e-08
 6.74084e+22	9.94e-01	6.31e-03	5.32e-06	0.00e+00	0.00e+00	0.00e+00	0.00e+00	0.00e+00	0.00e+00	9.94e-01	3.61e-08	1.35e-08
 6.74831e+22	9.94e-01	6.15e-03	5.24e-06	0.00e+00	0.00e+00	0.00e+00	0.00e+00	0.00e+00	0.00e+00	9.94e-01	3.54e-08	1.32e-08
 6.75638e+22	9.94e-01	5.95e-03	5.17e-06	0.00e+00	0.00e+00	0.00e+00	0.00e+00	0.00e+00	0.00e+00	9.94e-01	3.47e-08	1.27e-08
 6.76372e+22	9.94e-01	5.82e-03	5.10e-06	0.00e+00	0.00e+00	0.00e+00	0.00e+00	0.00e+00	0.00e+00	9.94e-01	3.43e-08	1.25e-08
 6.77176e+22	9.94e-01	5.66e-03	5.02e-06	0.00e+00	0.00e+00	0.00e+00	0.00e+00	0.00e+00	0.00e+00	9.94e-01	3.36e-08	1.21e-08
 6.78045e+22	9.95e-01	5.48e-03	4.94e-06	0.00e+00	0.00e+00	0.00e+00	0.00e+00	0.00e+00	0.00e+00	9.95e-01	3.30e-08	1.18e-08
 6.78835e+22	9.95e-01	5.34e-03	4.88e-06	0.00e+00	0.00e+00	0.00e+00	0.00e+00	0.00e+00	0.00e+00	9.95e-01	3.25e-08	1.15e-08
