#depth	N	N+	N+2	N+3	N+4	N+5	N+6	N+7
 4.62852e+21	7.01e-11	1.32e-06	6.65e-04	1.91e-02	6.56e-02	6.16e-01	2.73e-01	2.65e-02
 1.02907e+22	1.79e-10	3.27e-06	1.58e-03	3.62e-02	1.03e-01	6.51e-01	1.95e-01	1.28e-02
 1.18411e+22	2.92e-10	5.16e-06	2.41e-03	4.86e-02	1.25e-01	6.53e-01	1.62e-01	8.82e-03
 1.26194e+22	3.77e-10	6.51e-06	2.99e-03	5.60e-02	1.37e-01	6.50e-01	1.46e-01	7.26e-03
 1.30036e+22	4.27e-10	7.29e-06	3.30e-03	5.98e-02	1.43e-01	6.48e-01	1.39e-01	6.63e-03
 1.32859e+22	4.98e-10	8.39e-06	3.75e-03	6.50e-02	1.50e-01	6.44e-01	1.31e-01	5.87e-03
 1.35596e+22	5.58e-10	9.30e-06	4.11e-03	6.91e-02	1.56e-01	6.41e-01	1.25e-01	5.37e-03
 1.38218e+22	6.46e-10	1.06e-05	4.61e-03	7.43e-02	1.63e-01	6.36e-01	1.17e-01	4.81e-03
 1.40956e+22	7.34e-10	1.19e-05	5.11e-03	7.93e-02	1.69e-01	6.31e-01	1.11e-01	4.35e-03
 1.43434e+22	8.32e-10	1.33e-05	5.62e-03	8.43e-02	1.75e-01	6.25e-01	1.06e-01	3.95e-03
 1.46246e+22	9.76e-10	1.53e-05	6.35e-03	9.09e-02	1.83e-01	6.18e-01	9.87e-02	3.50e-03
 1.49167e+22	1.12e-09	1.73e-05	7.07e-03	9.71e-02	1.90e-01	6.10e-01	9.27e-02	3.13e-03
 1.51778e+22	1.28e-09	1.94e-05	7.81e-03	1.03e-01	1.96e-01	6.03e-01	8.75e-02	2.82e-03
 1.54718e+22	1.52e-09	2.25e-05	8.84e-03	1.11e-01	2.04e-01	5.92e-01	8.12e-02	2.48e-03
 1.57783e+22	1.75e-09	2.56e-05	9.87e-03	1.19e-01	2.11e-01	5.82e-01	7.57e-02	2.19e-03
 1.60544e+22	2.02e-09	2.89e-05	1.09e-02	1.26e-01	2.18e-01	5.72e-01	7.09e-02	1.96e-03
 1.63666e+22	2.43e-09	3.38e-05	1.24e-02	1.36e-01	2.26e-01	5.59e-01	6.52e-02	1.69e-03
 1.66887e+22	2.84e-09	3.87e-05	1.39e-02	1.45e-01	2.33e-01	5.46e-01	6.03e-02	1.48e-03
 1.69758e+22	3.30e-09	4.40e-05	1.54e-02	1.54e-01	2.39e-01	5.34e-01	5.60e-02	1.31e-03
 1.73010e+22	4.01e-09	5.17e-05	1.76e-02	1.66e-01	2.47e-01	5.18e-01	5.10e-02	1.12e-03
 1.76385e+22	4.74e-09	5.95e-05	1.97e-02	1.77e-01	2.53e-01	5.03e-01	4.68e-02	9.74e-04
 1.79421e+22	5.57e-09	6.80e-05	2.19e-02	1.87e-01	2.59e-01	4.88e-01	4.30e-02	8.50e-04
 1.82867e+22	6.84e-09	8.08e-05	2.51e-02	2.01e-01	2.66e-01	4.68e-01	3.86e-02	7.12e-04
 1.86410e+22	8.14e-09	9.32e-05	2.80e-02	2.13e-01	2.71e-01	4.52e-01	3.50e-02	6.11e-04
 1.89598e+22	9.67e-09	1.07e-04	3.12e-02	2.26e-01	2.76e-01	4.35e-01	3.19e-02	5.25e-04
 1.93259e+22	1.21e-08	1.28e-04	3.58e-02	2.42e-01	2.81e-01	4.12e-01	2.81e-02	4.31e-04
 1.96962e+22	1.44e-08	1.48e-04	4.00e-02	2.55e-01	2.85e-01	3.94e-01	2.52e-02	3.64e-04
 2.00717e+22	1.81e-08	1.78e-04	4.57e-02	2.72e-01	2.89e-01	3.71e-01	2.20e-02	2.96e-04
 2.04516e+22	2.18e-08	2.06e-04	5.09e-02	2.86e-01	2.91e-01	3.52e-01	1.96e-02	2.48e-04
 2.08374e+22	2.76e-08	2.48e-04	5.82e-02	3.04e-01	2.92e-01	3.28e-01	1.69e-02	1.98e-04
 2.12269e+22	3.28e-08	2.87e-04	6.46e-02	3.18e-01	2.93e-01	3.09e-01	1.50e-02	1.64e-04
 2.16211e+22	4.18e-08	3.47e-04	7.36e-02	3.36e-01	2.92e-01	2.85e-01	1.27e-02	1.29e-04
 2.20193e+22	5.07e-08	4.01e-04	8.13e-02	3.50e-01	2.90e-01	2.67e-01	1.11e-02	1.06e-04
 2.24228e+22	6.49e-08	4.84e-04	9.23e-02	3.68e-01	2.87e-01	2.44e-01	9.35e-03	8.18e-05
 2.28316e+22	7.90e-08	5.62e-04	1.02e-01	3.81e-01	2.83e-01	2.26e-01	8.10e-03	6.63e-05
 2.32474e+22	1.02e-07	6.79e-04	1.15e-01	3.97e-01	2.77e-01	2.04e-01	6.69e-03	5.03e-05
 2.36560e+22	1.23e-07	7.80e-04	1.26e-01	4.09e-01	2.71e-01	1.88e-01	5.78e-03	4.08e-05
 2.39982e+22	1.48e-07	8.91e-04	1.36e-01	4.19e-01	2.65e-01	1.74e-01	5.02e-03	3.33e-05
 2.43281e+22	1.76e-07	1.01e-03	1.47e-01	4.28e-01	2.59e-01	1.60e-01	4.35e-03	2.72e-05
 2.46991e+22	2.19e-07	1.19e-03	1.62e-01	4.38e-01	2.51e-01	1.44e-01	3.62e-03	2.10e-05
 2.50692e+22	2.61e-07	1.35e-03	1.74e-01	4.45e-01	2.43e-01	1.32e-01	3.12e-03	1.70e-05
 2.54380e+22	3.25e-07	1.57e-03	1.91e-01	4.53e-01	2.34e-01	1.18e-01	2.58e-03	1.31e-05
 2.58136e+22	3.89e-07	1.78e-03	2.05e-01	4.59e-01	2.25e-01	1.08e-01	2.20e-03	1.04e-05
 2.61981e+22	4.88e-07	2.09e-03	2.23e-01	4.64e-01	2.14e-01	9.52e-02	1.79e-03	7.84e-06
 2.65865e+22	5.84e-07	2.36e-03	2.38e-01	4.67e-01	2.05e-01	8.60e-02	1.51e-03	6.22e-06
 2.69798e+22	7.38e-07	2.77e-03	2.59e-01	4.69e-01	1.93e-01	7.50e-02	1.21e-03	4.55e-06
 2.73725e+22	8.79e-07	3.13e-03	2.75e-01	4.70e-01	1.84e-01	6.74e-02	1.02e-03	3.59e-06
 2.76874e+22	1.02e-06	3.46e-03	2.89e-01	4.69e-01	1.76e-01	6.14e-02	8.72e-04	2.92e-06
 2.80200e+22	1.23e-06	3.92e-03	3.07e-01	4.68e-01	1.66e-01	5.46e-02	7.21e-04	2.25e-06
 2.83574e+22	1.43e-06	4.34e-03	3.22e-01	4.65e-01	1.58e-01	4.93e-02	6.14e-04	1.81e-06
 2.86542e+22	1.66e-06	4.79e-03	3.37e-01	4.62e-01	1.50e-01	4.47e-02	5.24e-04	1.46e-06
 2.89932e+22	2.00e-06	5.42e-03	3.56e-01	4.58e-01	1.41e-01	3.94e-02	4.29e-04	1.11e-06
 2.93363e+22	2.33e-06	5.99e-03	3.72e-01	4.53e-01	1.33e-01	3.53e-02	3.61e-04	8.82e-07
 2.96367e+22	2.70e-06	6.59e-03	3.88e-01	4.48e-01	1.26e-01	3.18e-02	3.06e-04	7.05e-07
 2.99794e+22	3.25e-06	7.45e-03	4.08e-01	4.40e-01	1.17e-01	2.77e-02	2.46e-04	5.26e-07
 3.03248e+22	3.75e-06	8.18e-03	4.23e-01	4.34e-01	1.10e-01	2.48e-02	2.08e-04	4.18e-07
 3.06738e+22	4.49e-06	9.21e-03	4.43e-01	4.24e-01	1.02e-01	2.15e-02	1.67e-04	3.11e-07
 3.10282e+22	5.23e-06	1.02e-02	4.60e-01	4.16e-01	9.51e-02	1.91e-02	1.38e-04	2.42e-07
 3.13401e+22	6.02e-06	1.11e-02	4.75e-01	4.07e-01	8.90e-02	1.70e-02	1.15e-04	1.90e-07
 3.16959e+22	7.20e-06	1.25e-02	4.95e-01	3.96e-01	8.16e-02	1.46e-02	9.14e-05	1.39e-07
 3.20595e+22	8.36e-06	1.38e-02	5.11e-01	3.86e-01	7.57e-02	1.29e-02	7.50e-05	0.00e+00
 3.23840e+22	9.66e-06	1.51e-02	5.27e-01	3.76e-01	7.03e-02	1.13e-02	6.17e-05	0.00e+00
 3.27569e+22	1.16e-05	1.70e-02	5.47e-01	3.63e-01	6.38e-02	9.63e-03	4.80e-05	0.00e+00
 3.31353e+22	1.35e-05	1.87e-02	5.63e-01	3.51e-01	5.87e-02	8.40e-03	3.89e-05	0.00e+00
 3.35211e+22	1.62e-05	2.09e-02	5.82e-01	3.37e-01	5.30e-02	7.09e-03	3.00e-05	0.00e+00
 3.39169e+22	1.90e-05	2.31e-02	5.98e-01	3.25e-01	4.83e-02	6.09e-03	2.38e-05	0.00e+00
 3.42668e+22	2.20e-05	2.54e-02	6.12e-01	3.13e-01	4.42e-02	5.28e-03	1.91e-05	0.00e+00
 3.46627e+22	2.65e-05	2.85e-02	6.30e-01	2.98e-01	3.95e-02	4.40e-03	1.45e-05	0.00e+00
 3.50717e+22	3.10e-05	3.14e-02	6.45e-01	2.85e-01	3.57e-02	3.75e-03	1.14e-05	0.00e+00
 3.54978e+22	3.77e-05	3.55e-02	6.62e-01	2.68e-01	3.15e-02	3.07e-03	8.38e-06	0.00e+00
 3.58678e+22	4.24e-05	3.81e-02	6.71e-01	2.59e-01	2.91e-02	2.72e-03	6.95e-06	0.00e+00
 3.60404e+22	4.36e-05	3.87e-02	6.74e-01	2.56e-01	2.86e-02	2.64e-03	6.64e-06	0.00e+00
 3.61222e+22	4.51e-05	3.95e-02	6.76e-01	2.54e-01	2.79e-02	2.55e-03	6.30e-06	0.00e+00
 3.62108e+22	4.71e-05	4.06e-02	6.79e-01	2.50e-01	2.72e-02	2.44e-03	5.89e-06	0.00e+00
 3.63260e+22	4.95e-05	4.19e-02	6.83e-01	2.46e-01	2.63e-02	2.31e-03	5.44e-06	0.00e+00
 3.64757e+22	5.29e-05	4.36e-02	6.88e-01	2.41e-01	2.51e-02	2.15e-03	4.87e-06	0.00e+00
 3.66703e+22	5.79e-05	4.61e-02	6.95e-01	2.34e-01	2.36e-02	1.96e-03	4.22e-06	0.00e+00
 3.69234e+22	6.52e-05	4.96e-02	7.03e-01	2.24e-01	2.17e-02	1.72e-03	3.47e-06	0.00e+00
 3.72071e+22	7.30e-05	5.31e-02	7.10e-01	2.15e-01	2.01e-02	1.52e-03	2.88e-06	0.00e+00
 3.75307e+22	8.45e-05	5.80e-02	7.19e-01	2.04e-01	1.81e-02	1.29e-03	2.25e-06	0.00e+00
 3.78579e+22	9.52e-05	6.23e-02	7.25e-01	1.95e-01	1.66e-02	1.13e-03	1.84e-06	0.00e+00
 3.81898e+22	1.10e-04	6.80e-02	7.32e-01	1.84e-01	1.49e-02	9.60e-04	1.44e-06	0.00e+00
 3.85296e+22	1.25e-04	7.33e-02	7.37e-01	1.75e-01	1.35e-02	8.30e-04	1.15e-06	0.00e+00
 3.88312e+22	1.40e-04	7.86e-02	7.42e-01	1.66e-01	1.24e-02	7.24e-04	9.36e-07	0.00e+00
 3.91746e+22	1.62e-04	8.59e-02	7.46e-01	1.56e-01	1.10e-02	6.08e-04	7.20e-07	0.00e+00
 3.95297e+22	1.84e-04	9.25e-02	7.49e-01	1.48e-01	9.96e-03	5.22e-04	5.72e-07	0.00e+00
 3.98999e+22	2.16e-04	1.02e-01	7.52e-01	1.37e-01	8.75e-03	4.29e-04	4.26e-07	0.00e+00
 4.02725e+22	2.46e-04	1.10e-01	7.53e-01	1.29e-01	7.88e-03	3.66e-04	3.35e-07	0.00e+00
 4.06480e+22	2.87e-04	1.20e-01	7.53e-01	1.19e-01	6.91e-03	3.00e-04	2.49e-07	0.00e+00
 4.10371e+22	3.29e-04	1.30e-01	7.52e-01	1.11e-01	6.15e-03	2.53e-04	1.92e-07	0.00e+00
 4.13907e+22	3.75e-04	1.40e-01	7.50e-01	1.03e-01	5.49e-03	2.12e-04	1.48e-07	0.00e+00
 4.17970e+22	4.45e-04	1.55e-01	7.46e-01	9.41e-02	4.72e-03	1.69e-04	0.00e+00	0.00e+00
 4.22054e+22	5.06e-04	1.66e-01	7.42e-01	8.73e-02	4.19e-03	1.42e-04	0.00e+00	0.00e+00
 4.26164e+22	5.98e-04	1.83e-01	7.34e-01	7.89e-02	3.60e-03	1.13e-04	0.00e+00	0.00e+00
 4.30370e+22	6.84e-04	1.97e-01	7.27e-01	7.25e-02	3.16e-03	9.28e-05	0.00e+00	0.00e+00
 4.34701e+22	8.13e-04	2.17e-01	7.15e-01	6.48e-02	2.68e-03	7.22e-05	0.00e+00	0.00e+00
 4.39102e+22	9.30e-04	2.33e-01	7.04e-01	5.91e-02	2.34e-03	5.90e-05	0.00e+00	0.00e+00
 4.43592e+22	1.11e-03	2.57e-01	6.88e-01	5.20e-02	1.96e-03	4.50e-05	0.00e+00	0.00e+00
 4.47373e+22	1.21e-03	2.68e-01	6.80e-01	4.89e-02	1.79e-03	3.95e-05	0.00e+00	0.00e+00
 4.50232e+22	1.35e-03	2.84e-01	6.68e-01	4.49e-02	1.60e-03	3.31e-05	0.00e+00	0.00e+00
 4.53948e+22	1.54e-03	3.06e-01	6.51e-01	4.03e-02	1.38e-03	2.64e-05	0.00e+00	0.00e+00
 4.58780e+22	1.86e-03	3.36e-01	6.26e-01	3.45e-02	1.12e-03	1.94e-05	0.00e+00	0.00e+00
 4.63729e+22	2.15e-03	3.61e-01	6.05e-01	3.03e-02	9.52e-04	1.51e-05	0.00e+00	0.00e+00
 4.68831e+22	2.60e-03	3.97e-01	5.74e-01	2.54e-02	7.61e-04	1.07e-05	0.00e+00	0.00e+00
 4.74098e+22	3.02e-03	4.26e-01	5.49e-01	2.19e-02	6.34e-04	8.08e-06	0.00e+00	0.00e+00
 4.79579e+22	3.68e-03	4.68e-01	5.10e-01	1.77e-02	4.92e-04	5.46e-06	0.00e+00	0.00e+00
 4.85255e+22	4.33e-03	5.02e-01	4.79e-01	1.47e-02	3.98e-04	3.94e-06	0.00e+00	0.00e+00
 4.91184e+22	5.34e-03	5.49e-01	4.34e-01	1.14e-02	2.97e-04	2.51e-06	0.00e+00	0.00e+00
 4.97343e+22	6.36e-03	5.88e-01	3.96e-01	9.09e-03	2.31e-04	1.70e-06	0.00e+00	0.00e+00
 5.02110e+22	7.19e-03	6.15e-01	3.70e-01	7.70e-03	1.93e-04	1.28e-06	0.00e+00	0.00e+00
 5.06618e+22	8.39e-03	6.52e-01	3.34e-01	6.11e-03	1.50e-04	8.72e-07	0.00e+00	0.00e+00
 5.11274e+22	9.62e-03	6.82e-01	3.03e-01	4.96e-03	1.20e-04	6.19e-07	0.00e+00	0.00e+00
 5.16123e+22	1.14e-02	7.20e-01	2.65e-01	3.73e-03	8.91e-05	3.90e-07	0.00e+00	0.00e+00
 5.21076e+22	1.32e-02	7.50e-01	2.34e-01	2.90e-03	6.87e-05	2.61e-07	0.00e+00	0.00e+00
 5.26166e+22	1.58e-02	7.86e-01	1.96e-01	2.05e-03	4.80e-05	1.51e-07	0.00e+00	0.00e+00
 5.31446e+22	1.86e-02	8.15e-01	1.65e-01	1.49e-03	3.44e-05	0.00e+00	0.00e+00	0.00e+00
 5.35648e+22	2.11e-02	8.35e-01	1.42e-01	1.14e-03	2.60e-05	0.00e+00	0.00e+00	0.00e+00
 5.39233e+22	2.39e-02	8.53e-01	1.22e-01	8.64e-04	1.96e-05	0.00e+00	0.00e+00	0.00e+00
 5.43342e+22	2.81e-02	8.73e-01	9.85e-02	5.99e-04	1.32e-05	0.00e+00	0.00e+00	0.00e+00
 5.47644e+22	3.28e-02	8.88e-01	7.87e-02	4.15e-04	8.88e-06	0.00e+00	0.00e+00	0.00e+00
 5.51477e+22	3.82e-02	8.99e-01	6.24e-02	2.88e-04	5.91e-06	0.00e+00	0.00e+00	0.00e+00
 5.55104e+22	4.45e-02	9.07e-01	4.86e-02	1.99e-04	3.83e-06	0.00e+00	0.00e+00	0.00e+00
 5.58528e+22	5.21e-02	9.10e-01	3.74e-02	1.37e-04	2.42e-06	0.00e+00	0.00e+00	0.00e+00
 5.61680e+22	6.10e-02	9.10e-01	2.84e-02	9.51e-05	1.52e-06	0.00e+00	0.00e+00	0.00e+00
 5.64548e+22	7.15e-02	9.07e-01	2.15e-02	6.72e-05	9.41e-07	0.00e+00	0.00e+00	0.00e+00
 5.67150e+22	8.37e-02	9.00e-01	1.63e-02	4.86e-05	5.85e-07	0.00e+00	0.00e+00	0.00e+00
 5.69520e+22	9.82e-02	8.89e-01	1.23e-02	3.58e-05	3.64e-07	0.00e+00	0.00e+00	0.00e+00
 5.71688e+22	1.15e-01	8.75e-01	9.26e-03	2.70e-05	2.29e-07	0.00e+00	0.00e+00	0.00e+00
 5.73044e+22	1.27e-01	8.65e-01	7.84e-03	2.31e-05	1.74e-07	0.00e+00	0.00e+00	0.00e+00
 5.73538e+22	1.32e-01	8.61e-01	7.35e-03	2.17e-05	1.57e-07	0.00e+00	0.00e+00	0.00e+00
 5.73931e+22	1.36e-01	8.57e-01	6.93e-03	2.06e-05	1.43e-07	0.00e+00	0.00e+00	0.00e+00
 5.74439e+22	1.43e-01	8.51e-01	6.42e-03	1.92e-05	1.26e-07	0.00e+00	0.00e+00	0.00e+00
 5.75038e+22	1.51e-01	8.44e-01	5.86e-03	1.77e-05	0.00e+00	0.00e+00	0.00e+00	0.00e+00
 5.75637e+22	1.58e-01	8.36e-01	5.37e-03	1.65e-05	0.00e+00	0.00e+00	0.00e+00	0.00e+00
 5.76220e+22	1.67e-01	8.28e-01	4.90e-03	1.52e-05	0.00e+00	0.00e+00	0.00e+00	0.00e+00
 5.76799e+22	1.76e-01	8.20e-01	4.49e-03	1.42e-05	0.00e+00	0.00e+00	0.00e+00	0.00e+00
 5.77395e+22	1.86e-01	8.10e-01	4.08e-03	1.31e-05	0.00e+00	0.00e+00	0.00e+00	0.00e+00
 5.78016e+22	1.97e-01	8.00e-01	3.68e-03	1.21e-05	0.00e+00	0.00e+00	0.00e+00	0.00e+00
 5.78612e+22	2.08e-01	7.89e-01	3.34e-03	1.12e-05	0.00e+00	0.00e+00	0.00e+00	0.00e+00
 5.79207e+22	2.20e-01	7.77e-01	3.03e-03	1.04e-05	0.00e+00	0.00e+00	0.00e+00	0.00e+00
 5.79833e+22	2.33e-01	7.64e-01	2.72e-03	9.63e-06	0.00e+00	0.00e+00	0.00e+00	0.00e+00
 5.80483e+22	2.47e-01	7.50e-01	2.44e-03	8.90e-06	0.00e+00	0.00e+00	0.00e+00	0.00e+00
 5.81155e+22	2.64e-01	7.34e-01	2.17e-03	8.18e-06	0.00e+00	0.00e+00	0.00e+00	0.00e+00
 5.81834e+22	2.80e-01	7.18e-01	1.93e-03	7.54e-06	0.00e+00	0.00e+00	0.00e+00	0.00e+00
 5.82536e+22	2.99e-01	7.00e-01	1.70e-03	6.92e-06	0.00e+00	0.00e+00	0.00e+00	0.00e+00
 5.83275e+22	3.19e-01	6.79e-01	1.49e-03	6.33e-06	0.00e+00	0.00e+00	0.00e+00	0.00e+00
 5.84018e+22	3.40e-01	6.58e-01	1.30e-03	5.80e-06	0.00e+00	0.00e+00	0.00e+00	0.00e+00
 5.84609e+22	3.56e-01	6.43e-01	1.18e-03	5.44e-06	0.00e+00	0.00e+00	0.00e+00	0.00e+00
 5.85001e+22	3.67e-01	6.32e-01	1.10e-03	5.21e-06	0.00e+00	0.00e+00	0.00e+00	0.00e+00
 5.85368e+22	3.78e-01	6.21e-01	1.03e-03	5.00e-06	0.00e+00	0.00e+00	0.00e+00	0.00e+00
 5.85793e+22	3.91e-01	6.08e-01	9.51e-04	4.76e-06	0.00e+00	0.00e+00	0.00e+00	0.00e+00
 5.86260e+22	4.05e-01	5.94e-01	8.73e-04	4.51e-06	0.00e+00	0.00e+00	0.00e+00	0.00e+00
 5.86725e+22	4.19e-01	5.80e-01	8.03e-04	4.29e-06	0.00e+00	0.00e+00	0.00e+00	0.00e+00
 5.87179e+22	4.33e-01	5.66e-01	7.39e-04	4.08e-06	0.00e+00	0.00e+00	0.00e+00	0.00e+00
 5.87637e+22	4.47e-01	5.53e-01	6.80e-04	3.89e-06	0.00e+00	0.00e+00	0.00e+00	0.00e+00
 5.88109e+22	4.61e-01	5.39e-01	6.24e-04	3.70e-06	0.00e+00	0.00e+00	0.00e+00	0.00e+00
 5.88592e+22	4.76e-01	5.24e-01	5.71e-04	3.51e-06	0.00e+00	0.00e+00	0.00e+00	0.00e+00
 5.89076e+22	4.89e-01	5.10e-01	5.24e-04	3.34e-06	0.00e+00	0.00e+00	0.00e+00	0.00e+00
 5.89571e+22	5.04e-01	4.96e-01	4.79e-04	3.17e-06	0.00e+00	0.00e+00	0.00e+00	0.00e+00
 5.90087e+22	5.19e-01	4.81e-01	4.36e-04	3.01e-06	0.00e+00	0.00e+00	0.00e+00	0.00e+00
 5.90602e+22	5.34e-01	4.66e-01	3.98e-04	2.86e-06	0.00e+00	0.00e+00	0.00e+00	0.00e+00
 5.91117e+22	5.48e-01	4.52e-01	3.63e-04	2.72e-06	0.00e+00	0.00e+00	0.00e+00	0.00e+00
 5.91652e+22	5.63e-01	4.37e-01	3.30e-04	2.58e-06	0.00e+00	0.00e+00	0.00e+00	0.00e+00
 5.92213e+22	5.78e-01	4.22e-01	2.99e-04	2.44e-06	0.00e+00	0.00e+00	0.00e+00	0.00e+00
 5.92775e+22	5.92e-01	4.07e-01	2.71e-04	2.32e-06	0.00e+00	0.00e+00	0.00e+00	0.00e+00
 5.93345e+22	6.07e-01	3.93e-01	2.46e-04	2.20e-06	0.00e+00	0.00e+00	0.00e+00	0.00e+00
 5.93939e+22	6.21e-01	3.78e-01	2.22e-04	2.08e-06	0.00e+00	0.00e+00	0.00e+00	0.00e+00
 5.94554e+22	6.36e-01	3.64e-01	2.00e-04	1.97e-06	0.00e+00	0.00e+00	0.00e+00	0.00e+00
 5.95180e+22	6.50e-01	3.49e-01	1.80e-04	1.86e-06	0.00e+00	0.00e+00	0.00e+00	0.00e+00
 5.95820e+22	6.65e-01	3.35e-01	1.62e-04	1.76e-06	0.00e+00	0.00e+00	0.00e+00	0.00e+00
 5.96485e+22	6.79e-01	3.21e-01	1.45e-04	1.66e-06	0.00e+00	0.00e+00	0.00e+00	0.00e+00
 5.97168e+22	6.93e-01	3.07e-01	1.30e-04	1.57e-06	0.00e+00	0.00e+00	0.00e+00	0.00e+00
 5.97870e+22	7.07e-01	2.93e-01	1.17e-04	1.48e-06	0.00e+00	0.00e+00	0.00e+00	0.00e+00
 5.98595e+22	7.20e-01	2.79e-01	1.04e-04	1.39e-06	0.00e+00	0.00e+00	0.00e+00	0.00e+00
 5.99331e+22	7.34e-01	2.66e-01	9.35e-05	1.31e-06	0.00e+00	0.00e+00	0.00e+00	0.00e+00
 6.00085e+22	7.46e-01	2.53e-01	8.37e-05	1.24e-06	0.00e+00	0.00e+00	0.00e+00	0.00e+00
 6.00870e+22	7.59e-01	2.41e-01	7.50e-05	1.17e-06	0.00e+00	0.00e+00	0.00e+00	0.00e+00
 6.01669e+22	7.71e-01	2.28e-01	6.71e-05	1.10e-06	0.00e+00	0.00e+00	0.00e+00	0.00e+00
 6.02476e+22	7.83e-01	2.17e-01	6.03e-05	1.03e-06	0.00e+00	0.00e+00	0.00e+00	0.00e+00
 6.03307e+22	7.95e-01	2.05e-01	5.42e-05	9.72e-07	0.00e+00	0.00e+00	0.00e+00	0.00e+00
 6.04142e+22	8.06e-01	1.94e-01	4.89e-05	9.16e-07	0.00e+00	0.00e+00	0.00e+00	0.00e+00
 6.04978e+22	8.16e-01	1.84e-01	4.43e-05	8.64e-07	0.00e+00	0.00e+00	0.00e+00	0.00e+00
 6.05836e+22	8.26e-01	1.74e-01	4.02e-05	8.15e-07	0.00e+00	0.00e+00	0.00e+00	0.00e+00
 6.06718e+22	8.36e-01	1.64e-01	3.66e-05	7.68e-07	0.00e+00	0.00e+00	0.00e+00	0.00e+00
 6.07607e+22	8.45e-01	1.55e-01	3.34e-05	7.25e-07	0.00e+00	0.00e+00	0.00e+00	0.00e+00
 6.08504e+22	8.54e-01	1.46e-01	3.06e-05	6.84e-07	0.00e+00	0.00e+00	0.00e+00	0.00e+00
 6.09430e+22	8.63e-01	1.37e-01	2.81e-05	6.45e-07	0.00e+00	0.00e+00	0.00e+00	0.00e+00
 6.10380e+22	8.71e-01	1.29e-01	2.59e-05	6.08e-07	0.00e+00	0.00e+00	0.00e+00	0.00e+00
 6.11342e+22	8.79e-01	1.21e-01	2.39e-05	5.74e-07	0.00e+00	0.00e+00	0.00e+00	0.00e+00
 6.12318e+22	8.86e-01	1.14e-01	2.22e-05	5.41e-07	0.00e+00	0.00e+00	0.00e+00	0.00e+00
 6.13325e+22	8.94e-01	1.06e-01	2.06e-05	5.10e-07	0.00e+00	0.00e+00	0.00e+00	0.00e+00
 6.14351e+22	9.01e-01	9.93e-02	1.92e-05	4.81e-07	0.00e+00	0.00e+00	0.00e+00	0.00e+00
 6.15348e+22	9.07e-01	9.30e-02	1.81e-05	4.55e-07	0.00e+00	0.00e+00	0.00e+00	0.00e+00
 6.16279e+22	9.13e-01	8.75e-02	1.71e-05	4.33e-07	0.00e+00	0.00e+00	0.00e+00	0.00e+00
 6.17139e+22	9.17e-01	8.26e-02	1.63e-05	4.14e-07	0.00e+00	0.00e+00	0.00e+00	0.00e+00
 6.17942e+22	9.22e-01	7.81e-02	1.56e-05	3.98e-07	0.00e+00	0.00e+00	0.00e+00	0.00e+00
 6.18687e+22	9.26e-01	7.44e-02	1.51e-05	3.84e-07	0.00e+00	0.00e+00	0.00e+00	0.00e+00
 6.19409e+22	9.29e-01	7.08e-02	1.46e-05	3.70e-07	0.00e+00	0.00e+00	0.00e+00	0.00e+00
 6.20134e+22	9.33e-01	6.74e-02	1.41e-05	3.57e-07	0.00e+00	0.00e+00	0.00e+00	0.00e+00
 6.20838e+22	9.36e-01	6.41e-02	1.36e-05	3.45e-07	0.00e+00	0.00e+00	0.00e+00	0.00e+00
 6.21498e+22	9.39e-01	6.13e-02	1.33e-05	3.35e-07	0.00e+00	0.00e+00	0.00e+00	0.00e+00
 6.22126e+22	9.41e-01	5.88e-02	1.29e-05	3.26e-07	0.00e+00	0.00e+00	0.00e+00	0.00e+00
 6.22755e+22	9.44e-01	5.62e-02	1.26e-05	3.17e-07	0.00e+00	0.00e+00	0.00e+00	0.00e+00
 6.23358e+22	9.46e-01	5.40e-02	1.23e-05	3.10e-07	0.00e+00	0.00e+00	0.00e+00	0.00e+00
 6.23925e+22	9.48e-01	5.20e-02	1.21e-05	3.03e-07	0.00e+00	0.00e+00	0.00e+00	0.00e+00
 6.24490e+22	9.50e-01	5.01e-02	1.19e-05	2.96e-07	0.00e+00	0.00e+00	0.00e+00	0.00e+00
 6.25031e+22	9.52e-01	4.83e-02	1.17e-05	2.91e-07	0.00e+00	0.00e+00	0.00e+00	0.00e+00
 6.25540e+22	9.53e-01	4.68e-02	1.15e-05	2.86e-07	0.00e+00	0.00e+00	0.00e+00	0.00e+00
 6.26038e+22	9.55e-01	4.53e-02	1.13e-05	2.82e-07	0.00e+00	0.00e+00	0.00e+00	0.00e+00
 6.26524e+22	9.56e-01	4.40e-02	1.11e-05	2.79e-07	0.00e+00	0.00e+00	0.00e+00	0.00e+00
 6.26981e+22	9.57e-01	4.28e-02	1.10e-05	2.76e-07	0.00e+00	0.00e+00	0.00e+00	0.00e+00
 6.27397e+22	9.58e-01	4.18e-02	1.09e-05	2.74e-07	0.00e+00	0.00e+00	0.00e+00	0.00e+00
 6.27776e+22	9.59e-01	4.10e-02	1.08e-05	2.73e-07	0.00e+00	0.00e+00	0.00e+00	0.00e+00
 6.28120e+22	9.60e-01	4.03e-02	1.07e-05	2.72e-07	0.00e+00	0.00e+00	0.00e+00	0.00e+00
 6.28434e+22	9.60e-01	3.96e-02	1.06e-05	2.71e-07	0.00e+00	0.00e+00	0.00e+00	0.00e+00
 6.28719e+22	9.61e-01	3.91e-02	1.05e-05	2.71e-07	0.00e+00	0.00e+00	0.00e+00	0.00e+00
 6.28979e+22	9.61e-01	3.86e-02	1.04e-05	2.71e-07	0.00e+00	0.00e+00	0.00e+00	0.00e+00
 6.29263e+22	9.62e-01	3.81e-02	1.04e-05	2.71e-07	0.00e+00	0.00e+00	0.00e+00	0.00e+00
 6.29570e+22	9.62e-01	3.76e-02	1.03e-05	2.71e-07	0.00e+00	0.00e+00	0.00e+00	0.00e+00
 6.29850e+22	9.63e-01	3.71e-02	1.02e-05	2.71e-07	0.00e+00	0.00e+00	0.00e+00	0.00e+00
 6.30104e+22	9.63e-01	3.67e-02	1.02e-05	2.72e-07	0.00e+00	0.00e+00	0.00e+00	0.00e+00
 6.30336e+22	9.64e-01	3.65e-02	1.01e-05	2.72e-07	0.00e+00	0.00e+00	0.00e+00	0.00e+00
 6.30589e+22	9.64e-01	3.61e-02	1.01e-05	2.72e-07	0.00e+00	0.00e+00	0.00e+00	0.00e+00
 6.30919e+22	9.64e-01	3.56e-02	1.00e-05	2.73e-07	0.00e+00	0.00e+00	0.00e+00	0.00e+00
 6.31275e+22	9.65e-01	3.51e-02	9.93e-06	2.74e-07	0.00e+00	0.00e+00	0.00e+00	0.00e+00
 6.31599e+22	9.65e-01	3.48e-02	9.87e-06	2.74e-07	0.00e+00	0.00e+00	0.00e+00	0.00e+00
 6.31893e+22	9.66e-01	3.45e-02	9.81e-06	2.75e-07	0.00e+00	0.00e+00	0.00e+00	0.00e+00
 6.32216e+22	9.66e-01	3.41e-02	9.74e-06	2.75e-07	0.00e+00	0.00e+00	0.00e+00	0.00e+00
 6.32565e+22	9.66e-01	3.37e-02	9.68e-06	2.76e-07	0.00e+00	0.00e+00	0.00e+00	0.00e+00
 6.32882e+22	9.67e-01	3.35e-02	9.62e-06	2.76e-07	0.00e+00	0.00e+00	0.00e+00	0.00e+00
 6.33171e+22	9.67e-01	3.32e-02	9.58e-06	2.78e-07	0.00e+00	0.00e+00	0.00e+00	0.00e+00
 6.33434e+22	9.67e-01	3.30e-02	9.53e-06	2.78e-07	0.00e+00	0.00e+00	0.00e+00	0.00e+00
 6.33722e+22	9.67e-01	3.27e-02	9.47e-06	2.78e-07	0.00e+00	0.00e+00	0.00e+00	0.00e+00
 6.34096e+22	9.68e-01	3.24e-02	9.40e-06	2.79e-07	0.00e+00	0.00e+00	0.00e+00	0.00e+00
 6.34500e+22	9.68e-01	3.21e-02	9.33e-06	2.80e-07	0.00e+00	0.00e+00	0.00e+00	0.00e+00
 6.34868e+22	9.68e-01	3.18e-02	9.28e-06	2.81e-07	0.00e+00	0.00e+00	0.00e+00	0.00e+00
 6.35203e+22	9.68e-01	3.16e-02	9.22e-06	2.82e-07	0.00e+00	0.00e+00	0.00e+00	0.00e+00
 6.35507e+22	9.69e-01	3.14e-02	9.18e-06	2.83e-07	0.00e+00	0.00e+00	0.00e+00	0.00e+00
 6.35784e+22	9.69e-01	3.12e-02	9.14e-06	2.86e-07	0.00e+00	0.00e+00	0.00e+00	0.00e+00
 6.36037e+22	9.69e-01	3.11e-02	9.12e-06	2.87e-07	0.00e+00	0.00e+00	0.00e+00	0.00e+00
 6.36313e+22	9.69e-01	3.09e-02	9.09e-06	2.88e-07	0.00e+00	0.00e+00	0.00e+00	0.00e+00
 6.36672e+22	9.69e-01	3.07e-02	9.06e-06	2.90e-07	0.00e+00	0.00e+00	0.00e+00	0.00e+00
 6.37060e+22	9.70e-01	3.04e-02	9.03e-06	2.92e-07	0.00e+00	0.00e+00	0.00e+00	0.00e+00
 6.37413e+22	9.70e-01	3.02e-02	9.01e-06	2.93e-07	0.00e+00	0.00e+00	0.00e+00	0.00e+00
 6.37734e+22	9.70e-01	3.00e-02	8.99e-06	2.95e-07	0.00e+00	0.00e+00	0.00e+00	0.00e+00
 6.38026e+22	9.70e-01	2.99e-02	8.97e-06	2.96e-07	0.00e+00	0.00e+00	0.00e+00	0.00e+00
 6.38292e+22	9.70e-01	2.98e-02	8.95e-06	2.98e-07	0.00e+00	0.00e+00	0.00e+00	0.00e+00
 6.38584e+22	9.70e-01	2.96e-02	8.93e-06	3.00e-07	0.00e+00	0.00e+00	0.00e+00	0.00e+00
 6.38898e+22	9.71e-01	2.94e-02	8.91e-06	3.02e-07	0.00e+00	0.00e+00	0.00e+00	0.00e+00
 6.39185e+22	9.71e-01	2.93e-02	8.90e-06	3.04e-07	0.00e+00	0.00e+00	0.00e+00	0.00e+00
 6.39445e+22	9.71e-01	2.92e-02	8.89e-06	3.06e-07	0.00e+00	0.00e+00	0.00e+00	0.00e+00
 6.39682e+22	9.71e-01	2.91e-02	8.87e-06	3.07e-07	0.00e+00	0.00e+00	0.00e+00	0.00e+00
 6.39942e+22	9.71e-01	2.89e-02	8.85e-06	3.08e-07	0.00e+00	0.00e+00	0.00e+00	0.00e+00
 6.40280e+22	9.71e-01	2.87e-02	8.82e-06	3.10e-07	0.00e+00	0.00e+00	0.00e+00	0.00e+00
 6.40644e+22	9.71e-01	2.85e-02	8.80e-06	3.12e-07	0.00e+00	0.00e+00	0.00e+00	0.00e+00
 6.40976e+22	9.72e-01	2.83e-02	8.78e-06	3.13e-07	0.00e+00	0.00e+00	0.00e+00	0.00e+00
 6.41278e+22	9.72e-01	2.82e-02	8.77e-06	3.15e-07	0.00e+00	0.00e+00	0.00e+00	0.00e+00
 6.41553e+22	9.72e-01	2.81e-02	8.74e-06	3.15e-07	0.00e+00	0.00e+00	0.00e+00	0.00e+00
 6.41854e+22	9.72e-01	2.79e-02	8.71e-06	3.15e-07	0.00e+00	0.00e+00	0.00e+00	0.00e+00
 6.42246e+22	9.72e-01	2.77e-02	8.68e-06	3.16e-07	0.00e+00	0.00e+00	0.00e+00	0.00e+00
 6.42668e+22	9.73e-01	2.74e-02	8.64e-06	3.16e-07	0.00e+00	0.00e+00	0.00e+00	0.00e+00
 6.43053e+22	9.73e-01	2.72e-02	8.61e-06	3.17e-07	0.00e+00	0.00e+00	0.00e+00	0.00e+00
 6.43403e+22	9.73e-01	2.70e-02	8.59e-06	3.18e-07	0.00e+00	0.00e+00	0.00e+00	0.00e+00
 6.43721e+22	9.73e-01	2.69e-02	8.57e-06	3.19e-07	0.00e+00	0.00e+00	0.00e+00	0.00e+00
 6.44070e+22	9.73e-01	2.67e-02	8.53e-06	3.18e-07	0.00e+00	0.00e+00	0.00e+00	0.00e+00
 6.44524e+22	9.74e-01	2.64e-02	8.49e-06	3.19e-07	0.00e+00	0.00e+00	0.00e+00	0.00e+00
 6.45013e+22	9.74e-01	2.61e-02	8.45e-06	3.18e-07	0.00e+00	0.00e+00	0.00e+00	0.00e+00
 6.45459e+22	9.74e-01	2.59e-02	8.42e-06	3.19e-07	0.00e+00	0.00e+00	0.00e+00	0.00e+00
 6.45864e+22	9.74e-01	2.57e-02	8.39e-06	3.19e-07	0.00e+00	0.00e+00	0.00e+00	0.00e+00
 6.46233e+22	9.74e-01	2.55e-02	8.37e-06	3.19e-07	0.00e+00	0.00e+00	0.00e+00	0.00e+00
 6.46569e+22	9.75e-01	2.54e-02	8.35e-06	3.21e-07	0.00e+00	0.00e+00	0.00e+00	0.00e+00
 6.46875e+22	9.75e-01	2.52e-02	8.32e-06	3.20e-07	0.00e+00	0.00e+00	0.00e+00	0.00e+00
 6.47210e+22	9.75e-01	2.51e-02	8.30e-06	3.21e-07	0.00e+00	0.00e+00	0.00e+00	0.00e+00
 6.47571e+22	9.75e-01	2.49e-02	8.27e-06	3.20e-07	0.00e+00	0.00e+00	0.00e+00	0.00e+00
 6.47967e+22	9.75e-01	2.47e-02	8.23e-06	3.20e-07	0.00e+00	0.00e+00	0.00e+00	0.00e+00
 6.48395e+22	9.76e-01	2.44e-02	8.20e-06	3.19e-07	0.00e+00	0.00e+00	0.00e+00	0.00e+00
 6.48784e+22	9.76e-01	2.43e-02	8.18e-06	3.20e-07	0.00e+00	0.00e+00	0.00e+00	0.00e+00
 6.49139e+22	9.76e-01	2.41e-02	8.15e-06	3.19e-07	0.00e+00	0.00e+00	0.00e+00	0.00e+00
 6.49527e+22	9.76e-01	2.39e-02	8.11e-06	3.19e-07	0.00e+00	0.00e+00	0.00e+00	0.00e+00
 6.49946e+22	9.76e-01	2.37e-02	8.08e-06	3.18e-07	0.00e+00	0.00e+00	0.00e+00	0.00e+00
 6.50327e+22	9.77e-01	2.35e-02	8.05e-06	3.17e-07	0.00e+00	0.00e+00	0.00e+00	0.00e+00
 6.50745e+22	9.77e-01	2.33e-02	8.02e-06	3.17e-07	0.00e+00	0.00e+00	0.00e+00	0.00e+00
 6.51196e+22	9.77e-01	2.30e-02	7.98e-06	3.16e-07	0.00e+00	0.00e+00	0.00e+00	0.00e+00
 6.51606e+22	9.77e-01	2.29e-02	7.96e-06	3.16e-07	0.00e+00	0.00e+00	0.00e+00	0.00e+00
 6.51980e+22	9.77e-01	2.27e-02	7.93e-06	3.15e-07	0.00e+00	0.00e+00	0.00e+00	0.00e+00
 6.52389e+22	9.78e-01	2.25e-02	7.89e-06	3.14e-07	0.00e+00	0.00e+00	0.00e+00	0.00e+00
 6.52831e+22	9.78e-01	2.23e-02	7.86e-06	3.13e-07	0.00e+00	0.00e+00	0.00e+00	0.00e+00
 6.53233e+22	9.78e-01	2.21e-02	7.83e-06	3.12e-07	0.00e+00	0.00e+00	0.00e+00	0.00e+00
 6.53674e+22	9.78e-01	2.19e-02	7.79e-06	3.11e-07	0.00e+00	0.00e+00	0.00e+00	0.00e+00
 6.54149e+22	9.78e-01	2.16e-02	7.76e-06	3.10e-07	0.00e+00	0.00e+00	0.00e+00	0.00e+00
 6.54582e+22	9.79e-01	2.14e-02	7.72e-06	3.08e-07	0.00e+00	0.00e+00	0.00e+00	0.00e+00
 6.55056e+22	9.79e-01	2.12e-02	7.68e-06	3.07e-07	0.00e+00	0.00e+00	0.00e+00	0.00e+00
 6.55568e+22	9.79e-01	2.10e-02	7.64e-06	3.05e-07	0.00e+00	0.00e+00	0.00e+00	0.00e+00
 6.56034e+22	9.79e-01	2.08e-02	7.61e-06	3.04e-07	0.00e+00	0.00e+00	0.00e+00	0.00e+00
 6.56545e+22	9.79e-01	2.05e-02	7.56e-06	3.02e-07	0.00e+00	0.00e+00	0.00e+00	0.00e+00
 6.57096e+22	9.80e-01	2.02e-02	7.52e-06	2.99e-07	0.00e+00	0.00e+00	0.00e+00	0.00e+00
 6.57598e+22	9.80e-01	2.00e-02	7.49e-06	2.98e-07	0.00e+00	0.00e+00	0.00e+00	0.00e+00
 6.58055e+22	9.80e-01	1.99e-02	7.45e-06	2.97e-07	0.00e+00	0.00e+00	0.00e+00	0.00e+00
 6.58555e+22	9.80e-01	1.96e-02	7.41e-06	2.95e-07	0.00e+00	0.00e+00	0.00e+00	0.00e+00
 6.59095e+22	9.81e-01	1.94e-02	7.37e-06	2.93e-07	0.00e+00	0.00e+00	0.00e+00	0.00e+00
 6.59586e+22	9.81e-01	1.92e-02	7.33e-06	2.91e-07	0.00e+00	0.00e+00	0.00e+00	0.00e+00
 6.60125e+22	9.81e-01	1.89e-02	7.29e-06	2.88e-07	0.00e+00	0.00e+00	0.00e+00	0.00e+00
 6.60706e+22	9.81e-01	1.87e-02	7.25e-06	2.86e-07	0.00e+00	0.00e+00	0.00e+00	0.00e+00
 6.61235e+22	9.82e-01	1.85e-02	7.21e-06	2.84e-07	0.00e+00	0.00e+00	0.00e+00	0.00e+00
 6.61815e+22	9.82e-01	1.82e-02	7.15e-06	2.81e-07	0.00e+00	0.00e+00	0.00e+00	0.00e+00
 6.62441e+22	9.82e-01	1.80e-02	7.11e-06	2.78e-07	0.00e+00	0.00e+00	0.00e+00	0.00e+00
 6.63010e+22	9.82e-01	1.78e-02	7.07e-06	2.75e-07	0.00e+00	0.00e+00	0.00e+00	0.00e+00
 6.63529e+22	9.82e-01	1.76e-02	7.03e-06	2.74e-07	0.00e+00	0.00e+00	0.00e+00	0.00e+00
 6.64097e+22	9.83e-01	1.73e-02	6.98e-06	2.71e-07	0.00e+00	0.00e+00	0.00e+00	0.00e+00
 6.64710e+22	9.83e-01	1.71e-02	6.94e-06	2.68e-07	0.00e+00	0.00e+00	0.00e+00	0.00e+00
 6.65268e+22	9.83e-01	1.69e-02	6.90e-06	2.66e-07	0.00e+00	0.00e+00	0.00e+00	0.00e+00
 6.65879e+22	9.83e-01	1.66e-02	6.85e-06	2.62e-07	0.00e+00	0.00e+00	0.00e+00	0.00e+00
 6.66539e+22	9.84e-01	1.64e-02	6.80e-06	2.60e-07	0.00e+00	0.00e+00	0.00e+00	0.00e+00
 6.67140e+22	9.84e-01	1.62e-02	6.76e-06	2.57e-07	0.00e+00	0.00e+00	0.00e+00	0.00e+00
 6.67798e+22	9.84e-01	1.59e-02	6.70e-06	2.53e-07	0.00e+00	0.00e+00	0.00e+00	0.00e+00
 6.68508e+22	9.84e-01	1.57e-02	6.65e-06	2.50e-07	0.00e+00	0.00e+00	0.00e+00	0.00e+00
 6.69155e+22	9.85e-01	1.55e-02	6.61e-06	2.47e-07	0.00e+00	0.00e+00	0.00e+00	0.00e+00
 6.69864e+22	9.85e-01	1.52e-02	6.55e-06	2.43e-07	0.00e+00	0.00e+00	0.00e+00	0.00e+00
 6.70629e+22	9.85e-01	1.49e-02	6.49e-06	2.39e-07	0.00e+00	0.00e+00	0.00e+00	0.00e+00
 6.71325e+22	9.85e-01	1.47e-02	6.45e-06	2.36e-07	0.00e+00	0.00e+00	0.00e+00	0.00e+00
 6.71958e+22	9.85e-01	1.45e-02	6.40e-06	2.34e-07	0.00e+00	0.00e+00	0.00e+00	0.00e+00
 6.72652e+22	9.86e-01	1.43e-02	6.35e-06	2.30e-07	0.00e+00	0.00e+00	0.00e+00	0.00e+00
 6.73402e+22	9.86e-01	1.40e-02	6.30e-06	2.26e-07	0.00e+00	0.00e+00	0.00e+00	0.00e+00
 6.74084e+22	9.86e-01	1.38e-02	6.25e-06	2.23e-07	0.00e+00	0.00e+00	0.00e+00	0.00e+00
 6.74831e+22	9.86e-01	1.36e-02	6.19e-06	2.19e-07	0.00e+00	0.00e+00	0.00e+00	0.00e+00
 6.75638e+22	9.87e-01	1.33e-02	6.14e-06	2.16e-07	0.00e+00	0.00e+00	0.00e+00	0.00e+00
 6.76372e+22	9.87e-01	1.31e-02	6.08e-06	2.12e-07	0.00e+00	0.00e+00	0.00e+00	0.00e+00
 6.77176e+22	9.87e-01	1.29e-02	6.02e-06	2.08e-07	0.00e+00	0.00e+00	0.00e+00	0.00e+00
 6.78045e+22	9.87e-01	1.26e-02	5.96e-06	2.04e-07	0.00e+00	0.00e+00	0.00e+00	0.00e+00
 6.78835e+22	9.88e-01	1.24e-02	5.91e-06	2.00e-07	0.00e+00	0.00e+00	0.00e+00	0.00e+00
 6.79701e+22	9.88e-01	1.21e-02	5.84e-06	1.96e-07	0.00e+00	0.00e+00	0.00e+00	0.00e+00
 6.80636e+22	9.88e-01	1.19e-02	5.78e-06	1.92e-07	0.00e+00	0.00e+00	0.00e+00	0.00e+00
 6.81487e+22	9.88e-01	1.17e-02	5.73e-06	1.88e-07	0.00e+00	0.00e+00	0.00e+00	0.00e+00
 6.82261e+22	9.88e-01	1.15e-02	5.68e-06	1.85e-07	0.00e+00	0.00e+00	0.00e+00	0.00e+00
 6.83109e+22	9.89e-01	1.13e-02	5.61e-06	1.81e-07	0.00e+00	0.00e+00	0.00e+00	0.00e+00
 6.84212e+22	9.89e-01	1.09e-02	5.53e-06	1.75e-07	0.00e+00	0.00e+00	0.00e+00	0.00e+00
 6.85455e+22	9.89e-01	1.06e-02	5.45e-06	1.70e-07	0.00e+00	0.00e+00	0.00e+00	0.00e+00
 6.86686e+22	9.90e-01	1.04e-02	5.37e-06	1.65e-07	0.00e+00	0.00e+00	0.00e+00	0.00e+00
 6.87931e+22	9.90e-01	1.01e-02	5.30e-06	1.60e-07	0.00e+00	0.00e+00	0.00e+00	0.00e+00
 6.89208e+22	9.90e-01	9.81e-03	5.22e-06	1.55e-07	0.00e+00	0.00e+00	0.00e+00	0.00e+00
 6.90504e+22	9.90e-01	9.54e-03	5.14e-06	1.50e-07	0.00e+00	0.00e+00	0.00e+00	0.00e+00
 6.91813e+22	9.91e-01	9.27e-03	5.06e-06	1.46e-07	0.00e+00	0.00e+00	0.00e+00	0.00e+00
 6.93138e+22	9.91e-01	9.02e-03	4.98e-06	1.41e-07	0.00e+00	0.00e+00	0.00e+00	0.00e+00
 6.94480e+22	9.91e-01	8.76e-03	4.90e-06	1.36e-07	0.00e+00	0.00e+00	0.00e+00	0.00e+00
 6.95837e+22	9.91e-01	8.52e-03	4.82e-06	1.32e-07	0.00e+00	0.00e+00	0.00e+00	0.00e+00
 6.97211e+22	9.92e-01	8.27e-03	4.74e-06	1.28e-07	0.00e+00	0.00e+00	0.00e+00	0.00e+00
 6.98599e+22	9.92e-01	8.04e-03	4.66e-06	0.00e+00	0.00e+00	0.00e+00	0.00e+00	0.00e+00
 7.00003e+22	9.92e-01	7.81e-03	4.58e-06	0.00e+00	0.00e+00	0.00e+00	0.00e+00	0.00e+00
 7.01421e+22	9.92e-01	7.58e-03	4.51e-06	0.00e+00	0.00e+00	0.00e+00	0.00e+00	0.00e+00
 7.02852e+22	9.93e-01	7.36e-03	4.43e-06	0.00e+00	0.00e+00	0.00e+00	0.00e+00	0.00e+00
 7.04295e+22	9.93e-01	7.15e-03	4.35e-06	0.00e+00	0.00e+00	0.00e+00	0.00e+00	0.00e+00
 7.05750e+22	9.93e-01	6.94e-03	4.28e-06	0.00e+00	0.00e+00	0.00e+00	0.00e+00	0.00e+00
 7.07220e+22	9.93e-01	6.74e-03	4.20e-06	0.00e+00	0.00e+00	0.00e+00	0.00e+00	0.00e+00
 7.08705e+22	9.93e-01	6.54e-03	4.13e-06	0.00e+00	0.00e+00	0.00e+00	0.00e+00	0.00e+00
 7.10203e+22	9.94e-01	6.35e-03	4.05e-06	0.00e+00	0.00e+00	0.00e+00	0.00e+00	0.00e+00
 7.11713e+22	9.94e-01	6.16e-03	3.98e-06	0.00e+00	0.00e+00	0.00e+00	0.00e+00	0.00e+00
 7.13237e+22	9.94e-01	5.98e-03	3.90e-06	0.00e+00	0.00e+00	0.00e+00	0.00e+00	0.00e+00
 7.14773e+22	9.94e-01	5.80e-03	3.83e-06	0.00e+00	0.00e+00	0.00e+00	0.00e+00	0.00e+00
 7.16333e+22	9.94e-01	5.62e-03	3.76e-06	0.00e+00	0.00e+00	0.00e+00	0.00e+00	0.00e+00
 7.17932e+22	9.95e-01	5.45e-03	3.68e-06	0.00e+00	0.00e+00	0.00e+00	0.00e+00	0.00e+00
 7.19559e+22	9.95e-01	5.28e-03	3.61e-06	0.00e+00	0.00e+00	0.00e+00	0.00e+00	0.00e+00
 7.21203e+22	9.95e-01	5.12e-03	3.53e-06	0.00e+00	0.00e+00	0.00e+00	0.00e+00	0.00e+00
 7.22865e+22	9.95e-01	4.96e-03	3.46e-06	0.00e+00	0.00e+00	0.00e+00	0.00e+00	0.00e+00
 7.24546e+22	9.95e-01	4.80e-03	3.39e-06	0.00e+00	0.00e+00	0.00e+00	0.00e+00	0.00e+00
 7.26245e+22	9.95e-01	4.65e-03	3.32e-06	0.00e+00	0.00e+00	0.00e+00	0.00e+00	0.00e+00
 7.27965e+22	9.95e-01	4.50e-03	3.25e-06	0.00e+00	0.00e+00	0.00e+00	0.00e+00	0.00e+00
 7.29712e+22	9.96e-01	4.36e-03	3.17e-06	0.00e+00	0.00e+00	0.00e+00	0.00e+00	0.00e+00
 7.31487e+22	9.96e-01	4.22e-03	3.10e-06	0.00e+00	0.00e+00	0.00e+00	0.00e+00	0.00e+00
 7.33301e+22	9.96e-01	4.08e-03	3.03e-06	0.00e+00	0.00e+00	0.00e+00	0.00e+00	0.00e+00
 7.35164e+22	9.96e-01	3.94e-03	2.96e-06	0.00e+00	0.00e+00	0.00e+00	0.00e+00	0.00e+00
 7.37064e+22	9.96e-01	3.81e-03	2.88e-06	0.00e+00	0.00e+00	0.00e+00	0.00e+00	0.00e+00
 7.38996e+22	9.96e-01	3.68e-03	2.81e-06	0.00e+00	0.00e+00	0.00e+00	0.00e+00	0.00e+00
 7.40960e+22	9.96e-01	3.55e-03	2.74e-06	0.00e+00	0.00e+00	0.00e+00	0.00e+00	0.00e+00
 7.42959e+22	9.97e-01	3.42e-03	2.67e-06	0.00e+00	0.00e+00	0.00e+00	0.00e+00	0.00e+00
 7.44996e+22	9.97e-01	3.30e-03	2.59e-06	0.00e+00	0.00e+00	0.00e+00	0.00e+00	0.00e+00
 7.47072e+22	9.97e-01	3.18e-03	2.52e-06	0.00e+00	0.00e+00	0.00e+00	0.00e+00	0.00e+00
 7.49197e+22	9.97e-01	3.06e-03	2.45e-06	0.00e+00	0.00e+00	0.00e+00	0.00e+00	0.00e+00
 7.51376e+22	9.97e-01	2.95e-03	2.38e-06	0.00e+00	0.00e+00	0.00e+00	0.00e+00	0.00e+00
 7.53602e+22	9.97e-01	2.84e-03	2.31e-06	0.00e+00	0.00e+00	0.00e+00	0.00e+00	0.00e+00
 7.55876e+22	9.97e-01	2.73e-03	2.23e-06	0.00e+00	0.00e+00	0.00e+00	0.00e+00	0.00e+00
 7.58203e+22	9.97e-01	2.62e-03	2.16e-06	0.00e+00	0.00e+00	0.00e+00	0.00e+00	0.00e+00
 7.60586e+22	9.97e-01	2.51e-03	2.09e-06	0.00e+00	0.00e+00	0.00e+00	0.00e+00	0.00e+00
 7.63015e+22	9.98e-01	2.41e-03	2.02e-06	0.00e+00	0.00e+00	0.00e+00	0.00e+00	0.00e+00
 7.65469e+22	9.98e-01	2.32e-03	1.95e-06	0.00e+00	0.00e+00	0.00e+00	0.00e+00	0.00e+00
 7.67945e+22	9.98e-01	2.22e-03	1.88e-06	0.00e+00	0.00e+00	0.00e+00	0.00e+00	0.00e+00
 7.70451e+22	9.98e-01	2.13e-03	1.82e-06	0.00e+00	0.00e+00	0.00e+00	0.00e+00	0.00e+00
 7.72982e+22	9.98e-01	2.04e-03	1.75e-06	0.00e+00	0.00e+00	0.00e+00	0.00e+00	0.00e+00
 7.75536e+22	9.98e-01	1.96e-03	1.68e-06	0.00e+00	0.00e+00	0.00e+00	0.00e+00	0.00e+00
 7.78116e+22	9.98e-01	1.88e-03	1.62e-06	0.00e+00	0.00e+00	0.00e+00	0.00e+00	0.00e+00
 7.80721e+22	9.98e-01	1.80e-03	1.56e-06	0.00e+00	0.00e+00	0.00e+00	0.00e+00	0.00e+00
 7.83353e+22	9.98e-01	1.72e-03	1.50e-06	0.00e+00	0.00e+00	0.00e+00	0.00e+00	0.00e+00
 7.86015e+22	9.98e-01	1.65e-03	1.44e-06	0.00e+00	0.00e+00	0.00e+00	0.00e+00	0.00e+00
 7.88706e+22	9.98e-01	1.57e-03	1.38e-06	0.00e+00	0.00e+00	0.00e+00	0.00e+00	0.00e+00
 7.91417e+22	9.98e-01	1.51e-03	1.32e-06	0.00e+00	0.00e+00	0.00e+00	0.00e+00	0.00e+00
 7.94155e+22	9.99e-01	1.44e-03	1.27e-06	0.00e+00	0.00e+00	0.00e+00	0.00e+00	0.00e+00
 7.96923e+22	9.99e-01	1.37e-03	1.22e-06	0.00e+00	0.00e+00	0.00e+00	0.00e+00	0.00e+00
 7.99720e+22	9.99e-01	1.31e-03	1.16e-06	0.00e+00	0.00e+00	0.00e+00	0.00e+00	0.00e+00
 8.02557e+22	9.99e-01	1.25e-03	1.11e-06	0.00e+00	0.00e+00	0.00e+00	0.00e+00	0.00e+00
 8.05426e+22	9.99e-01	1.19e-03	1.06e-06	0.00e+00	0.00e+00	0.00e+00	0.00e+00	0.00e+00
 8.08328e+22	9.99e-01	1.13e-03	1.01e-06	0.00e+00	0.00e+00	0.00e+00	0.00e+00	0.00e+00
 8.11263e+22	9.99e-01	1.08e-03	9.63e-07	0.00e+00	0.00e+00	0.00e+00	0.00e+00	0.00e+00
 8.14208e+22	9.99e-01	1.03e-03	9.17e-07	0.00e+00	0.00e+00	0.00e+00	0.00e+00	0.00e+00
 8.17068e+22	9.99e-01	9.81e-04	8.75e-07	0.00e+00	0.00e+00	0.00e+00	0.00e+00	0.00e+00
 8.19744e+22	9.99e-01	9.40e-04	8.37e-07	0.00e+00	0.00e+00	0.00e+00	0.00e+00	0.00e+00
 8.22226e+22	9.99e-01	9.04e-04	8.03e-07	0.00e+00	0.00e+00	0.00e+00	0.00e+00	0.00e+00
 8.24563e+22	9.99e-01	8.70e-04	7.72e-07	0.00e+00	0.00e+00	0.00e+00	0.00e+00	0.00e+00
 8.26795e+22	9.99e-01	8.39e-04	7.43e-07	0.00e+00	0.00e+00	0.00e+00	0.00e+00	0.00e+00
 8.28931e+22	9.99e-01	8.10e-04	7.16e-07	0.00e+00	0.00e+00	0.00e+00	0.00e+00	0.00e+00
 8.30964e+22	9.99e-01	7.83e-04	6.91e-07	0.00e+00	0.00e+00	0.00e+00	0.00e+00	0.00e+00
 8.32886e+22	9.99e-01	7.59e-04	6.69e-07	0.00e+00	0.00e+00	0.00e+00	0.00e+00	0.00e+00
 8.34705e+22	9.99e-01	7.36e-04	6.48e-07	0.00e+00	0.00e+00	0.00e+00	0.00e+00	0.00e+00
 8.36436e+22	9.99e-01	7.15e-04	6.28e-07	0.00e+00	0.00e+00	0.00e+00	0.00e+00	0.00e+00
 8.38088e+22	9.99e-01	6.96e-04	6.10e-07	0.00e+00	0.00e+00	0.00e+00	0.00e+00	0.00e+00
 8.39648e+22	9.99e-01	6.79e-04	5.93e-07	0.00e+00	0.00e+00	0.00e+00	0.00e+00	0.00e+00
 8.41121e+22	9.99e-01	6.62e-04	5.77e-07	0.00e+00	0.00e+00	0.00e+00	0.00e+00	0.00e+00
 8.42537e+22	9.99e-01	6.46e-04	5.63e-07	0.00e+00	0.00e+00	0.00e+00	0.00e+00	0.00e+00
 8.43906e+22	9.99e-01	6.31e-04	5.49e-07	0.00e+00	0.00e+00	0.00e+00	0.00e+00	0.00e+00
 8.45222e+22	9.99e-01	6.17e-04	5.36e-07	0.00e+00	0.00e+00	0.00e+00	0.00e+00	0.00e+00
 8.46477e+22	9.99e-01	6.04e-04	5.23e-07	0.00e+00	0.00e+00	0.00e+00	0.00e+00	0.00e+00
 8.47673e+22	9.99e-01	5.92e-04	5.12e-07	0.00e+00	0.00e+00	0.00e+00	0.00e+00	0.00e+00
 8.48819e+22	9.99e-01	5.80e-04	5.01e-07	0.00e+00	0.00e+00	0.00e+00	0.00e+00	0.00e+00
 8.49925e+22	9.99e-01	5.69e-04	4.90e-07	0.00e+00	0.00e+00	0.00e+00	0.00e+00	0.00e+00
 8.50996e+22	9.99e-01	5.58e-04	4.81e-07	0.00e+00	0.00e+00	0.00e+00	0.00e+00	0.00e+00
 8.52037e+22	9.99e-01	5.47e-04	4.71e-07	0.00e+00	0.00e+00	0.00e+00	0.00e+00	0.00e+00
 8.53046e+22	9.99e-01	5.38e-04	4.62e-07	0.00e+00	0.00e+00	0.00e+00	0.00e+00	0.00e+00
 8.54020e+22	9.99e-01	5.29e-04	4.54e-07	0.00e+00	0.00e+00	0.00e+00	0.00e+00	0.00e+00
 8.54964e+22	9.99e-01	5.20e-04	4.45e-07	0.00e+00	0.00e+00	0.00e+00	0.00e+00	0.00e+00
 8.55884e+22	9.99e-01	5.11e-04	4.37e-07	0.00e+00	0.00e+00	0.00e+00	0.00e+00	0.00e+00
 8.56789e+22	9.99e-01	5.02e-04	4.30e-07	0.00e+00	0.00e+00	0.00e+00	0.00e+00	0.00e+00
 8.57683e+22	1.00e+00	4.94e-04	4.22e-07	0.00e+00	0.00e+00	0.00e+00	0.00e+00	0.00e+00
 8.58565e+22	1.00e+00	4.86e-04	4.15e-07	0.00e+00	0.00e+00	0.00e+00	0.00e+00	0.00e+00
 8.59437e+22	1.00e+00	4.78e-04	4.08e-07	0.00e+00	0.00e+00	0.00e+00	0.00e+00	0.00e+00
 8.60302e+22	1.00e+00	4.70e-04	4.01e-07	0.00e+00	0.00e+00	0.00e+00	0.00e+00	0.00e+00
 8.61166e+22	1.00e+00	4.62e-04	3.94e-07	0.00e+00	0.00e+00	0.00e+00	0.00e+00	0.00e+00
 8.62035e+22	1.00e+00	4.54e-04	3.87e-07	0.00e+00	0.00e+00	0.00e+00	0.00e+00	0.00e+00
 8.62910e+22	1.00e+00	4.46e-04	3.80e-07	0.00e+00	0.00e+00	0.00e+00	0.00e+00	0.00e+00
 8.63798e+22	1.00e+00	4.38e-04	3.73e-07	0.00e+00	0.00e+00	0.00e+00	0.00e+00	0.00e+00
 8.64707e+22	1.00e+00	4.29e-04	3.67e-07	0.00e+00	0.00e+00	0.00e+00	0.00e+00	0.00e+00
 8.65640e+22	1.00e+00	4.21e-04	3.60e-07	0.00e+00	0.00e+00	0.00e+00	0.00e+00	0.00e+00
 8.66599e+22	1.00e+00	4.12e-04	3.52e-07	0.00e+00	0.00e+00	0.00e+00	0.00e+00	0.00e+00
 8.67589e+22	1.00e+00	4.04e-04	3.45e-07	0.00e+00	0.00e+00	0.00e+00	0.00e+00	0.00e+00
 8.68619e+22	1.00e+00	3.95e-04	3.38e-07	0.00e+00	0.00e+00	0.00e+00	0.00e+00	0.00e+00
 8.69699e+22	1.00e+00	3.85e-04	3.30e-07	0.00e+00	0.00e+00	0.00e+00	0.00e+00	0.00e+00
 8.70831e+22	1.00e+00	3.76e-04	3.22e-07	0.00e+00	0.00e+00	0.00e+00	0.00e+00	0.00e+00
 8.72028e+22	1.00e+00	3.66e-04	3.14e-07	0.00e+00	0.00e+00	0.00e+00	0.00e+00	0.00e+00
 8.73305e+22	1.00e+00	3.55e-04	3.05e-07	0.00e+00	0.00e+00	0.00e+00	0.00e+00	0.00e+00
 8.74666e+22	1.00e+00	3.45e-04	2.97e-07	0.00e+00	0.00e+00	0.00e+00	0.00e+00	0.00e+00
 8.76106e+22	1.00e+00	3.34e-04	2.87e-07	0.00e+00	0.00e+00	0.00e+00	0.00e+00	0.00e+00
 8.77631e+22	1.00e+00	3.22e-04	2.78e-07	0.00e+00	0.00e+00	0.00e+00	0.00e+00	0.00e+00
 8.79267e+22	1.00e+00	3.10e-04	2.68e-07	0.00e+00	0.00e+00	0.00e+00	0.00e+00	0.00e+00
 8.81036e+22	1.00e+00	2.98e-04	2.57e-07	0.00e+00	0.00e+00	0.00e+00	0.00e+00	0.00e+00
 8.82940e+22	1.00e+00	2.85e-04	2.46e-07	0.00e+00	0.00e+00	0.00e+00	0.00e+00	0.00e+00
 8.84979e+22	1.00e+00	2.72e-04	2.35e-07	0.00e+00	0.00e+00	0.00e+00	0.00e+00	0.00e+00
 8.87162e+22	1.00e+00	2.59e-04	2.23e-07	0.00e+00	0.00e+00	0.00e+00	0.00e+00	0.00e+00
 8.89513e+22	1.00e+00	2.45e-04	2.11e-07	0.00e+00	0.00e+00	0.00e+00	0.00e+00	0.00e+00
 8.92059e+22	1.00e+00	2.30e-04	1.99e-07	0.00e+00	0.00e+00	0.00e+00	0.00e+00	0.00e+00
 8.94810e+22	1.00e+00	2.15e-04	1.86e-07	0.00e+00	0.00e+00	0.00e+00	0.00e+00	0.00e+00
 8.97782e+22	1.00e+00	2.00e-04	1.73e-07	0.00e+00	0.00e+00	0.00e+00	0.00e+00	0.00e+00
 9.01012e+22	1.00e+00	1.85e-04	1.59e-07	0.00e+00	0.00e+00	0.00e+00	0.00e+00	0.00e+00
 9.04532e+22	1.00e+00	1.69e-04	1.45e-07	0.00e+00	0.00e+00	0.00e+00	0.00e+00	0.00e+00
 9.08345e+22	1.00e+00	1.54e-04	1.32e-07	0.00e+00	0.00e+00	0.00e+00	0.00e+00	0.00e+00
 9.12479e+22	1.00e+00	1.38e-04	1.18e-07	0.00e+00	0.00e+00	0.00e+00	0.00e+00	0.00e+00
 9.16956e+22	1.00e+00	1.23e-04	1.04e-07	0.00e+00	0.00e+00	0.00e+00	0.00e+00	0.00e+00
 9.21763e+22	1.00e+00	1.08e-04	9.14e-08	0.00e+00	0.00e+00	0.00e+00	0.00e+00	0.00e+00
 9.24975e+22	1.00e+00	1.03e-04	8.61e-08	0.00e+00	0.00e+00	0.00e+00	0.00e+00	0.00e+00
