#depth	O	O+	O+2	O+3	O+4	O+5	O+6	O+7	O+8	O[1]	O[2]	O[3]
 1.54284e+22	0.00e+00	0.00e+00	0.00e+00	2.10e-24	4.22e-19	3.94e-14	1.28e-08	2.37e-04	1.00e+00	0.00e+00	0.00e+00	0.00e+00
 3.46717e+22	0.00e+00	0.00e+00	3.34e-29	1.67e-23	2.23e-18	1.38e-13	2.94e-08	3.59e-04	1.00e+00	0.00e+00	0.00e+00	0.00e+00
 4.07491e+22	0.00e+00	0.00e+00	1.38e-28	5.45e-23	5.85e-18	2.85e-13	4.77e-08	4.57e-04	1.00e+00	0.00e+00	0.00e+00	0.00e+00
 4.48218e+22	0.00e+00	0.00e+00	4.34e-28	1.42e-22	1.26e-17	5.09e-13	6.99e-08	5.53e-04	9.99e-01	0.00e+00	0.00e+00	0.00e+00
 4.71829e+22	0.00e+00	0.00e+00	6.16e-28	1.90e-22	1.59e-17	6.08e-13	7.87e-08	5.87e-04	9.99e-01	0.00e+00	0.00e+00	0.00e+00
 4.84504e+22	0.00e+00	0.00e+00	9.55e-28	2.74e-22	2.14e-17	7.60e-13	9.12e-08	6.31e-04	9.99e-01	0.00e+00	0.00e+00	0.00e+00
 4.98179e+22	0.00e+00	0.00e+00	1.43e-27	3.84e-22	2.81e-17	9.33e-13	1.04e-07	6.75e-04	9.99e-01	0.00e+00	0.00e+00	0.00e+00
 5.13157e+22	0.00e+00	0.00e+00	2.46e-27	6.05e-22	4.04e-17	1.23e-12	1.25e-07	7.40e-04	9.99e-01	0.00e+00	0.00e+00	0.00e+00
 5.27802e+22	0.00e+00	0.00e+00	3.53e-27	8.18e-22	5.16e-17	1.48e-12	1.42e-07	7.86e-04	9.99e-01	0.00e+00	0.00e+00	0.00e+00
 5.39624e+22	0.00e+00	1.89e-33	5.03e-27	1.10e-21	6.54e-17	1.77e-12	1.59e-07	8.34e-04	9.99e-01	0.00e+00	0.00e+00	0.00e+00
 5.50597e+22	0.00e+00	2.80e-33	7.05e-27	1.46e-21	8.21e-17	2.10e-12	1.79e-07	8.82e-04	9.99e-01	0.00e+00	0.00e+00	0.00e+00
 5.61100e+22	0.00e+00	4.07e-33	9.74e-27	1.91e-21	1.02e-16	2.48e-12	1.99e-07	9.31e-04	9.99e-01	0.00e+00	0.00e+00	0.00e+00
 5.72994e+22	0.00e+00	6.56e-33	1.47e-26	2.69e-21	1.35e-16	3.06e-12	2.29e-07	9.97e-04	9.99e-01	0.00e+00	0.00e+00	0.00e+00
 5.85090e+22	0.00e+00	9.71e-33	2.05e-26	3.57e-21	1.69e-16	3.63e-12	2.56e-07	1.06e-03	9.99e-01	0.00e+00	0.00e+00	0.00e+00
 5.97450e+22	0.00e+00	1.59e-32	3.13e-26	5.08e-21	2.25e-16	4.51e-12	2.96e-07	1.13e-03	9.99e-01	0.00e+00	0.00e+00	0.00e+00
 6.09756e+22	0.00e+00	2.35e-32	4.39e-26	6.74e-21	2.82e-16	5.35e-12	3.31e-07	1.20e-03	9.99e-01	0.00e+00	0.00e+00	0.00e+00
 6.20328e+22	0.00e+00	3.41e-32	6.06e-26	8.83e-21	3.51e-16	6.32e-12	3.69e-07	1.27e-03	9.99e-01	0.00e+00	0.00e+00	0.00e+00
 6.32410e+22	0.00e+00	5.53e-32	9.17e-26	1.25e-20	4.64e-16	7.81e-12	4.25e-07	1.36e-03	9.99e-01	0.00e+00	0.00e+00	0.00e+00
 6.43605e+22	0.00e+00	7.73e-32	1.22e-25	1.59e-20	5.64e-16	9.06e-12	4.68e-07	1.42e-03	9.99e-01	0.00e+00	0.00e+00	0.00e+00
 6.52203e+22	0.00e+00	1.05e-31	1.60e-25	1.99e-20	6.75e-16	1.04e-11	5.12e-07	1.49e-03	9.99e-01	0.00e+00	0.00e+00	0.00e+00
 6.61934e+22	0.00e+00	1.52e-31	2.19e-25	2.59e-20	8.35e-16	1.22e-11	5.70e-07	1.57e-03	9.98e-01	0.00e+00	0.00e+00	0.00e+00
 6.72397e+22	0.00e+00	2.16e-31	2.96e-25	3.34e-20	1.03e-15	1.43e-11	6.32e-07	1.65e-03	9.98e-01	0.00e+00	0.00e+00	0.00e+00
 6.81850e+22	0.00e+00	3.00e-31	3.93e-25	4.23e-20	1.24e-15	1.65e-11	6.95e-07	1.73e-03	9.98e-01	0.00e+00	0.00e+00	0.00e+00
 6.90793e+22	0.00e+00	4.13e-31	5.18e-25	5.33e-20	1.50e-15	1.90e-11	7.63e-07	1.81e-03	9.98e-01	0.00e+00	0.00e+00	0.00e+00
 7.01035e+22	0.00e+00	6.13e-31	7.27e-25	7.08e-20	1.88e-15	2.27e-11	8.56e-07	1.92e-03	9.98e-01	0.00e+00	0.00e+00	0.00e+00
 7.11610e+22	0.00e+00	8.68e-31	9.81e-25	9.11e-20	2.31e-15	2.65e-11	9.48e-07	2.02e-03	9.98e-01	0.00e+00	0.00e+00	0.00e+00
 7.20801e+22	0.00e+00	1.19e-30	1.28e-24	1.15e-19	2.78e-15	3.05e-11	1.04e-06	2.11e-03	9.98e-01	0.00e+00	0.00e+00	0.00e+00
 7.30929e+22	0.00e+00	1.72e-30	1.77e-24	1.50e-19	3.46e-15	3.61e-11	1.16e-06	2.23e-03	9.98e-01	0.00e+00	0.00e+00	0.00e+00
 7.40786e+22	0.00e+00	2.37e-30	2.33e-24	1.89e-19	4.16e-15	4.15e-11	1.27e-06	2.34e-03	9.98e-01	0.00e+00	0.00e+00	0.00e+00
 7.48566e+22	0.00e+00	3.10e-30	2.94e-24	2.30e-19	4.87e-15	4.68e-11	1.38e-06	2.43e-03	9.98e-01	0.00e+00	0.00e+00	0.00e+00
 7.56956e+22	0.00e+00	4.22e-30	3.83e-24	2.87e-19	5.84e-15	5.37e-11	1.51e-06	2.54e-03	9.97e-01	0.00e+00	0.00e+00	0.00e+00
 7.66109e+22	0.00e+00	5.76e-30	5.02e-24	3.60e-19	7.01e-15	6.18e-11	1.65e-06	2.66e-03	9.97e-01	0.00e+00	0.00e+00	0.00e+00
 7.74381e+22	0.00e+00	7.58e-30	6.36e-24	4.39e-19	8.24e-15	6.98e-11	1.79e-06	2.77e-03	9.97e-01	0.00e+00	0.00e+00	0.00e+00
 7.83263e+22	0.00e+00	1.05e-29	8.44e-24	5.57e-19	1.00e-14	8.10e-11	1.97e-06	2.90e-03	9.97e-01	0.00e+00	0.00e+00	0.00e+00
 7.92546e+22	0.00e+00	1.44e-29	1.10e-23	6.97e-19	1.20e-14	9.30e-11	2.16e-06	3.04e-03	9.97e-01	0.00e+00	0.00e+00	0.00e+00
 8.00677e+22	0.00e+00	1.90e-29	1.40e-23	8.54e-19	1.41e-14	1.05e-10	2.35e-06	3.16e-03	9.97e-01	0.00e+00	0.00e+00	0.00e+00
 8.09574e+22	0.00e+00	2.63e-29	1.86e-23	1.08e-18	1.71e-14	1.22e-10	2.59e-06	3.32e-03	9.97e-01	0.00e+00	0.00e+00	0.00e+00
 8.18257e+22	0.00e+00	3.49e-29	2.37e-23	1.33e-18	2.02e-14	1.38e-10	2.81e-06	3.45e-03	9.97e-01	0.00e+00	0.00e+00	0.00e+00
 8.25092e+22	0.00e+00	4.40e-29	2.90e-23	1.57e-18	2.31e-14	1.54e-10	3.01e-06	3.57e-03	9.96e-01	0.00e+00	0.00e+00	0.00e+00
 8.32408e+22	0.00e+00	5.74e-29	3.65e-23	1.91e-18	2.71e-14	1.73e-10	3.26e-06	3.71e-03	9.96e-01	0.00e+00	0.00e+00	0.00e+00
 8.40427e+22	0.00e+00	7.49e-29	4.59e-23	2.31e-18	3.17e-14	1.95e-10	3.52e-06	3.86e-03	9.96e-01	0.00e+00	0.00e+00	0.00e+00
 8.48020e+22	0.00e+00	9.72e-29	5.74e-23	2.79e-18	3.69e-14	2.20e-10	3.80e-06	4.01e-03	9.96e-01	0.00e+00	0.00e+00	0.00e+00
 8.55382e+22	0.00e+00	1.26e-28	7.17e-23	3.36e-18	4.29e-14	2.46e-10	4.10e-06	4.16e-03	9.96e-01	0.00e+00	0.00e+00	0.00e+00
 8.62519e+22	0.00e+00	1.61e-28	8.86e-23	4.01e-18	4.96e-14	2.75e-10	4.41e-06	4.31e-03	9.96e-01	0.00e+00	0.00e+00	0.00e+00
 8.70532e+22	0.00e+00	2.14e-28	1.14e-22	4.95e-18	5.88e-14	3.14e-10	4.81e-06	4.50e-03	9.95e-01	0.00e+00	0.00e+00	0.00e+00
 8.78936e+22	0.00e+00	2.85e-28	1.45e-22	6.08e-18	6.94e-14	3.56e-10	5.22e-06	4.69e-03	9.95e-01	0.00e+00	0.00e+00	0.00e+00
 8.86228e+22	0.00e+00	3.65e-28	1.80e-22	7.28e-18	8.03e-14	3.98e-10	5.62e-06	4.86e-03	9.95e-01	0.00e+00	0.00e+00	0.00e+00
 8.92672e+22	0.00e+00	4.56e-28	2.17e-22	8.54e-18	9.15e-14	4.40e-10	6.00e-06	5.02e-03	9.95e-01	0.00e+00	0.00e+00	0.00e+00
 8.99636e+22	0.00e+00	5.87e-28	2.71e-22	1.03e-17	1.06e-13	4.93e-10	6.47e-06	5.21e-03	9.95e-01	0.00e+00	0.00e+00	0.00e+00
 9.07051e+22	0.00e+00	7.47e-28	3.33e-22	1.22e-17	1.22e-13	5.50e-10	6.95e-06	5.40e-03	9.95e-01	0.00e+00	0.00e+00	0.00e+00
 9.13837e+22	0.00e+00	9.41e-28	4.06e-22	1.45e-17	1.40e-13	6.10e-10	7.44e-06	5.58e-03	9.94e-01	0.00e+00	0.00e+00	0.00e+00
 9.20450e+22	0.00e+00	1.18e-27	4.95e-22	1.71e-17	1.61e-13	6.77e-10	7.97e-06	5.78e-03	9.94e-01	0.00e+00	0.00e+00	0.00e+00
 9.28053e+22	0.00e+00	1.55e-27	6.26e-22	2.08e-17	1.89e-13	7.66e-10	8.64e-06	6.01e-03	9.94e-01	0.00e+00	0.00e+00	0.00e+00
 9.36043e+22	0.00e+00	2.03e-27	7.89e-22	2.53e-17	2.21e-13	8.64e-10	9.36e-06	6.25e-03	9.94e-01	0.00e+00	0.00e+00	0.00e+00
 9.42754e+22	2.28e-34	2.55e-27	9.59e-22	2.98e-17	2.52e-13	9.56e-10	1.00e-05	6.46e-03	9.94e-01	0.00e+00	0.00e+00	0.00e+00
 9.49693e+22	3.05e-34	3.29e-27	1.19e-21	3.58e-17	2.93e-13	1.07e-09	1.08e-05	6.71e-03	9.93e-01	0.00e+00	0.00e+00	0.00e+00
 9.57113e+22	4.04e-34	4.21e-27	1.48e-21	4.28e-17	3.39e-13	1.20e-09	1.16e-05	6.95e-03	9.93e-01	0.00e+00	0.00e+00	0.00e+00
 9.63870e+22	5.25e-34	5.29e-27	1.80e-21	5.05e-17	3.88e-13	1.33e-09	1.24e-05	7.19e-03	9.93e-01	0.00e+00	0.00e+00	0.00e+00
 9.71365e+22	7.15e-34	6.94e-27	2.27e-21	6.15e-17	4.55e-13	1.50e-09	1.35e-05	7.49e-03	9.93e-01	0.00e+00	0.00e+00	0.00e+00
 9.78850e+22	9.45e-34	8.85e-27	2.80e-21	7.34e-17	5.25e-13	1.68e-09	1.45e-05	7.76e-03	9.92e-01	0.00e+00	0.00e+00	0.00e+00
 9.84961e+22	1.20e-33	1.09e-26	3.35e-21	8.53e-17	5.93e-13	1.84e-09	1.54e-05	8.00e-03	9.92e-01	0.00e+00	0.00e+00	0.00e+00
 9.91545e+22	1.57e-33	1.38e-26	4.11e-21	1.01e-16	6.83e-13	2.05e-09	1.66e-05	8.29e-03	9.92e-01	0.00e+00	0.00e+00	0.00e+00
 9.98719e+22	2.07e-33	1.76e-26	5.06e-21	1.21e-16	7.88e-13	2.29e-09	1.78e-05	8.59e-03	9.91e-01	0.00e+00	0.00e+00	0.00e+00
 1.00539e+23	2.68e-33	2.21e-26	6.15e-21	1.42e-16	8.99e-13	2.53e-09	1.91e-05	8.88e-03	9.91e-01	0.00e+00	0.00e+00	0.00e+00
 1.01280e+23	3.64e-33	2.88e-26	7.73e-21	1.73e-16	1.05e-12	2.86e-09	2.07e-05	9.24e-03	9.91e-01	0.00e+00	0.00e+00	0.00e+00
 1.02022e+23	4.82e-33	3.69e-26	9.55e-21	2.06e-16	1.22e-12	3.19e-09	2.22e-05	9.58e-03	9.90e-01	0.00e+00	0.00e+00	0.00e+00
 1.02628e+23	6.12e-33	4.54e-26	1.14e-20	2.40e-16	1.37e-12	3.49e-09	2.36e-05	9.87e-03	9.90e-01	0.00e+00	0.00e+00	0.00e+00
 1.03276e+23	8.00e-33	5.74e-26	1.40e-20	2.84e-16	1.58e-12	3.89e-09	2.54e-05	1.02e-02	9.90e-01	0.00e+00	0.00e+00	0.00e+00
 1.03985e+23	1.06e-32	7.33e-26	1.72e-20	3.39e-16	1.82e-12	4.33e-09	2.73e-05	1.06e-02	9.89e-01	0.00e+00	0.00e+00	0.00e+00
 1.04644e+23	1.36e-32	9.12e-26	2.08e-20	3.97e-16	2.07e-12	4.78e-09	2.91e-05	1.09e-02	9.89e-01	0.00e+00	0.00e+00	0.00e+00
 1.05369e+23	1.87e-32	1.21e-25	2.65e-20	4.86e-16	2.43e-12	5.41e-09	3.17e-05	1.14e-02	9.89e-01	0.00e+00	0.00e+00	0.00e+00
 1.06112e+23	2.46e-32	1.53e-25	3.25e-20	5.77e-16	2.80e-12	6.02e-09	3.40e-05	1.18e-02	9.88e-01	0.00e+00	0.00e+00	0.00e+00
 1.06745e+23	3.17e-32	1.91e-25	3.92e-20	6.75e-16	3.18e-12	6.62e-09	3.63e-05	1.22e-02	9.88e-01	0.00e+00	0.00e+00	0.00e+00
 1.07432e+23	4.23e-32	2.46e-25	4.87e-20	8.11e-16	3.69e-12	7.42e-09	3.92e-05	1.27e-02	9.87e-01	0.00e+00	0.00e+00	0.00e+00
 1.08156e+23	5.62e-32	3.15e-25	6.02e-20	9.67e-16	4.25e-12	8.26e-09	4.22e-05	1.32e-02	9.87e-01	0.00e+00	0.00e+00	0.00e+00
 1.08796e+23	7.28e-32	3.94e-25	7.30e-20	1.14e-15	4.84e-12	9.11e-09	4.51e-05	1.36e-02	9.86e-01	0.00e+00	0.00e+00	0.00e+00
 1.09500e+23	1.00e-31	5.21e-25	9.26e-20	1.39e-15	5.68e-12	1.03e-08	4.90e-05	1.42e-02	9.86e-01	0.00e+00	0.00e+00	0.00e+00
 1.10194e+23	1.29e-31	6.49e-25	1.12e-19	1.62e-15	6.45e-12	1.13e-08	5.23e-05	1.47e-02	9.85e-01	0.00e+00	0.00e+00	0.00e+00
 1.10777e+23	1.65e-31	8.05e-25	1.34e-19	1.89e-15	7.30e-12	1.24e-08	5.58e-05	1.51e-02	9.85e-01	0.00e+00	0.00e+00	0.00e+00
 1.11440e+23	2.20e-31	1.03e-24	1.66e-19	2.27e-15	8.43e-12	1.38e-08	6.01e-05	1.57e-02	9.84e-01	0.00e+00	0.00e+00	0.00e+00
 1.12143e+23	2.97e-31	1.34e-24	2.07e-19	2.72e-15	9.75e-12	1.54e-08	6.48e-05	1.63e-02	9.84e-01	0.00e+00	0.00e+00	0.00e+00
 1.12758e+23	3.79e-31	1.65e-24	2.48e-19	3.16e-15	1.10e-11	1.69e-08	6.90e-05	1.68e-02	9.83e-01	0.00e+00	0.00e+00	0.00e+00
 1.13418e+23	5.16e-31	2.16e-24	3.12e-19	3.83e-15	1.28e-11	1.89e-08	7.47e-05	1.75e-02	9.82e-01	0.00e+00	0.00e+00	0.00e+00
 1.14086e+23	6.77e-31	2.74e-24	3.81e-19	4.52e-15	1.46e-11	2.08e-08	8.00e-05	1.81e-02	9.82e-01	0.00e+00	0.00e+00	0.00e+00
 1.14651e+23	8.54e-31	3.35e-24	4.52e-19	5.22e-15	1.64e-11	2.27e-08	8.48e-05	1.87e-02	9.81e-01	0.00e+00	0.00e+00	0.00e+00
 1.15273e+23	1.15e-30	4.34e-24	5.64e-19	6.27e-15	1.90e-11	2.53e-08	9.15e-05	1.94e-02	9.80e-01	0.00e+00	0.00e+00	0.00e+00
 1.15921e+23	1.52e-30	5.50e-24	6.90e-19	7.41e-15	2.17e-11	2.78e-08	9.80e-05	2.01e-02	9.80e-01	0.00e+00	0.00e+00	0.00e+00
 1.16503e+23	1.96e-30	6.87e-24	8.33e-19	8.66e-15	2.45e-11	3.05e-08	1.05e-04	2.08e-02	9.79e-01	0.00e+00	0.00e+00	0.00e+00
 1.17158e+23	2.75e-30	9.21e-24	1.07e-18	1.06e-14	2.88e-11	3.43e-08	1.14e-04	2.17e-02	9.78e-01	0.00e+00	0.00e+00	0.00e+00
 1.17794e+23	3.54e-30	1.14e-23	1.28e-18	1.24e-14	3.25e-11	3.75e-08	1.21e-04	2.24e-02	9.77e-01	0.00e+00	0.00e+00	0.00e+00
 1.18403e+23	4.81e-30	1.49e-23	1.61e-18	1.49e-14	3.77e-11	4.17e-08	1.31e-04	2.33e-02	9.77e-01	0.00e+00	0.00e+00	0.00e+00
 1.19031e+23	6.39e-30	1.91e-23	1.98e-18	1.77e-14	4.31e-11	4.59e-08	1.40e-04	2.41e-02	9.76e-01	0.00e+00	0.00e+00	0.00e+00
 1.19576e+23	8.17e-30	2.36e-23	2.37e-18	2.06e-14	4.85e-11	5.00e-08	1.49e-04	2.49e-02	9.75e-01	0.00e+00	0.00e+00	0.00e+00
 1.20176e+23	1.12e-29	3.08e-23	2.97e-18	2.48e-14	5.62e-11	5.57e-08	1.61e-04	2.59e-02	9.74e-01	0.00e+00	0.00e+00	0.00e+00
 1.20803e+23	1.49e-29	3.95e-23	3.67e-18	2.95e-14	6.43e-11	6.13e-08	1.72e-04	2.68e-02	9.73e-01	0.00e+00	0.00e+00	0.00e+00
 1.21346e+23	1.93e-29	4.95e-23	4.44e-18	3.45e-14	7.27e-11	6.70e-08	1.84e-04	2.77e-02	9.72e-01	0.00e+00	0.00e+00	0.00e+00
 1.21932e+23	2.66e-29	6.54e-23	5.61e-18	4.19e-14	8.45e-11	7.46e-08	1.99e-04	2.88e-02	9.71e-01	0.00e+00	0.00e+00	0.00e+00
 1.22527e+23	3.47e-29	8.20e-23	6.80e-18	4.91e-14	9.58e-11	8.16e-08	2.12e-04	2.98e-02	9.70e-01	0.00e+00	0.00e+00	0.00e+00
 1.23054e+23	4.56e-29	1.04e-22	8.29e-18	5.78e-14	1.09e-10	8.94e-08	2.26e-04	3.08e-02	9.69e-01	0.00e+00	0.00e+00	0.00e+00
 1.23578e+23	5.93e-29	1.30e-22	1.00e-17	6.77e-14	1.23e-10	9.76e-08	2.41e-04	3.18e-02	9.68e-01	0.00e+00	0.00e+00	0.00e+00
 1.24177e+23	8.26e-29	1.73e-22	1.28e-17	8.27e-14	1.44e-10	1.09e-07	2.61e-04	3.31e-02	9.67e-01	0.00e+00	0.00e+00	0.00e+00
 1.24791e+23	1.12e-28	2.25e-22	1.59e-17	9.90e-14	1.65e-10	1.21e-07	2.80e-04	3.43e-02	9.65e-01	0.00e+00	0.00e+00	0.00e+00
 1.25309e+23	1.45e-28	2.81e-22	1.92e-17	1.16e-13	1.87e-10	1.31e-07	2.98e-04	3.54e-02	9.64e-01	0.00e+00	0.00e+00	0.00e+00
 1.25865e+23	2.00e-28	3.71e-22	2.44e-17	1.40e-13	2.17e-10	1.46e-07	3.22e-04	3.68e-02	9.63e-01	0.00e+00	0.00e+00	0.00e+00
 1.26443e+23	2.68e-28	4.78e-22	3.01e-17	1.67e-13	2.49e-10	1.61e-07	3.45e-04	3.81e-02	9.62e-01	0.00e+00	0.00e+00	0.00e+00
 1.26951e+23	3.49e-28	6.01e-22	3.66e-17	1.96e-13	2.82e-10	1.76e-07	3.67e-04	3.94e-02	9.60e-01	0.00e+00	0.00e+00	0.00e+00
 1.27513e+23	4.87e-28	8.00e-22	4.66e-17	2.40e-13	3.30e-10	1.97e-07	3.97e-04	4.10e-02	9.59e-01	0.00e+00	0.00e+00	0.00e+00
 1.28093e+23	6.56e-28	1.03e-21	5.79e-17	2.87e-13	3.79e-10	2.17e-07	4.26e-04	4.24e-02	9.57e-01	0.00e+00	0.00e+00	0.00e+00
 1.28604e+23	8.74e-28	1.32e-21	7.13e-17	3.41e-13	4.33e-10	2.39e-07	4.55e-04	4.39e-02	9.56e-01	0.00e+00	0.00e+00	0.00e+00
 1.29096e+23	1.15e-27	1.68e-21	8.71e-17	4.02e-13	4.92e-10	2.61e-07	4.85e-04	4.53e-02	9.54e-01	0.00e+00	0.00e+00	0.00e+00
 1.29654e+23	1.62e-27	2.26e-21	1.12e-16	4.95e-13	5.79e-10	2.93e-07	5.26e-04	4.72e-02	9.52e-01	0.00e+00	0.00e+00	0.00e+00
 1.30226e+23	2.18e-27	2.91e-21	1.39e-16	5.91e-13	6.65e-10	3.24e-07	5.63e-04	4.88e-02	9.51e-01	0.00e+00	0.00e+00	0.00e+00
 1.30818e+23	3.15e-27	4.01e-21	1.82e-16	7.39e-13	7.91e-10	3.66e-07	6.14e-04	5.09e-02	9.48e-01	0.00e+00	0.00e+00	0.00e+00
 1.31420e+23	4.39e-27	5.34e-21	2.32e-16	9.03e-13	9.24e-10	4.08e-07	6.62e-04	5.29e-02	9.46e-01	0.00e+00	0.00e+00	0.00e+00
 1.31922e+23	5.79e-27	6.78e-21	2.84e-16	1.07e-12	1.05e-09	4.48e-07	7.06e-04	5.45e-02	9.45e-01	0.00e+00	0.00e+00	0.00e+00
 1.32461e+23	8.25e-27	9.21e-21	3.69e-16	1.32e-12	1.24e-09	5.04e-07	7.65e-04	5.68e-02	9.42e-01	0.00e+00	0.00e+00	0.00e+00
 1.33006e+23	1.12e-26	1.20e-20	4.60e-16	1.59e-12	1.43e-09	5.57e-07	8.19e-04	5.87e-02	9.40e-01	0.00e+00	0.00e+00	0.00e+00
 1.33480e+23	1.47e-26	1.52e-20	5.63e-16	1.88e-12	1.63e-09	6.11e-07	8.73e-04	6.05e-02	9.39e-01	0.00e+00	0.00e+00	0.00e+00
 1.33926e+23	1.94e-26	1.93e-20	6.89e-16	2.22e-12	1.86e-09	6.69e-07	9.28e-04	6.24e-02	9.37e-01	0.00e+00	0.00e+00	0.00e+00
 1.34339e+23	2.47e-26	2.38e-20	8.24e-16	2.57e-12	2.08e-09	7.26e-07	9.81e-04	6.41e-02	9.35e-01	0.00e+00	0.00e+00	0.00e+00
 1.34721e+23	3.12e-26	2.91e-20	9.78e-16	2.96e-12	2.33e-09	7.84e-07	1.03e-03	6.57e-02	9.33e-01	0.00e+00	0.00e+00	0.00e+00
 1.35083e+23	3.93e-26	3.55e-20	1.16e-15	3.41e-12	2.59e-09	8.46e-07	1.09e-03	6.74e-02	9.32e-01	0.00e+00	0.00e+00	0.00e+00
 1.35497e+23	5.30e-26	4.60e-20	1.44e-15	4.09e-12	2.98e-09	9.34e-07	1.16e-03	6.96e-02	9.29e-01	0.00e+00	0.00e+00	0.00e+00
 1.35893e+23	6.68e-26	5.62e-20	1.71e-15	4.70e-12	3.32e-09	1.01e-06	1.22e-03	7.13e-02	9.27e-01	0.00e+00	0.00e+00	0.00e+00
 1.36208e+23	8.34e-26	6.81e-20	2.01e-15	5.38e-12	3.69e-09	1.08e-06	1.28e-03	7.30e-02	9.26e-01	0.00e+00	0.00e+00	0.00e+00
 1.36561e+23	1.08e-25	8.55e-20	2.44e-15	6.30e-12	4.17e-09	1.18e-06	1.36e-03	7.50e-02	9.24e-01	0.00e+00	0.00e+00	0.00e+00
 1.36929e+23	1.36e-25	1.04e-19	2.88e-15	7.22e-12	4.64e-09	1.27e-06	1.43e-03	7.68e-02	9.22e-01	0.00e+00	0.00e+00	0.00e+00
 1.37250e+23	1.68e-25	1.25e-19	3.37e-15	8.23e-12	5.13e-09	1.37e-06	1.49e-03	7.86e-02	9.20e-01	0.00e+00	0.00e+00	0.00e+00
 1.37552e+23	2.08e-25	1.50e-19	3.94e-15	9.37e-12	5.67e-09	1.46e-06	1.56e-03	8.03e-02	9.18e-01	0.00e+00	0.00e+00	0.00e+00
 1.37895e+23	2.75e-25	1.92e-19	4.85e-15	1.11e-11	6.46e-09	1.60e-06	1.66e-03	8.26e-02	9.16e-01	0.00e+00	0.00e+00	0.00e+00
 1.38236e+23	3.40e-25	2.30e-19	5.66e-15	1.26e-11	7.14e-09	1.72e-06	1.74e-03	8.44e-02	9.14e-01	0.00e+00	0.00e+00	0.00e+00
 1.38574e+23	4.45e-25	2.91e-19	6.91e-15	1.49e-11	8.10e-09	1.88e-06	1.84e-03	8.68e-02	9.11e-01	0.00e+00	0.00e+00	0.00e+00
 1.38902e+23	5.51e-25	3.50e-19	8.08e-15	1.69e-11	8.95e-09	2.01e-06	1.92e-03	8.86e-02	9.09e-01	0.00e+00	0.00e+00	0.00e+00
 1.39167e+23	6.74e-25	4.17e-19	9.37e-15	1.91e-11	9.83e-09	2.15e-06	2.00e-03	9.04e-02	9.08e-01	0.00e+00	0.00e+00	0.00e+00
 1.39466e+23	8.70e-25	5.20e-19	1.13e-14	2.24e-11	1.11e-08	2.33e-06	2.11e-03	9.27e-02	9.05e-01	0.00e+00	0.00e+00	0.00e+00
 1.39770e+23	1.07e-24	6.22e-19	1.32e-14	2.54e-11	1.22e-08	2.50e-06	2.21e-03	9.46e-02	9.03e-01	0.00e+00	0.00e+00	0.00e+00
 1.40082e+23	1.44e-24	8.04e-19	1.64e-14	3.03e-11	1.40e-08	2.75e-06	2.35e-03	9.74e-02	9.00e-01	0.00e+00	0.00e+00	0.00e+00
 1.40387e+23	1.77e-24	9.60e-19	1.91e-14	3.44e-11	1.54e-08	2.94e-06	2.45e-03	9.93e-02	8.98e-01	0.00e+00	0.00e+00	0.00e+00
 1.40681e+23	2.35e-24	1.23e-18	2.35e-14	4.08e-11	1.76e-08	3.22e-06	2.59e-03	1.02e-01	8.95e-01	0.00e+00	0.00e+00	0.00e+00
 1.40979e+23	2.93e-24	1.49e-18	2.77e-14	4.67e-11	1.95e-08	3.45e-06	2.71e-03	1.04e-01	8.93e-01	0.00e+00	0.00e+00	0.00e+00
 1.41281e+23	3.95e-24	1.93e-18	3.45e-14	5.60e-11	2.24e-08	3.80e-06	2.88e-03	1.07e-01	8.90e-01	0.00e+00	0.00e+00	0.00e+00
 1.41586e+23	5.01e-24	2.37e-18	4.11e-14	6.47e-11	2.50e-08	4.10e-06	3.02e-03	1.10e-01	8.87e-01	0.00e+00	0.00e+00	0.00e+00
 1.41845e+23	6.24e-24	2.87e-18	4.83e-14	7.40e-11	2.77e-08	4.40e-06	3.16e-03	1.12e-01	8.85e-01	0.00e+00	0.00e+00	0.00e+00
 1.42135e+23	8.60e-24	3.80e-18	6.13e-14	8.98e-11	3.21e-08	4.86e-06	3.36e-03	1.15e-01	8.81e-01	0.00e+00	0.00e+00	0.00e+00
 1.42420e+23	1.07e-23	4.57e-18	7.18e-14	1.02e-10	3.55e-08	5.21e-06	3.51e-03	1.17e-01	8.79e-01	0.00e+00	0.00e+00	0.00e+00
 1.42699e+23	1.46e-23	6.01e-18	9.05e-14	1.24e-10	4.10e-08	5.75e-06	3.73e-03	1.21e-01	8.75e-01	0.00e+00	0.00e+00	0.00e+00
 1.42972e+23	1.81e-23	7.25e-18	1.06e-13	1.41e-10	4.53e-08	6.15e-06	3.89e-03	1.23e-01	8.73e-01	0.00e+00	0.00e+00	0.00e+00
 1.43237e+23	2.47e-23	9.49e-18	1.33e-13	1.70e-10	5.22e-08	6.78e-06	4.13e-03	1.27e-01	8.69e-01	0.00e+00	0.00e+00	0.00e+00
 1.43504e+23	3.09e-23	1.15e-17	1.57e-13	1.95e-10	5.79e-08	7.28e-06	4.32e-03	1.29e-01	8.66e-01	0.00e+00	0.00e+00	0.00e+00
 1.43773e+23	4.29e-23	1.53e-17	2.00e-13	2.37e-10	6.72e-08	8.05e-06	4.59e-03	1.33e-01	8.62e-01	0.00e+00	0.00e+00	0.00e+00
 1.44042e+23	5.42e-23	1.88e-17	2.38e-13	2.73e-10	7.49e-08	8.67e-06	4.81e-03	1.36e-01	8.59e-01	0.00e+00	0.00e+00	0.00e+00
 1.44312e+23	7.62e-23	2.52e-17	3.06e-13	3.36e-10	8.74e-08	9.63e-06	5.13e-03	1.40e-01	8.55e-01	0.00e+00	0.00e+00	0.00e+00
 1.44583e+23	9.68e-23	3.10e-17	3.64e-13	3.88e-10	9.76e-08	1.04e-05	5.37e-03	1.43e-01	8.52e-01	0.00e+00	0.00e+00	0.00e+00
 1.44857e+23	1.35e-22	4.15e-17	4.66e-13	4.75e-10	1.14e-07	1.15e-05	5.73e-03	1.47e-01	8.47e-01	0.00e+00	0.00e+00	0.00e+00
 1.45129e+23	1.75e-22	5.17e-17	5.63e-13	5.54e-10	1.28e-07	1.25e-05	6.02e-03	1.50e-01	8.44e-01	0.00e+00	0.00e+00	0.00e+00
 1.45398e+23	2.44e-22	6.93e-17	7.21e-13	6.78e-10	1.49e-07	1.38e-05	6.42e-03	1.55e-01	8.39e-01	0.00e+00	0.00e+00	0.00e+00
 1.45673e+23	3.20e-22	8.76e-17	8.79e-13	7.98e-10	1.69e-07	1.51e-05	6.76e-03	1.58e-01	8.35e-01	0.00e+00	0.00e+00	0.00e+00
 1.45955e+23	4.57e-22	1.19e-16	1.14e-12	9.89e-10	1.98e-07	1.68e-05	7.23e-03	1.63e-01	8.30e-01	0.00e+00	0.00e+00	0.00e+00
 1.46237e+23	6.01e-22	1.51e-16	1.40e-12	1.17e-09	2.25e-07	1.83e-05	7.62e-03	1.67e-01	8.25e-01	0.00e+00	0.00e+00	0.00e+00
 1.46522e+23	8.63e-22	2.07e-16	1.82e-12	1.45e-09	2.65e-07	2.05e-05	8.17e-03	1.72e-01	8.20e-01	0.00e+00	0.00e+00	0.00e+00
 1.46808e+23	1.14e-21	2.63e-16	2.24e-12	1.71e-09	3.02e-07	2.24e-05	8.62e-03	1.76e-01	8.15e-01	0.00e+00	0.00e+00	0.00e+00
 1.47057e+23	1.49e-21	3.32e-16	2.73e-12	2.02e-09	3.41e-07	2.43e-05	9.08e-03	1.80e-01	8.11e-01	0.00e+00	0.00e+00	0.00e+00
 1.47338e+23	2.13e-21	4.53e-16	3.54e-12	2.50e-09	4.02e-07	2.72e-05	9.72e-03	1.86e-01	8.04e-01	0.00e+00	0.00e+00	0.00e+00
 1.47617e+23	2.74e-21	5.63e-16	4.26e-12	2.91e-09	4.51e-07	2.95e-05	1.02e-02	1.90e-01	8.00e-01	0.00e+00	0.00e+00	0.00e+00
 1.47894e+23	3.81e-21	7.50e-16	5.44e-12	3.56e-09	5.26e-07	3.27e-05	1.09e-02	1.95e-01	7.94e-01	0.00e+00	0.00e+00	0.00e+00
 1.48179e+23	5.00e-21	9.48e-16	6.64e-12	4.19e-09	5.96e-07	3.57e-05	1.15e-02	2.00e-01	7.89e-01	0.00e+00	0.00e+00	0.00e+00
 1.48474e+23	7.05e-21	1.28e-15	8.55e-12	5.16e-09	7.00e-07	3.98e-05	1.23e-02	2.06e-01	7.82e-01	0.00e+00	0.00e+00	0.00e+00
 1.48775e+23	9.22e-21	1.61e-15	1.04e-11	6.07e-09	7.93e-07	4.34e-05	1.30e-02	2.10e-01	7.77e-01	0.00e+00	0.00e+00	0.00e+00
 1.49083e+23	1.30e-20	2.17e-15	1.34e-11	7.48e-09	9.31e-07	4.85e-05	1.39e-02	2.17e-01	7.69e-01	0.00e+00	0.00e+00	0.00e+00
 1.49397e+23	1.70e-20	2.74e-15	1.63e-11	8.81e-09	1.06e-06	5.29e-05	1.46e-02	2.22e-01	7.64e-01	0.00e+00	0.00e+00	0.00e+00
 1.49722e+23	2.40e-20	3.69e-15	2.11e-11	1.09e-08	1.24e-06	5.92e-05	1.57e-02	2.28e-01	7.56e-01	0.00e+00	0.00e+00	0.00e+00
 1.50045e+23	3.09e-20	4.60e-15	2.54e-11	1.27e-08	1.40e-06	6.43e-05	1.65e-02	2.33e-01	7.50e-01	0.00e+00	0.00e+00	0.00e+00
 1.50367e+23	4.28e-20	6.11e-15	3.23e-11	1.55e-08	1.63e-06	7.16e-05	1.76e-02	2.40e-01	7.43e-01	0.00e+00	0.00e+00	0.00e+00
 1.50696e+23	5.52e-20	7.61e-15	3.90e-11	1.81e-08	1.85e-06	7.80e-05	1.86e-02	2.45e-01	7.36e-01	0.00e+00	0.00e+00	0.00e+00
 1.51037e+23	7.69e-20	1.01e-14	4.98e-11	2.22e-08	2.16e-06	8.70e-05	1.99e-02	2.52e-01	7.28e-01	0.00e+00	0.00e+00	0.00e+00
 1.51366e+23	9.57e-20	1.23e-14	5.86e-11	2.54e-08	2.40e-06	9.37e-05	2.08e-02	2.57e-01	7.23e-01	0.00e+00	0.00e+00	0.00e+00
 1.51682e+23	1.28e-19	1.58e-14	7.29e-11	3.04e-08	2.77e-06	1.03e-04	2.21e-02	2.63e-01	7.15e-01	0.00e+00	0.00e+00	0.00e+00
 1.52005e+23	1.61e-19	1.92e-14	8.60e-11	3.49e-08	3.08e-06	1.12e-04	2.32e-02	2.68e-01	7.09e-01	0.00e+00	0.00e+00	0.00e+00
 1.52338e+23	2.17e-19	2.49e-14	1.07e-10	4.19e-08	3.56e-06	1.24e-04	2.47e-02	2.75e-01	7.01e-01	0.00e+00	0.00e+00	0.00e+00
 1.52675e+23	2.69e-19	3.01e-14	1.26e-10	4.80e-08	3.96e-06	1.33e-04	2.58e-02	2.80e-01	6.94e-01	0.00e+00	0.00e+00	0.00e+00
 1.53019e+23	3.59e-19	3.87e-14	1.56e-10	5.74e-08	4.56e-06	1.47e-04	2.74e-02	2.86e-01	6.86e-01	0.00e+00	0.00e+00	0.00e+00
 1.53361e+23	4.45e-19	4.65e-14	1.83e-10	6.55e-08	5.06e-06	1.58e-04	2.87e-02	2.91e-01	6.80e-01	0.00e+00	0.00e+00	0.00e+00
 1.53698e+23	5.89e-19	5.94e-14	2.26e-10	7.80e-08	5.81e-06	1.74e-04	3.04e-02	2.98e-01	6.71e-01	0.00e+00	0.00e+00	0.00e+00
 1.54039e+23	7.21e-19	7.08e-14	2.62e-10	8.84e-08	6.41e-06	1.87e-04	3.17e-02	3.03e-01	6.65e-01	0.00e+00	0.00e+00	0.00e+00
 1.54385e+23	9.49e-19	8.99e-14	3.22e-10	1.05e-07	7.34e-06	2.06e-04	3.36e-02	3.10e-01	6.56e-01	0.00e+00	0.00e+00	0.00e+00
 1.54737e+23	1.16e-18	1.07e-13	3.75e-10	1.19e-07	8.13e-06	2.21e-04	3.51e-02	3.15e-01	6.50e-01	0.00e+00	0.00e+00	0.00e+00
 1.55097e+23	1.53e-18	1.36e-13	4.60e-10	1.42e-07	9.32e-06	2.43e-04	3.72e-02	3.22e-01	6.40e-01	0.00e+00	0.00e+00	0.00e+00
 1.55465e+23	1.89e-18	1.63e-13	5.37e-10	1.61e-07	1.03e-05	2.61e-04	3.89e-02	3.27e-01	6.34e-01	0.00e+00	0.00e+00	0.00e+00
 1.55841e+23	2.49e-18	2.08e-13	6.59e-10	1.91e-07	1.18e-05	2.88e-04	4.13e-02	3.34e-01	6.24e-01	0.00e+00	0.00e+00	0.00e+00
 1.56224e+23	3.06e-18	2.49e-13	7.70e-10	2.18e-07	1.31e-05	3.10e-04	4.31e-02	3.40e-01	6.17e-01	0.00e+00	0.00e+00	0.00e+00
 1.56616e+23	4.03e-18	3.16e-13	9.46e-10	2.59e-07	1.51e-05	3.42e-04	4.57e-02	3.47e-01	6.07e-01	0.00e+00	0.00e+00	0.00e+00
 1.57000e+23	4.84e-18	3.71e-13	1.09e-09	2.91e-07	1.65e-05	3.65e-04	4.76e-02	3.52e-01	6.00e-01	0.00e+00	0.00e+00	0.00e+00
 1.57372e+23	6.28e-18	4.65e-13	1.32e-09	3.42e-07	1.88e-05	4.00e-04	5.03e-02	3.59e-01	5.91e-01	0.00e+00	0.00e+00	0.00e+00
 1.57749e+23	7.55e-18	5.46e-13	1.51e-09	3.84e-07	2.06e-05	4.27e-04	5.23e-02	3.64e-01	5.84e-01	0.00e+00	0.00e+00	0.00e+00
 1.58135e+23	9.71e-18	6.80e-13	1.83e-09	4.50e-07	2.34e-05	4.67e-04	5.51e-02	3.70e-01	5.74e-01	0.00e+00	0.00e+00	0.00e+00
 1.58533e+23	1.19e-17	8.11e-13	2.13e-09	5.11e-07	2.59e-05	5.02e-04	5.75e-02	3.76e-01	5.66e-01	0.00e+00	0.00e+00	0.00e+00
 1.58946e+23	1.53e-17	1.01e-12	2.57e-09	5.99e-07	2.94e-05	5.49e-04	6.07e-02	3.82e-01	5.57e-01	0.00e+00	0.00e+00	0.00e+00
 1.59373e+23	1.89e-17	1.22e-12	3.01e-09	6.85e-07	3.28e-05	5.92e-04	6.35e-02	3.88e-01	5.48e-01	0.00e+00	0.00e+00	0.00e+00
 1.59818e+23	2.46e-17	1.53e-12	3.66e-09	8.08e-07	3.73e-05	6.50e-04	6.70e-02	3.95e-01	5.38e-01	2.46e-17	5.79e-28	6.16e-28
 1.60275e+23	3.06e-17	1.85e-12	4.31e-09	9.27e-07	4.17e-05	7.03e-04	7.02e-02	4.00e-01	5.29e-01	3.06e-17	5.38e-26	6.78e-26
 1.60748e+23	4.01e-17	2.34e-12	5.28e-09	1.10e-06	4.77e-05	7.73e-04	7.42e-02	4.07e-01	5.18e-01	4.01e-17	7.04e-26	8.87e-26
 1.61237e+23	5.04e-17	2.85e-12	6.26e-09	1.27e-06	5.35e-05	8.39e-04	7.78e-02	4.13e-01	5.08e-01	5.04e-17	8.85e-26	1.11e-25
 1.61747e+23	6.67e-17	3.64e-12	7.73e-09	1.51e-06	6.16e-05	9.26e-04	8.24e-02	4.20e-01	4.96e-01	6.67e-17	1.17e-25	1.48e-25
 1.62270e+23	8.44e-17	4.47e-12	9.22e-09	1.75e-06	6.93e-05	1.01e-03	8.65e-02	4.26e-01	4.86e-01	8.44e-17	1.48e-25	1.87e-25
 1.62738e+23	1.05e-16	5.42e-12	1.09e-08	2.01e-06	7.74e-05	1.09e-03	9.05e-02	4.31e-01	4.77e-01	1.05e-16	1.85e-25	2.33e-25
 1.63275e+23	1.42e-16	7.04e-12	1.36e-08	2.43e-06	9.01e-05	1.21e-03	9.62e-02	4.39e-01	4.64e-01	1.42e-16	2.50e-25	3.15e-25
 1.63817e+23	1.77e-16	8.54e-12	1.61e-08	2.79e-06	1.01e-04	1.31e-03	1.01e-01	4.44e-01	4.54e-01	1.77e-16	3.12e-25	3.92e-25
 1.64364e+23	2.38e-16	1.10e-11	2.00e-08	3.36e-06	1.17e-04	1.45e-03	1.07e-01	4.50e-01	4.41e-01	2.38e-16	4.18e-25	5.27e-25
 1.64922e+23	3.01e-16	1.36e-11	2.39e-08	3.90e-06	1.31e-04	1.58e-03	1.12e-01	4.55e-01	4.31e-01	3.01e-16	5.30e-25	6.67e-25
 1.65495e+23	4.08e-16	1.76e-11	3.00e-08	4.72e-06	1.53e-04	1.75e-03	1.19e-01	4.62e-01	4.18e-01	4.08e-16	7.17e-25	9.03e-25
 1.66077e+23	5.20e-16	2.18e-11	3.60e-08	5.50e-06	1.73e-04	1.91e-03	1.25e-01	4.67e-01	4.07e-01	5.20e-16	9.15e-25	1.15e-24
 1.66671e+23	7.13e-16	2.87e-11	4.56e-08	6.71e-06	2.03e-04	2.14e-03	1.32e-01	4.73e-01	3.92e-01	7.13e-16	1.25e-24	1.58e-24
 1.67232e+23	8.77e-16	3.44e-11	5.33e-08	7.65e-06	2.25e-04	2.30e-03	1.38e-01	4.76e-01	3.83e-01	8.77e-16	1.54e-24	1.94e-24
 1.67751e+23	1.16e-15	4.38e-11	6.56e-08	9.12e-06	2.59e-04	2.54e-03	1.46e-01	4.81e-01	3.70e-01	1.16e-15	2.03e-24	2.56e-24
 1.68275e+23	1.42e-15	5.24e-11	7.66e-08	1.04e-05	2.87e-04	2.73e-03	1.51e-01	4.85e-01	3.61e-01	1.42e-15	2.50e-24	3.15e-24
 1.68804e+23	1.88e-15	6.69e-11	9.46e-08	1.24e-05	3.32e-04	3.02e-03	1.60e-01	4.89e-01	3.48e-01	1.88e-15	3.31e-24	4.17e-24
 1.69337e+23	2.33e-15	8.06e-11	1.11e-07	1.42e-05	3.70e-04	3.26e-03	1.67e-01	4.92e-01	3.38e-01	2.33e-15	4.10e-24	5.16e-24
 1.69877e+23	3.09e-15	1.03e-10	1.37e-07	1.71e-05	4.29e-04	3.61e-03	1.76e-01	4.95e-01	3.25e-01	3.09e-15	5.44e-24	6.85e-24
 1.70425e+23	3.84e-15	1.25e-10	1.62e-07	1.96e-05	4.80e-04	3.91e-03	1.83e-01	4.97e-01	3.15e-01	3.84e-15	6.77e-24	8.51e-24
 1.70983e+23	5.12e-15	1.60e-10	2.02e-07	2.36e-05	5.60e-04	4.35e-03	1.94e-01	5.00e-01	3.01e-01	5.12e-15	9.03e-24	1.14e-23
 1.71548e+23	6.39e-15	1.94e-10	2.38e-07	2.73e-05	6.28e-04	4.71e-03	2.02e-01	5.02e-01	2.91e-01	6.39e-15	1.13e-23	1.42e-23
 1.72123e+23	8.53e-15	2.50e-10	2.97e-07	3.29e-05	7.34e-04	5.25e-03	2.14e-01	5.03e-01	2.77e-01	8.53e-15	1.50e-23	1.89e-23
 1.72711e+23	1.07e-14	3.06e-10	3.54e-07	3.83e-05	8.31e-04	5.73e-03	2.23e-01	5.04e-01	2.66e-01	1.07e-14	1.90e-23	2.38e-23
 1.73316e+23	1.44e-14	3.96e-10	4.44e-07	4.67e-05	9.78e-04	6.42e-03	2.36e-01	5.04e-01	2.52e-01	1.44e-14	2.55e-23	3.20e-23
 1.73932e+23	1.82e-14	4.86e-10	5.32e-07	5.45e-05	1.11e-03	7.03e-03	2.47e-01	5.04e-01	2.41e-01	1.82e-14	3.22e-23	4.04e-23
 1.74542e+23	2.41e-14	6.20e-10	6.61e-07	6.59e-05	1.30e-03	7.85e-03	2.61e-01	5.03e-01	2.27e-01	2.41e-14	4.25e-23	5.34e-23
 1.75122e+23	2.93e-14	7.38e-10	7.71e-07	7.54e-05	1.46e-03	8.50e-03	2.71e-01	5.01e-01	2.18e-01	2.93e-14	5.19e-23	6.51e-23
 1.75684e+23	3.77e-14	9.21e-10	9.40e-07	9.00e-05	1.69e-03	9.44e-03	2.84e-01	4.99e-01	2.05e-01	3.77e-14	6.68e-23	8.39e-23
 1.76256e+23	4.59e-14	1.10e-09	1.10e-06	1.03e-04	1.90e-03	1.03e-02	2.96e-01	4.96e-01	1.96e-01	4.59e-14	8.13e-23	1.02e-22
 1.76816e+23	5.77e-14	1.34e-09	1.32e-06	1.22e-04	2.19e-03	1.13e-02	3.09e-01	4.93e-01	1.84e-01	5.77e-14	1.02e-22	1.28e-22
 1.77388e+23	7.00e-14	1.59e-09	1.54e-06	1.40e-04	2.47e-03	1.23e-02	3.21e-01	4.89e-01	1.75e-01	7.00e-14	1.24e-22	1.56e-22
 1.77945e+23	8.58e-14	1.90e-09	1.82e-06	1.63e-04	2.81e-03	1.35e-02	3.35e-01	4.84e-01	1.65e-01	8.58e-14	1.52e-22	1.91e-22
 1.78514e+23	1.03e-13	2.25e-09	2.12e-06	1.88e-04	3.18e-03	1.48e-02	3.48e-01	4.79e-01	1.55e-01	1.03e-13	1.83e-22	2.30e-22
 1.79078e+23	1.24e-13	2.65e-09	2.48e-06	2.16e-04	3.59e-03	1.61e-02	3.61e-01	4.73e-01	1.46e-01	1.24e-13	2.20e-22	2.76e-22
 1.79645e+23	1.47e-13	3.10e-09	2.87e-06	2.48e-04	4.05e-03	1.76e-02	3.74e-01	4.67e-01	1.37e-01	1.47e-13	2.62e-22	3.28e-22
 1.80205e+23	1.74e-13	3.59e-09	3.30e-06	2.83e-04	4.55e-03	1.92e-02	3.88e-01	4.60e-01	1.29e-01	1.74e-13	3.08e-22	3.87e-22
 1.80764e+23	2.03e-13	4.14e-09	3.79e-06	3.22e-04	5.09e-03	2.08e-02	4.01e-01	4.52e-01	1.21e-01	2.03e-13	3.60e-22	4.52e-22
 1.81325e+23	2.35e-13	4.74e-09	4.32e-06	3.65e-04	5.70e-03	2.26e-02	4.14e-01	4.45e-01	1.13e-01	2.35e-13	4.18e-22	5.25e-22
 1.81888e+23	2.71e-13	5.40e-09	4.92e-06	4.13e-04	6.36e-03	2.45e-02	4.26e-01	4.37e-01	1.06e-01	2.71e-13	4.82e-22	6.04e-22
 1.82454e+23	3.10e-13	6.13e-09	5.58e-06	4.67e-04	7.08e-03	2.65e-02	4.39e-01	4.28e-01	9.87e-02	3.10e-13	5.52e-22	6.92e-22
 1.83026e+23	3.53e-13	6.92e-09	6.30e-06	5.26e-04	7.87e-03	2.87e-02	4.52e-01	4.19e-01	9.20e-02	3.53e-13	6.29e-22	7.88e-22
 1.83605e+23	3.99e-13	7.78e-09	7.11e-06	5.93e-04	8.73e-03	3.10e-02	4.64e-01	4.10e-01	8.56e-02	3.99e-13	7.12e-22	8.92e-22
 1.84186e+23	4.49e-13	8.71e-09	7.98e-06	6.65e-04	9.66e-03	3.35e-02	4.77e-01	4.00e-01	7.97e-02	4.49e-13	8.01e-22	1.00e-21
 1.84778e+23	5.03e-13	9.73e-09	8.97e-06	7.47e-04	1.07e-02	3.62e-02	4.89e-01	3.90e-01	7.38e-02	5.03e-13	8.99e-22	1.13e-21
 1.85376e+23	5.60e-13	1.08e-08	1.00e-05	8.35e-04	1.18e-02	3.89e-02	5.00e-01	3.80e-01	6.84e-02	5.60e-13	1.00e-21	1.25e-21
 1.85986e+23	6.23e-13	1.20e-08	1.12e-05	9.37e-04	1.30e-02	4.20e-02	5.12e-01	3.69e-01	6.31e-02	6.23e-13	1.12e-21	1.40e-21
 1.86553e+23	6.78e-13	1.31e-08	1.23e-05	1.03e-03	1.41e-02	4.46e-02	5.21e-01	3.60e-01	5.91e-02	6.78e-13	1.21e-21	1.52e-21
 1.87138e+23	7.49e-13	1.45e-08	1.38e-05	1.15e-03	1.56e-02	4.82e-02	5.33e-01	3.48e-01	5.42e-02	7.49e-13	1.34e-21	1.68e-21
 1.87733e+23	8.13e-13	1.58e-08	1.51e-05	1.27e-03	1.69e-02	5.11e-02	5.41e-01	3.39e-01	5.06e-02	8.13e-13	1.46e-21	1.83e-21
 1.88342e+23	8.92e-13	1.74e-08	1.69e-05	1.42e-03	1.86e-02	5.52e-02	5.52e-01	3.27e-01	4.61e-02	8.92e-13	1.60e-21	2.01e-21
 1.88953e+23	9.68e-13	1.89e-08	1.85e-05	1.56e-03	2.00e-02	5.84e-02	5.59e-01	3.18e-01	4.30e-02	9.68e-13	1.74e-21	2.18e-21
 1.89568e+23	1.06e-12	2.08e-08	2.06e-05	1.74e-03	2.20e-02	6.28e-02	5.69e-01	3.06e-01	3.92e-02	1.06e-12	1.91e-21	2.39e-21
 1.90187e+23	1.14e-12	2.26e-08	2.25e-05	1.90e-03	2.36e-02	6.63e-02	5.75e-01	2.96e-01	3.65e-02	1.14e-12	2.06e-21	2.57e-21
 1.90810e+23	1.25e-12	2.48e-08	2.51e-05	2.13e-03	2.58e-02	7.11e-02	5.83e-01	2.84e-01	3.31e-02	1.25e-12	2.25e-21	2.81e-21
 1.91439e+23	1.34e-12	2.69e-08	2.74e-05	2.32e-03	2.77e-02	7.49e-02	5.89e-01	2.75e-01	3.08e-02	1.34e-12	2.43e-21	3.03e-21
 1.92075e+23	1.46e-12	2.96e-08	3.05e-05	2.60e-03	3.02e-02	8.01e-02	5.96e-01	2.63e-01	2.79e-02	1.46e-12	2.65e-21	3.31e-21
 1.92719e+23	1.57e-12	3.21e-08	3.34e-05	2.84e-03	3.23e-02	8.43e-02	6.00e-01	2.54e-01	2.58e-02	1.57e-12	2.85e-21	3.56e-21
 1.93374e+23	1.71e-12	3.54e-08	3.73e-05	3.17e-03	3.51e-02	9.00e-02	6.06e-01	2.43e-01	2.33e-02	1.71e-12	3.12e-21	3.89e-21
 1.94039e+23	1.85e-12	3.85e-08	4.09e-05	3.47e-03	3.75e-02	9.47e-02	6.09e-01	2.34e-01	2.14e-02	1.85e-12	3.37e-21	4.21e-21
 1.94719e+23	2.03e-12	4.27e-08	4.59e-05	3.89e-03	4.08e-02	1.01e-01	6.13e-01	2.22e-01	1.93e-02	2.03e-12	3.70e-21	4.61e-21
 1.95414e+23	2.20e-12	4.68e-08	5.06e-05	4.26e-03	4.36e-02	1.06e-01	6.15e-01	2.13e-01	1.77e-02	2.20e-12	4.02e-21	5.01e-21
 1.96127e+23	2.42e-12	5.22e-08	5.71e-05	4.79e-03	4.74e-02	1.13e-01	6.18e-01	2.01e-01	1.57e-02	2.42e-12	4.43e-21	5.53e-21
 1.96858e+23	2.65e-12	5.76e-08	6.33e-05	5.27e-03	5.06e-02	1.19e-01	6.19e-01	1.92e-01	1.44e-02	2.65e-12	4.86e-21	6.06e-21
 1.97473e+23	2.86e-12	6.27e-08	6.92e-05	5.73e-03	5.36e-02	1.24e-01	6.19e-01	1.85e-01	1.32e-02	2.86e-12	5.25e-21	6.55e-21
 1.98135e+23	3.14e-12	6.99e-08	7.76e-05	6.37e-03	5.76e-02	1.31e-01	6.19e-01	1.75e-01	1.19e-02	3.14e-12	5.79e-21	7.22e-21
 1.98807e+23	3.42e-12	7.67e-08	8.53e-05	6.93e-03	6.10e-02	1.36e-01	6.18e-01	1.67e-01	1.09e-02	3.42e-12	6.32e-21	7.87e-21
 1.99390e+23	3.69e-12	8.35e-08	9.31e-05	7.50e-03	6.43e-02	1.41e-01	6.16e-01	1.60e-01	1.00e-02	3.69e-12	6.83e-21	8.50e-21
 2.00045e+23	4.06e-12	9.32e-08	1.04e-04	8.31e-03	6.87e-02	1.48e-01	6.14e-01	1.52e-01	9.00e-03	4.06e-12	7.54e-21	9.38e-21
 2.00697e+23	4.45e-12	1.03e-07	1.14e-04	8.99e-03	7.23e-02	1.54e-01	6.11e-01	1.45e-01	8.31e-03	4.45e-12	8.27e-21	1.03e-20
 2.01345e+23	4.92e-12	1.15e-07	1.28e-04	9.93e-03	7.71e-02	1.61e-01	6.08e-01	1.37e-01	7.45e-03	4.92e-12	9.17e-21	1.14e-20
 2.02002e+23	5.42e-12	1.27e-07	1.41e-04	1.08e-02	8.10e-02	1.66e-01	6.04e-01	1.31e-01	6.84e-03	5.42e-12	1.01e-20	1.26e-20
 2.02671e+23	6.05e-12	1.44e-07	1.59e-04	1.19e-02	8.63e-02	1.74e-01	5.99e-01	1.23e-01	6.11e-03	6.05e-12	1.13e-20	1.41e-20
 2.03352e+23	6.74e-12	1.60e-07	1.76e-04	1.29e-02	9.08e-02	1.79e-01	5.94e-01	1.17e-01	5.59e-03	6.74e-12	1.27e-20	1.57e-20
 2.04049e+23	7.58e-12	1.82e-07	2.00e-04	1.43e-02	9.67e-02	1.87e-01	5.87e-01	1.10e-01	4.95e-03	7.58e-12	1.43e-20	1.77e-20
 2.04755e+23	8.53e-12	2.05e-07	2.22e-04	1.56e-02	1.02e-01	1.93e-01	5.81e-01	1.04e-01	4.52e-03	8.53e-12	1.61e-20	2.00e-20
 2.05476e+23	9.69e-12	2.36e-07	2.53e-04	1.73e-02	1.08e-01	2.01e-01	5.72e-01	9.71e-02	3.98e-03	9.69e-12	1.84e-20	2.28e-20
 2.06212e+23	1.10e-11	2.67e-07	2.83e-04	1.88e-02	1.14e-01	2.07e-01	5.65e-01	9.18e-02	3.60e-03	1.10e-11	2.09e-20	2.60e-20
 2.06969e+23	1.27e-11	3.12e-07	3.25e-04	2.10e-02	1.21e-01	2.15e-01	5.54e-01	8.50e-02	3.15e-03	1.27e-11	2.43e-20	3.01e-20
 2.07745e+23	1.46e-11	3.56e-07	3.65e-04	2.29e-02	1.27e-01	2.21e-01	5.45e-01	7.98e-02	2.83e-03	1.46e-11	2.79e-20	3.46e-20
 2.08547e+23	1.72e-11	4.23e-07	4.24e-04	2.57e-02	1.36e-01	2.30e-01	5.33e-01	7.34e-02	2.45e-03	1.72e-11	3.32e-20	4.11e-20
 2.09357e+23	1.99e-11	4.87e-07	4.79e-04	2.81e-02	1.43e-01	2.36e-01	5.22e-01	6.87e-02	2.19e-03	1.99e-11	3.86e-20	4.78e-20
 2.10180e+23	2.38e-11	5.82e-07	5.58e-04	3.14e-02	1.52e-01	2.44e-01	5.08e-01	6.28e-02	1.88e-03	2.38e-11	4.64e-20	5.74e-20
 2.11012e+23	2.79e-11	6.75e-07	6.31e-04	3.43e-02	1.59e-01	2.49e-01	4.96e-01	5.86e-02	1.68e-03	2.79e-11	5.45e-20	6.75e-20
 2.11856e+23	3.38e-11	8.15e-07	7.39e-04	3.84e-02	1.69e-01	2.56e-01	4.81e-01	5.33e-02	1.43e-03	3.38e-11	6.65e-20	8.22e-20
 2.12680e+23	3.94e-11	9.40e-07	8.30e-04	4.17e-02	1.76e-01	2.61e-01	4.69e-01	4.97e-02	1.28e-03	3.94e-11	7.79e-20	9.62e-20
 2.13476e+23	4.76e-11	1.12e-06	9.63e-04	4.62e-02	1.86e-01	2.67e-01	4.53e-01	4.53e-02	1.10e-03	4.76e-11	9.46e-20	1.17e-19
 2.14302e+23	5.65e-11	1.31e-06	1.09e-03	5.03e-02	1.94e-01	2.71e-01	4.40e-01	4.19e-02	9.71e-04	5.65e-11	1.13e-19	1.39e-19
 2.15009e+23	6.55e-11	1.50e-06	1.21e-03	5.42e-02	2.02e-01	2.75e-01	4.28e-01	3.91e-02	8.68e-04	6.55e-11	1.31e-19	1.62e-19
 2.15768e+23	7.90e-11	1.79e-06	1.40e-03	5.95e-02	2.11e-01	2.79e-01	4.12e-01	3.56e-02	7.49e-04	7.90e-11	1.60e-19	1.97e-19
 2.16528e+23	9.20e-11	2.05e-06	1.56e-03	6.40e-02	2.19e-01	2.82e-01	4.00e-01	3.31e-02	6.67e-04	9.20e-11	1.87e-19	2.30e-19
 2.17289e+23	1.12e-10	2.44e-06	1.78e-03	7.00e-02	2.28e-01	2.85e-01	3.84e-01	3.02e-02	5.76e-04	1.12e-10	2.29e-19	2.81e-19
 2.18081e+23	1.32e-10	2.84e-06	2.01e-03	7.57e-02	2.37e-01	2.88e-01	3.70e-01	2.77e-02	5.04e-04	1.32e-10	2.73e-19	3.35e-19
 2.18788e+23	1.56e-10	3.28e-06	2.24e-03	8.12e-02	2.44e-01	2.89e-01	3.57e-01	2.56e-02	4.46e-04	1.56e-10	3.23e-19	3.98e-19
 2.19582e+23	1.92e-10	3.92e-06	2.57e-03	8.87e-02	2.54e-01	2.91e-01	3.40e-01	2.31e-02	3.81e-04	1.92e-10	4.01e-19	4.93e-19
 2.20419e+23	2.32e-10	4.62e-06	2.91e-03	9.60e-02	2.63e-01	2.92e-01	3.25e-01	2.10e-02	3.29e-04	2.32e-10	4.88e-19	6.00e-19
 2.21180e+23	2.78e-10	5.38e-06	3.26e-03	1.03e-01	2.71e-01	2.92e-01	3.11e-01	1.91e-02	2.87e-04	2.78e-10	5.89e-19	7.23e-19
 2.22040e+23	3.49e-10	6.52e-06	3.76e-03	1.13e-01	2.81e-01	2.91e-01	2.94e-01	1.70e-02	2.41e-04	3.49e-10	7.48e-19	9.17e-19
 2.22925e+23	4.27e-10	7.71e-06	4.27e-03	1.22e-01	2.90e-01	2.90e-01	2.79e-01	1.53e-02	2.05e-04	4.27e-10	9.22e-19	1.13e-18
 2.23711e+23	5.16e-10	9.02e-06	4.79e-03	1.31e-01	2.97e-01	2.89e-01	2.65e-01	1.38e-02	1.77e-04	5.16e-10	1.12e-18	1.38e-18
 2.24601e+23	6.56e-10	1.10e-05	5.53e-03	1.42e-01	3.07e-01	2.86e-01	2.47e-01	1.22e-02	1.47e-04	6.56e-10	1.45e-18	1.77e-18
 2.25523e+23	8.12e-10	1.30e-05	6.27e-03	1.53e-01	3.14e-01	2.83e-01	2.32e-01	1.08e-02	1.23e-04	8.12e-10	1.81e-18	2.21e-18
 2.26350e+23	9.94e-10	1.53e-05	7.04e-03	1.64e-01	3.21e-01	2.79e-01	2.19e-01	9.67e-03	1.05e-04	9.94e-10	2.23e-18	2.73e-18
 2.27288e+23	1.29e-09	1.88e-05	8.16e-03	1.78e-01	3.29e-01	2.74e-01	2.02e-01	8.36e-03	8.48e-05	1.29e-09	2.94e-18	3.58e-18
 2.28255e+23	1.61e-09	2.24e-05	9.23e-03	1.91e-01	3.36e-01	2.68e-01	1.88e-01	7.36e-03	7.06e-05	1.61e-09	3.71e-18	4.52e-18
 2.29262e+23	2.13e-09	2.78e-05	1.07e-02	2.08e-01	3.43e-01	2.61e-01	1.71e-01	6.25e-03	5.59e-05	2.13e-09	4.98e-18	6.06e-18
 2.30280e+23	2.67e-09	3.32e-05	1.21e-02	2.22e-01	3.48e-01	2.54e-01	1.58e-01	5.44e-03	4.60e-05	2.67e-09	6.33e-18	7.71e-18
 2.31177e+23	3.34e-09	3.93e-05	1.37e-02	2.36e-01	3.52e-01	2.47e-01	1.46e-01	4.75e-03	3.80e-05	3.34e-09	8.02e-18	9.75e-18
 2.32205e+23	4.45e-09	4.88e-05	1.58e-02	2.55e-01	3.56e-01	2.37e-01	1.32e-01	3.97e-03	2.95e-05	4.45e-09	1.09e-17	1.32e-17
 2.33245e+23	5.61e-09	5.81e-05	1.78e-02	2.71e-01	3.58e-01	2.29e-01	1.21e-01	3.42e-03	2.40e-05	5.61e-09	1.39e-17	1.69e-17
 2.34301e+23	7.50e-09	7.20e-05	2.06e-02	2.91e-01	3.60e-01	2.18e-01	1.07e-01	2.83e-03	1.85e-05	7.50e-09	1.90e-17	2.30e-17
 2.35374e+23	9.53e-09	8.58e-05	2.31e-02	3.08e-01	3.60e-01	2.09e-01	9.75e-02	2.41e-03	1.48e-05	9.53e-09	2.46e-17	2.97e-17
 2.36467e+23	1.29e-08	1.07e-04	2.67e-02	3.29e-01	3.59e-01	1.97e-01	8.58e-02	1.96e-03	1.11e-05	1.29e-08	3.40e-17	4.11e-17
 2.37571e+23	1.64e-08	1.27e-04	2.99e-02	3.46e-01	3.58e-01	1.87e-01	7.72e-02	1.66e-03	8.83e-06	1.64e-08	4.40e-17	5.32e-17
 2.38690e+23	2.23e-08	1.59e-04	3.45e-02	3.68e-01	3.54e-01	1.75e-01	6.71e-02	1.33e-03	6.53e-06	2.23e-08	6.15e-17	7.42e-17
 2.39819e+23	2.84e-08	1.88e-04	3.84e-02	3.85e-01	3.50e-01	1.65e-01	5.99e-02	1.11e-03	5.13e-06	2.84e-08	7.99e-17	9.64e-17
 2.40962e+23	3.87e-08	2.34e-04	4.41e-02	4.07e-01	3.44e-01	1.52e-01	5.16e-02	8.80e-04	3.74e-06	3.87e-08	1.12e-16	1.35e-16
 2.42121e+23	4.95e-08	2.78e-04	4.90e-02	4.24e-01	3.38e-01	1.42e-01	4.56e-02	7.27e-04	2.90e-06	4.95e-08	1.47e-16	1.77e-16
 2.43126e+23	6.25e-08	3.27e-04	5.42e-02	4.40e-01	3.31e-01	1.33e-01	4.04e-02	6.05e-04	2.26e-06	6.25e-08	1.89e-16	2.28e-16
 2.44258e+23	8.44e-08	4.02e-04	6.14e-02	4.60e-01	3.22e-01	1.22e-01	3.45e-02	4.74e-04	1.63e-06	8.44e-08	2.64e-16	3.17e-16
 2.45339e+23	1.03e-07	4.62e-04	6.68e-02	4.73e-01	3.15e-01	1.14e-01	3.08e-02	4.00e-04	1.30e-06	1.03e-07	3.30e-16	3.97e-16
 2.46355e+23	1.35e-07	5.55e-04	7.45e-02	4.89e-01	3.05e-01	1.04e-01	2.65e-02	3.19e-04	9.62e-07	1.35e-07	4.44e-16	5.34e-16
 2.47388e+23	1.67e-07	6.39e-04	8.09e-02	5.01e-01	2.97e-01	9.70e-02	2.35e-02	2.66e-04	7.57e-07	1.67e-07	5.60e-16	6.72e-16
 2.48443e+23	2.18e-07	7.65e-04	8.99e-02	5.15e-01	2.86e-01	8.81e-02	2.01e-02	2.10e-04	5.54e-07	2.18e-07	7.54e-16	9.04e-16
 2.49508e+23	2.70e-07	8.85e-04	9.76e-02	5.26e-01	2.76e-01	8.13e-02	1.76e-02	1.73e-04	4.28e-07	2.70e-07	9.58e-16	1.15e-15
 2.50589e+23	3.53e-07	1.06e-03	1.08e-01	5.38e-01	2.64e-01	7.32e-02	1.49e-02	1.35e-04	3.09e-07	3.53e-07	1.29e-15	1.55e-15
 2.51680e+23	4.37e-07	1.22e-03	1.17e-01	5.47e-01	2.54e-01	6.71e-02	1.30e-02	1.10e-04	2.37e-07	4.37e-07	1.65e-15	1.97e-15
 2.52640e+23	5.39e-07	1.40e-03	1.26e-01	5.55e-01	2.44e-01	6.15e-02	1.13e-02	8.99e-05	1.82e-07	5.39e-07	2.08e-15	2.49e-15
 2.53743e+23	7.03e-07	1.67e-03	1.39e-01	5.63e-01	2.31e-01	5.48e-02	9.49e-03	6.93e-05	1.29e-07	7.03e-07	2.81e-15	3.36e-15
 2.54864e+23	8.74e-07	1.93e-03	1.50e-01	5.69e-01	2.21e-01	4.97e-02	8.17e-03	5.56e-05	0.00e+00	8.74e-07	3.60e-15	4.29e-15
 2.55762e+23	1.04e-06	2.17e-03	1.60e-01	5.73e-01	2.12e-01	4.57e-02	7.22e-03	4.64e-05	0.00e+00	1.04e-06	4.39e-15	5.23e-15
