#depth	O	O+	O+2	O+3	O+4	O+5	O+6	O+7	O+8	O[1]	O[2]	O[3]
 4.62852e+21	7.27e-16	2.11e-10	2.29e-06	1.14e-03	3.02e-02	1.54e-01	7.69e-01	4.51e-02	5.01e-04	7.27e-16	1.63e-26	1.76e-26
 1.03855e+22	3.02e-15	8.47e-10	7.47e-06	2.76e-03	5.20e-02	2.11e-01	7.06e-01	2.79e-02	2.09e-04	3.02e-15	4.94e-25	5.94e-25
 1.20783e+22	6.43e-15	1.74e-09	1.35e-05	4.25e-03	6.72e-02	2.42e-01	6.65e-01	2.17e-02	1.34e-04	6.43e-15	1.08e-24	1.30e-24
 1.29893e+22	1.03e-14	2.72e-09	1.94e-05	5.51e-03	7.82e-02	2.60e-01	6.37e-01	1.84e-02	1.02e-04	1.03e-14	1.78e-24	2.13e-24
 1.34673e+22	1.25e-14	3.24e-09	2.23e-05	6.10e-03	8.30e-02	2.68e-01	6.26e-01	1.73e-02	9.09e-05	1.25e-14	2.16e-24	2.59e-24
 1.37251e+22	1.50e-14	3.85e-09	2.56e-05	6.73e-03	8.78e-02	2.75e-01	6.14e-01	1.62e-02	8.14e-05	1.50e-14	2.63e-24	3.15e-24
 1.40159e+22	1.87e-14	4.71e-09	3.01e-05	7.53e-03	9.37e-02	2.84e-01	6.00e-01	1.50e-02	7.18e-05	1.87e-14	3.30e-24	3.95e-24
 1.43244e+22	2.28e-14	5.64e-09	3.47e-05	8.33e-03	9.93e-02	2.91e-01	5.88e-01	1.41e-02	6.42e-05	2.28e-14	4.07e-24	4.87e-24
 1.46556e+22	2.98e-14	7.20e-09	4.21e-05	9.54e-03	1.07e-01	3.00e-01	5.70e-01	1.28e-02	5.49e-05	2.98e-14	5.39e-24	6.44e-24
 1.49785e+22	3.63e-14	8.62e-09	4.85e-05	1.05e-02	1.13e-01	3.08e-01	5.56e-01	1.19e-02	4.88e-05	3.63e-14	6.64e-24	7.92e-24
 1.52907e+22	4.63e-14	1.07e-08	5.77e-05	1.19e-02	1.21e-01	3.16e-01	5.40e-01	1.09e-02	4.23e-05	4.63e-14	8.58e-24	1.02e-23
 1.56174e+22	5.78e-14	1.31e-08	6.73e-05	1.32e-02	1.29e-01	3.23e-01	5.25e-01	1.01e-02	3.71e-05	5.78e-14	1.09e-23	1.29e-23
 1.59166e+22	7.16e-14	1.59e-08	7.82e-05	1.46e-02	1.36e-01	3.30e-01	5.10e-01	9.34e-03	3.27e-05	7.16e-14	1.36e-23	1.62e-23
 1.62591e+22	9.47e-14	2.03e-08	9.47e-05	1.67e-02	1.46e-01	3.38e-01	4.90e-01	8.43e-03	2.77e-05	9.47e-14	1.83e-23	2.17e-23
 1.66055e+22	1.18e-13	2.47e-08	1.10e-04	1.85e-02	1.55e-01	3.44e-01	4.75e-01	7.76e-03	2.42e-05	1.18e-13	2.32e-23	2.76e-23
 1.69570e+22	1.57e-13	3.16e-08	1.33e-04	2.11e-02	1.66e-01	3.51e-01	4.55e-01	6.98e-03	2.04e-05	1.57e-13	3.13e-23	3.71e-23
 1.73161e+22	2.00e-13	3.91e-08	1.57e-04	2.35e-02	1.76e-01	3.57e-01	4.37e-01	6.35e-03	1.76e-05	2.00e-13	4.05e-23	4.80e-23
 1.76314e+22	2.51e-13	4.75e-08	1.82e-04	2.60e-02	1.85e-01	3.62e-01	4.21e-01	5.81e-03	1.53e-05	2.51e-13	5.15e-23	6.11e-23
 1.79878e+22	3.34e-13	6.07e-08	2.19e-04	2.94e-02	1.97e-01	3.67e-01	4.01e-01	5.19e-03	1.28e-05	3.34e-13	7.00e-23	8.29e-23
 1.83568e+22	4.29e-13	7.52e-08	2.58e-04	3.28e-02	2.08e-01	3.71e-01	3.83e-01	4.69e-03	1.10e-05	4.29e-13	9.14e-23	1.08e-22
 1.86879e+22	5.44e-13	9.21e-08	3.01e-04	3.62e-02	2.19e-01	3.74e-01	3.66e-01	4.25e-03	9.42e-06	5.44e-13	1.18e-22	1.40e-22
 1.90641e+22	7.37e-13	1.19e-07	3.64e-04	4.11e-02	2.33e-01	3.77e-01	3.45e-01	3.74e-03	7.76e-06	7.37e-13	1.64e-22	1.93e-22
 1.94509e+22	9.56e-13	1.48e-07	4.29e-04	4.57e-02	2.45e-01	3.79e-01	3.27e-01	3.34e-03	6.54e-06	9.56e-13	2.17e-22	2.55e-22
 1.97957e+22	1.23e-12	1.82e-07	5.01e-04	5.05e-02	2.57e-01	3.79e-01	3.10e-01	2.99e-03	5.54e-06	1.23e-12	2.83e-22	3.34e-22
 2.01227e+22	1.55e-12	2.21e-07	5.78e-04	5.53e-02	2.68e-01	3.79e-01	2.94e-01	2.70e-03	4.74e-06	1.55e-12	3.64e-22	4.29e-22
 2.04822e+22	2.05e-12	2.78e-07	6.86e-04	6.17e-02	2.81e-01	3.78e-01	2.76e-01	2.37e-03	3.92e-06	2.05e-12	4.95e-22	5.83e-22
 2.08573e+22	2.63e-12	3.42e-07	7.98e-04	6.79e-02	2.93e-01	3.77e-01	2.59e-01	2.11e-03	3.29e-06	2.63e-12	6.51e-22	7.65e-22
 2.11976e+22	3.36e-12	4.16e-07	9.22e-04	7.43e-02	3.04e-01	3.74e-01	2.44e-01	1.88e-03	2.78e-06	3.36e-12	8.48e-22	9.96e-22
 2.15848e+22	4.57e-12	5.35e-07	1.11e-03	8.32e-02	3.19e-01	3.70e-01	2.25e-01	1.62e-03	2.23e-06	4.57e-12	1.19e-21	1.40e-21
 2.19847e+22	5.97e-12	6.62e-07	1.29e-03	9.15e-02	3.31e-01	3.66e-01	2.09e-01	1.41e-03	1.83e-06	5.97e-12	1.59e-21	1.86e-21
 2.23150e+22	7.41e-12	7.88e-07	1.46e-03	9.87e-02	3.40e-01	3.61e-01	1.97e-01	1.27e-03	1.56e-06	7.41e-12	2.02e-21	2.36e-21
 2.26584e+22	9.71e-12	9.76e-07	1.71e-03	1.08e-01	3.52e-01	3.55e-01	1.82e-01	1.10e-03	1.28e-06	9.71e-12	2.72e-21	3.18e-21
 2.30154e+22	1.23e-11	1.17e-06	1.95e-03	1.17e-01	3.62e-01	3.49e-01	1.70e-01	9.71e-04	1.07e-06	1.23e-11	3.52e-21	4.12e-21
 2.33901e+22	1.64e-11	1.47e-06	2.29e-03	1.29e-01	3.73e-01	3.40e-01	1.55e-01	8.29e-04	8.54e-07	1.64e-11	4.85e-21	5.67e-21
 2.37728e+22	2.10e-11	1.79e-06	2.63e-03	1.40e-01	3.82e-01	3.32e-01	1.43e-01	7.21e-04	6.99e-07	2.10e-11	6.40e-21	7.48e-21
 2.40984e+22	2.62e-11	2.12e-06	2.96e-03	1.49e-01	3.90e-01	3.24e-01	1.33e-01	6.36e-04	5.86e-07	2.62e-11	8.16e-21	9.53e-21
 2.44540e+22	3.43e-11	2.61e-06	3.43e-03	1.62e-01	3.99e-01	3.14e-01	1.21e-01	5.44e-04	4.71e-07	3.43e-11	1.11e-20	1.29e-20
 2.48226e+22	4.35e-11	3.13e-06	3.89e-03	1.74e-01	4.05e-01	3.05e-01	1.11e-01	4.72e-04	3.86e-07	4.35e-11	1.44e-20	1.68e-20
 2.51552e+22	5.46e-11	3.72e-06	4.38e-03	1.86e-01	4.11e-01	2.96e-01	1.02e-01	4.11e-04	3.19e-07	5.46e-11	1.86e-20	2.17e-20
 2.55345e+22	7.35e-11	4.66e-06	5.12e-03	2.02e-01	4.18e-01	2.83e-01	9.12e-02	3.42e-04	2.47e-07	7.35e-11	2.59e-20	3.03e-20
 2.59147e+22	9.24e-11	5.54e-06	5.76e-03	2.15e-01	4.22e-01	2.73e-01	8.34e-02	2.96e-04	2.02e-07	9.24e-11	3.36e-20	3.91e-20
 2.62959e+22	1.23e-10	6.84e-06	6.64e-03	2.32e-01	4.26e-01	2.60e-01	7.43e-02	2.46e-04	1.58e-07	1.23e-10	4.63e-20	5.40e-20
 2.66895e+22	1.58e-10	8.24e-06	7.53e-03	2.47e-01	4.29e-01	2.49e-01	6.69e-02	2.09e-04	1.25e-07	1.58e-10	6.15e-20	7.16e-20
 2.70396e+22	1.99e-10	9.77e-06	8.44e-03	2.62e-01	4.30e-01	2.38e-01	6.06e-02	1.78e-04	0.00e+00	1.99e-10	8.00e-20	9.32e-20
 2.74351e+22	2.65e-10	1.21e-05	9.72e-03	2.81e-01	4.31e-01	2.24e-01	5.33e-02	1.46e-04	0.00e+00	2.65e-10	1.12e-19	1.30e-19
 2.78454e+22	3.44e-10	1.46e-05	1.10e-02	2.98e-01	4.31e-01	2.12e-01	4.74e-02	1.22e-04	0.00e+00	3.44e-10	1.50e-19	1.74e-19
 2.82132e+22	4.37e-10	1.73e-05	1.23e-02	3.15e-01	4.29e-01	2.01e-01	4.24e-02	1.02e-04	0.00e+00	4.37e-10	1.97e-19	2.29e-19
 2.86295e+22	5.93e-10	2.16e-05	1.42e-02	3.36e-01	4.26e-01	1.87e-01	3.66e-02	8.17e-05	0.00e+00	5.93e-10	2.81e-19	3.26e-19
 2.90598e+22	7.69e-10	2.60e-05	1.60e-02	3.55e-01	4.22e-01	1.75e-01	3.21e-02	6.72e-05	0.00e+00	7.69e-10	3.79e-19	4.41e-19
 2.95082e+22	1.07e-09	3.28e-05	1.86e-02	3.79e-01	4.15e-01	1.60e-01	2.71e-02	5.21e-05	0.00e+00	1.07e-09	5.55e-19	6.46e-19
 2.99572e+22	1.38e-09	3.92e-05	2.08e-02	3.97e-01	4.09e-01	1.49e-01	2.38e-02	4.27e-05	0.00e+00	1.38e-09	7.44e-19	8.66e-19
 3.03204e+22	1.71e-09	4.55e-05	2.28e-02	4.12e-01	4.03e-01	1.40e-01	2.12e-02	3.60e-05	0.00e+00	1.71e-09	9.55e-19	1.11e-18
 3.07059e+22	2.25e-09	5.52e-05	2.57e-02	4.32e-01	3.95e-01	1.29e-01	1.82e-02	2.87e-05	0.00e+00	2.25e-09	1.32e-18	1.54e-18
 3.11337e+22	2.94e-09	6.63e-05	2.88e-02	4.51e-01	3.85e-01	1.19e-01	1.56e-02	2.30e-05	0.00e+00	2.94e-09	1.81e-18	2.10e-18
 3.15100e+22	3.62e-09	7.65e-05	3.14e-02	4.66e-01	3.78e-01	1.11e-01	1.39e-02	1.92e-05	0.00e+00	3.62e-09	2.31e-18	2.69e-18
 3.18927e+22	4.75e-09	9.20e-05	3.51e-02	4.85e-01	3.67e-01	1.01e-01	1.18e-02	1.52e-05	0.00e+00	4.75e-09	3.18e-18	3.70e-18
 3.22773e+22	5.85e-09	1.06e-04	3.82e-02	4.99e-01	3.58e-01	9.42e-02	1.04e-02	1.27e-05	0.00e+00	5.85e-09	4.07e-18	4.74e-18
 3.26642e+22	7.64e-09	1.27e-04	4.24e-02	5.17e-01	3.46e-01	8.55e-02	8.85e-03	1.00e-05	0.00e+00	7.64e-09	5.59e-18	6.51e-18
 3.30544e+22	9.46e-09	1.46e-04	4.62e-02	5.31e-01	3.36e-01	7.90e-02	7.74e-03	8.25e-06	0.00e+00	9.46e-09	7.21e-18	8.40e-18
 3.33963e+22	1.16e-08	1.68e-04	5.00e-02	5.44e-01	3.26e-01	7.30e-02	6.78e-03	6.83e-06	0.00e+00	1.16e-08	9.23e-18	1.08e-17
 3.37883e+22	1.51e-08	1.99e-04	5.52e-02	5.59e-01	3.14e-01	6.59e-02	5.74e-03	5.37e-06	0.00e+00	1.51e-08	1.26e-17	1.47e-17
 3.41862e+22	1.88e-08	2.31e-04	6.00e-02	5.72e-01	3.03e-01	6.03e-02	4.96e-03	4.35e-06	0.00e+00	1.88e-08	1.64e-17	1.91e-17
 3.45321e+22	2.30e-08	2.63e-04	6.47e-02	5.83e-01	2.92e-01	5.55e-02	4.33e-03	3.59e-06	0.00e+00	2.30e-08	2.09e-17	2.44e-17
 3.49221e+22	2.95e-08	3.10e-04	7.09e-02	5.96e-01	2.80e-01	4.98e-02	3.65e-03	2.82e-06	0.00e+00	2.95e-08	2.84e-17	3.31e-17
 3.53264e+22	3.68e-08	3.58e-04	7.68e-02	6.06e-01	2.68e-01	4.52e-02	3.13e-03	2.26e-06	0.00e+00	3.68e-08	3.70e-17	4.32e-17
 3.56880e+22	4.52e-08	4.08e-04	8.26e-02	6.16e-01	2.57e-01	4.13e-02	2.71e-03	1.84e-06	0.00e+00	4.52e-08	4.76e-17	5.55e-17
 3.60969e+22	5.85e-08	4.82e-04	9.04e-02	6.26e-01	2.44e-01	3.66e-02	2.25e-03	1.42e-06	0.00e+00	5.85e-08	6.52e-17	7.62e-17
 3.65199e+22	7.31e-08	5.56e-04	9.76e-02	6.34e-01	2.33e-01	3.30e-02	1.91e-03	1.13e-06	0.00e+00	7.31e-08	8.56e-17	1.00e-16
 3.69006e+22	9.04e-08	6.37e-04	1.05e-01	6.41e-01	2.22e-01	2.98e-02	1.63e-03	9.05e-07	0.00e+00	9.04e-08	1.11e-16	1.30e-16
 3.73349e+22	1.19e-07	7.58e-04	1.15e-01	6.49e-01	2.08e-01	2.59e-02	1.33e-03	6.77e-07	0.00e+00	1.19e-07	1.56e-16	1.82e-16
 3.77725e+22	1.47e-07	8.68e-04	1.23e-01	6.54e-01	1.98e-01	2.33e-02	1.13e-03	5.38e-07	0.00e+00	1.47e-07	2.03e-16	2.37e-16
 3.82142e+22	1.93e-07	1.03e-03	1.35e-01	6.58e-01	1.85e-01	2.02e-02	9.15e-04	4.02e-07	0.00e+00	1.93e-07	2.83e-16	3.31e-16
 3.86659e+22	2.40e-07	1.18e-03	1.44e-01	6.61e-01	1.75e-01	1.80e-02	7.72e-04	3.17e-07	0.00e+00	2.40e-07	3.70e-16	4.32e-16
 3.90491e+22	2.93e-07	1.34e-03	1.54e-01	6.63e-01	1.65e-01	1.61e-02	6.57e-04	2.53e-07	0.00e+00	2.93e-07	4.74e-16	5.54e-16
 3.94060e+22	3.54e-07	1.50e-03	1.63e-01	6.63e-01	1.57e-01	1.45e-02	5.63e-04	2.04e-07	0.00e+00	3.54e-07	5.99e-16	7.01e-16
 3.98104e+22	4.45e-07	1.73e-03	1.75e-01	6.63e-01	1.47e-01	1.27e-02	4.67e-04	1.58e-07	0.00e+00	4.45e-07	7.98e-16	9.34e-16
 4.02301e+22	5.51e-07	1.98e-03	1.87e-01	6.62e-01	1.38e-01	1.12e-02	3.91e-04	1.23e-07	0.00e+00	5.51e-07	1.04e-15	1.22e-15
 4.05949e+22	6.62e-07	2.21e-03	1.97e-01	6.60e-01	1.30e-01	1.01e-02	3.35e-04	0.00e+00	0.00e+00	6.62e-07	1.30e-15	1.53e-15
 4.09939e+22	8.26e-07	2.54e-03	2.10e-01	6.56e-01	1.22e-01	8.83e-03	2.77e-04	0.00e+00	0.00e+00	8.26e-07	1.73e-15	2.02e-15
 4.14139e+22	1.02e-06	2.89e-03	2.24e-01	6.52e-01	1.14e-01	7.74e-03	2.31e-04	0.00e+00	0.00e+00	1.02e-06	2.24e-15	2.63e-15
 4.17875e+22	1.23e-06	3.23e-03	2.36e-01	6.47e-01	1.07e-01	6.90e-03	1.97e-04	0.00e+00	0.00e+00	1.23e-06	2.82e-15	3.30e-15
 4.21995e+22	1.53e-06	3.70e-03	2.51e-01	6.40e-01	9.91e-02	5.98e-03	1.61e-04	0.00e+00	0.00e+00	1.53e-06	3.75e-15	4.39e-15
 4.26314e+22	1.88e-06	4.20e-03	2.65e-01	6.33e-01	9.22e-02	5.22e-03	1.34e-04	0.00e+00	0.00e+00	1.88e-06	4.86e-15	5.68e-15
 4.30199e+22	2.28e-06	4.72e-03	2.80e-01	6.25e-01	8.59e-02	4.58e-03	1.12e-04	0.00e+00	0.00e+00	2.28e-06	6.20e-15	7.25e-15
 4.34557e+22	2.88e-06	5.43e-03	2.97e-01	6.14e-01	7.89e-02	3.91e-03	9.07e-05	0.00e+00	0.00e+00	2.88e-06	8.34e-15	9.74e-15
 4.39059e+22	3.53e-06	6.15e-03	3.14e-01	6.04e-01	7.28e-02	3.38e-03	7.46e-05	0.00e+00	0.00e+00	3.53e-06	1.08e-14	1.26e-14
 4.43042e+22	4.30e-06	6.93e-03	3.30e-01	5.93e-01	6.73e-02	2.94e-03	6.18e-05	0.00e+00	0.00e+00	4.30e-06	1.39e-14	1.62e-14
 4.47510e+22	5.48e-06	8.02e-03	3.51e-01	5.78e-01	6.09e-02	2.46e-03	4.88e-05	0.00e+00	0.00e+00	5.48e-06	1.89e-14	2.21e-14
 4.52052e+22	6.66e-06	9.02e-03	3.68e-01	5.65e-01	5.60e-02	2.12e-03	4.02e-05	0.00e+00	0.00e+00	6.66e-06	2.43e-14	2.83e-14
 4.54572e+22	6.97e-06	9.26e-03	3.72e-01	5.61e-01	5.49e-02	2.04e-03	3.84e-05	0.00e+00	0.00e+00	6.97e-06	2.57e-14	3.00e-14
 4.55731e+22	7.45e-06	9.64e-03	3.79e-01	5.57e-01	5.33e-02	1.94e-03	3.58e-05	0.00e+00	0.00e+00	7.45e-06	2.80e-14	3.27e-14
 4.57238e+22	8.07e-06	1.01e-02	3.86e-01	5.51e-01	5.14e-02	1.82e-03	3.30e-05	0.00e+00	0.00e+00	8.07e-06	3.10e-14	3.62e-14
 4.59197e+22	8.89e-06	1.07e-02	3.95e-01	5.44e-01	4.93e-02	1.69e-03	3.00e-05	0.00e+00	0.00e+00	8.89e-06	3.52e-14	4.11e-14
 4.61744e+22	1.01e-05	1.16e-02	4.07e-01	5.33e-01	4.64e-02	1.52e-03	2.62e-05	0.00e+00	0.00e+00	1.01e-05	4.17e-14	4.87e-14
 4.65054e+22	1.21e-05	1.29e-02	4.24e-01	5.19e-01	4.26e-02	1.32e-03	2.17e-05	0.00e+00	0.00e+00	1.21e-05	5.24e-14	6.12e-14
 4.69358e+22	1.51e-05	1.47e-02	4.45e-01	5.00e-01	3.84e-02	1.10e-03	1.72e-05	0.00e+00	0.00e+00	1.51e-05	6.95e-14	8.12e-14
 4.74028e+22	1.84e-05	1.66e-02	4.65e-01	4.83e-01	3.47e-02	9.24e-04	1.38e-05	0.00e+00	0.00e+00	1.84e-05	8.98e-14	1.05e-13
 4.79173e+22	2.40e-05	1.94e-02	4.91e-01	4.58e-01	3.02e-02	7.31e-04	1.03e-05	0.00e+00	0.00e+00	2.40e-05	1.26e-13	1.48e-13
 4.84018e+22	2.86e-05	2.15e-02	5.09e-01	4.41e-01	2.74e-02	6.22e-04	8.42e-06	0.00e+00	0.00e+00	2.86e-05	1.58e-13	1.85e-13
 4.88474e+22	3.56e-05	2.45e-02	5.31e-01	4.20e-01	2.43e-02	5.08e-04	6.54e-06	0.00e+00	0.00e+00	3.56e-05	2.10e-13	2.45e-13
 4.93108e+22	4.27e-05	2.73e-02	5.49e-01	4.01e-01	2.18e-02	4.26e-04	5.26e-06	0.00e+00	0.00e+00	4.27e-05	2.68e-13	3.12e-13
 4.97972e+22	5.46e-05	3.15e-02	5.73e-01	3.76e-01	1.88e-02	3.35e-04	3.91e-06	0.00e+00	0.00e+00	5.46e-05	3.68e-13	4.28e-13
 5.02174e+22	6.19e-05	3.39e-02	5.86e-01	3.62e-01	1.74e-02	2.94e-04	3.34e-06	0.00e+00	0.00e+00	6.19e-05	4.34e-13	5.04e-13
 5.05516e+22	7.25e-05	3.72e-02	6.01e-01	3.46e-01	1.57e-02	2.50e-04	2.74e-06	0.00e+00	0.00e+00	7.25e-05	5.35e-13	6.21e-13
 5.09033e+22	8.33e-05	4.04e-02	6.14e-01	3.31e-01	1.43e-02	2.16e-04	2.29e-06	0.00e+00	0.00e+00	8.33e-05	6.43e-13	7.44e-13
 5.12777e+22	9.89e-05	4.47e-02	6.29e-01	3.13e-01	1.27e-02	1.79e-04	1.83e-06	0.00e+00	0.00e+00	9.89e-05	8.09e-13	9.35e-13
 5.16551e+22	1.14e-04	4.84e-02	6.42e-01	2.98e-01	1.15e-02	1.53e-04	1.52e-06	0.00e+00	0.00e+00	1.14e-04	9.74e-13	1.12e-12
 5.19866e+22	1.30e-04	5.25e-02	6.53e-01	2.84e-01	1.05e-02	1.31e-04	1.26e-06	0.00e+00	0.00e+00	1.30e-04	1.17e-12	1.34e-12
 5.23678e+22	1.54e-04	5.79e-02	6.67e-01	2.66e-01	9.24e-03	1.08e-04	1.00e-06	0.00e+00	0.00e+00	1.54e-04	1.47e-12	1.68e-12
 5.27574e+22	1.78e-04	6.29e-02	6.78e-01	2.51e-01	8.25e-03	9.09e-05	8.13e-07	0.00e+00	0.00e+00	1.78e-04	1.79e-12	2.04e-12
 5.31006e+22	2.04e-04	6.80e-02	6.87e-01	2.37e-01	7.41e-03	7.71e-05	6.69e-07	0.00e+00	0.00e+00	2.04e-04	2.15e-12	2.44e-12
 5.34893e+22	2.41e-04	7.50e-02	6.98e-01	2.20e-01	6.48e-03	6.26e-05	5.23e-07	0.00e+00	0.00e+00	2.41e-04	2.71e-12	3.05e-12
 5.38906e+22	2.79e-04	8.14e-02	7.07e-01	2.06e-01	5.73e-03	5.21e-05	4.21e-07	0.00e+00	0.00e+00	2.79e-04	3.31e-12	3.70e-12
 5.42537e+22	3.21e-04	8.82e-02	7.14e-01	1.92e-01	5.07e-03	4.33e-05	3.38e-07	0.00e+00	0.00e+00	3.21e-04	4.03e-12	4.47e-12
 5.46709e+22	3.85e-04	9.79e-02	7.22e-01	1.75e-01	4.31e-03	3.40e-05	2.54e-07	0.00e+00	0.00e+00	3.85e-04	5.19e-12	5.71e-12
 5.50900e+22	4.41e-04	1.06e-01	7.27e-01	1.63e-01	3.79e-03	2.81e-05	2.03e-07	0.00e+00	0.00e+00	4.41e-04	6.29e-12	6.86e-12
 5.55115e+22	5.26e-04	1.17e-01	7.32e-01	1.47e-01	3.20e-03	2.19e-05	1.52e-07	0.00e+00	0.00e+00	5.26e-04	8.09e-12	8.71e-12
 5.59414e+22	6.03e-04	1.26e-01	7.35e-01	1.36e-01	2.78e-03	1.79e-05	0.00e+00	0.00e+00	0.00e+00	6.03e-04	9.88e-12	1.05e-11
 5.63824e+22	7.23e-04	1.40e-01	7.36e-01	1.21e-01	2.31e-03	1.37e-05	0.00e+00	0.00e+00	0.00e+00	7.23e-04	1.28e-11	1.35e-11
 5.68264e+22	8.29e-04	1.51e-01	7.36e-01	1.11e-01	1.99e-03	1.10e-05	0.00e+00	0.00e+00	0.00e+00	8.29e-04	1.57e-11	1.62e-11
 5.72745e+22	9.91e-04	1.66e-01	7.33e-01	9.80e-02	1.64e-03	8.30e-06	0.00e+00	0.00e+00	0.00e+00	9.91e-04	2.04e-11	2.08e-11
 5.77281e+22	1.14e-03	1.79e-01	7.30e-01	8.85e-02	1.39e-03	6.60e-06	0.00e+00	0.00e+00	0.00e+00	1.14e-03	2.50e-11	2.51e-11
 5.81890e+22	1.36e-03	1.97e-01	7.23e-01	7.74e-02	1.13e-03	4.90e-06	0.00e+00	0.00e+00	0.00e+00	1.36e-03	3.27e-11	3.22e-11
 5.86581e+22	1.56e-03	2.12e-01	7.16e-01	6.92e-02	9.45e-04	3.85e-06	0.00e+00	0.00e+00	0.00e+00	1.56e-03	4.01e-11	3.89e-11
 5.91379e+22	1.87e-03	2.35e-01	7.04e-01	5.93e-02	7.47e-04	2.78e-06	0.00e+00	0.00e+00	0.00e+00	1.87e-03	5.30e-11	5.03e-11
 5.96209e+22	2.14e-03	2.51e-01	6.93e-01	5.25e-02	6.21e-04	2.16e-06	0.00e+00	0.00e+00	0.00e+00	2.14e-03	6.48e-11	6.07e-11
 6.01082e+22	2.57e-03	2.77e-01	6.76e-01	4.44e-02	4.83e-04	1.53e-06	0.00e+00	0.00e+00	0.00e+00	2.57e-03	8.55e-11	7.84e-11
 6.06049e+22	2.93e-03	2.96e-01	6.62e-01	3.87e-02	3.96e-04	1.17e-06	0.00e+00	0.00e+00	0.00e+00	2.93e-03	1.05e-10	9.48e-11
 6.11138e+22	3.51e-03	3.25e-01	6.39e-01	3.21e-02	3.02e-04	8.10e-07	0.00e+00	0.00e+00	0.00e+00	3.51e-03	1.38e-10	1.23e-10
 6.16395e+22	4.04e-03	3.49e-01	6.19e-01	2.74e-02	2.40e-04	5.98e-07	0.00e+00	0.00e+00	0.00e+00	4.04e-03	1.72e-10	1.50e-10
 6.21869e+22	4.94e-03	3.85e-01	5.88e-01	2.18e-02	1.74e-04	3.90e-07	0.00e+00	0.00e+00	0.00e+00	4.94e-03	2.31e-10	1.99e-10
 6.26598e+22	5.39e-03	4.02e-01	5.73e-01	1.93e-02	1.47e-04	3.13e-07	0.00e+00	0.00e+00	0.00e+00	5.39e-03	2.66e-10	2.27e-10
 6.30359e+22	6.13e-03	4.28e-01	5.49e-01	1.64e-02	1.18e-04	2.33e-07	0.00e+00	0.00e+00	0.00e+00	6.13e-03	3.23e-10	2.73e-10
 6.34364e+22	6.83e-03	4.50e-01	5.29e-01	1.41e-02	9.61e-05	1.79e-07	0.00e+00	0.00e+00	0.00e+00	6.83e-03	3.80e-10	3.18e-10
 6.38686e+22	7.89e-03	4.81e-01	4.99e-01	1.15e-02	7.38e-05	1.26e-07	0.00e+00	0.00e+00	0.00e+00	7.89e-03	4.72e-10	3.89e-10
 6.43052e+22	8.82e-03	5.06e-01	4.75e-01	9.73e-03	5.91e-05	0.00e+00	0.00e+00	0.00e+00	0.00e+00	8.82e-03	5.57e-10	4.55e-10
 6.47473e+22	1.02e-02	5.39e-01	4.43e-01	7.76e-03	4.43e-05	0.00e+00	0.00e+00	0.00e+00	0.00e+00	1.02e-02	6.92e-10	5.58e-10
 6.51959e+22	1.14e-02	5.65e-01	4.17e-01	6.41e-03	3.49e-05	0.00e+00	0.00e+00	0.00e+00	0.00e+00	1.14e-02	8.19e-10	6.54e-10
 6.56528e+22	1.33e-02	6.01e-01	3.81e-01	4.93e-03	2.54e-05	0.00e+00	0.00e+00	0.00e+00	0.00e+00	1.33e-02	1.03e-09	8.09e-10
 6.61123e+22	1.49e-02	6.28e-01	3.53e-01	3.97e-03	1.96e-05	0.00e+00	0.00e+00	0.00e+00	0.00e+00	1.49e-02	1.21e-09	9.49e-10
 6.65140e+22	1.67e-02	6.55e-01	3.26e-01	3.17e-03	1.51e-05	0.00e+00	0.00e+00	0.00e+00	0.00e+00	1.67e-02	1.44e-09	1.12e-09
 6.69749e+22	1.94e-02	6.88e-01	2.90e-01	2.35e-03	1.08e-05	0.00e+00	0.00e+00	0.00e+00	0.00e+00	1.94e-02	1.79e-09	1.37e-09
 6.74475e+22	2.21e-02	7.16e-01	2.60e-01	1.77e-03	7.95e-06	0.00e+00	0.00e+00	0.00e+00	0.00e+00	2.21e-02	2.15e-09	1.64e-09
 6.78427e+22	2.48e-02	7.39e-01	2.35e-01	1.37e-03	6.10e-06	0.00e+00	0.00e+00	0.00e+00	0.00e+00	2.48e-02	2.53e-09	1.91e-09
 6.82633e+22	2.86e-02	7.66e-01	2.04e-01	9.85e-04	4.36e-06	0.00e+00	0.00e+00	0.00e+00	0.00e+00	2.86e-02	3.10e-09	2.33e-09
 6.87073e+22	3.27e-02	7.89e-01	1.78e-01	7.10e-04	3.17e-06	0.00e+00	0.00e+00	0.00e+00	0.00e+00	3.27e-02	3.74e-09	2.79e-09
 6.91016e+22	3.71e-02	8.08e-01	1.54e-01	5.15e-04	2.36e-06	0.00e+00	0.00e+00	0.00e+00	0.00e+00	3.71e-02	4.46e-09	3.31e-09
 6.95343e+22	4.37e-02	8.29e-01	1.27e-01	3.37e-04	1.61e-06	0.00e+00	0.00e+00	0.00e+00	0.00e+00	4.37e-02	5.59e-09	4.13e-09
 6.99547e+22	5.03e-02	8.42e-01	1.07e-01	2.32e-04	1.17e-06	0.00e+00	0.00e+00	0.00e+00	0.00e+00	5.03e-02	6.73e-09	4.96e-09
 7.02841e+22	5.70e-02	8.51e-01	9.13e-02	1.65e-04	8.90e-07	0.00e+00	0.00e+00	0.00e+00	0.00e+00	5.70e-02	7.94e-09	5.84e-09
 7.06378e+22	6.68e-02	8.59e-01	7.38e-02	1.07e-04	6.26e-07	0.00e+00	0.00e+00	0.00e+00	0.00e+00	6.68e-02	9.78e-09	7.19e-09
 7.10078e+22	7.87e-02	8.62e-01	5.88e-02	6.75e-05	4.41e-07	0.00e+00	0.00e+00	0.00e+00	0.00e+00	7.87e-02	1.20e-08	8.84e-09
 7.12272e+22	8.56e-02	8.62e-01	5.24e-02	5.39e-05	3.75e-07	0.00e+00	0.00e+00	0.00e+00	0.00e+00	8.56e-02	1.33e-08	9.77e-09
 7.13040e+22	8.86e-02	8.62e-01	4.99e-02	4.91e-05	3.50e-07	0.00e+00	0.00e+00	0.00e+00	0.00e+00	8.86e-02	1.38e-08	1.02e-08
 7.13663e+22	9.17e-02	8.61e-01	4.75e-02	4.45e-05	3.25e-07	0.00e+00	0.00e+00	0.00e+00	0.00e+00	9.17e-02	1.44e-08	1.06e-08
 7.14410e+22	9.54e-02	8.60e-01	4.47e-02	3.97e-05	2.99e-07	0.00e+00	0.00e+00	0.00e+00	0.00e+00	9.54e-02	1.52e-08	1.12e-08
 7.15218e+22	9.97e-02	8.58e-01	4.19e-02	3.51e-05	2.72e-07	0.00e+00	0.00e+00	0.00e+00	0.00e+00	9.97e-02	1.60e-08	1.18e-08
 7.16012e+22	1.04e-01	8.57e-01	3.93e-02	3.10e-05	2.48e-07	0.00e+00	0.00e+00	0.00e+00	0.00e+00	1.04e-01	1.69e-08	1.25e-08
 7.16771e+22	1.09e-01	8.54e-01	3.68e-02	2.75e-05	2.27e-07	0.00e+00	0.00e+00	0.00e+00	0.00e+00	1.09e-01	1.77e-08	1.31e-08
 7.17505e+22	1.13e-01	8.52e-01	3.46e-02	2.44e-05	2.08e-07	0.00e+00	0.00e+00	0.00e+00	0.00e+00	1.13e-01	1.86e-08	1.38e-08
 7.18246e+22	1.18e-01	8.49e-01	3.23e-02	2.15e-05	1.89e-07	0.00e+00	0.00e+00	0.00e+00	0.00e+00	1.18e-01	1.96e-08	1.45e-08
 7.18976e+22	1.23e-01	8.46e-01	3.02e-02	1.90e-05	1.72e-07	0.00e+00	0.00e+00	0.00e+00	0.00e+00	1.23e-01	2.07e-08	1.53e-08
 7.19676e+22	1.29e-01	8.43e-01	2.83e-02	1.68e-05	1.57e-07	0.00e+00	0.00e+00	0.00e+00	0.00e+00	1.29e-01	2.17e-08	1.61e-08
 7.20368e+22	1.34e-01	8.39e-01	2.64e-02	1.49e-05	1.44e-07	0.00e+00	0.00e+00	0.00e+00	0.00e+00	1.34e-01	2.28e-08	1.70e-08
 7.21066e+22	1.41e-01	8.35e-01	2.46e-02	1.31e-05	1.30e-07	0.00e+00	0.00e+00	0.00e+00	0.00e+00	1.41e-01	2.40e-08	1.79e-08
 7.21756e+22	1.47e-01	8.30e-01	2.29e-02	1.15e-05	0.00e+00	0.00e+00	0.00e+00	0.00e+00	0.00e+00	1.47e-01	2.53e-08	1.88e-08
 7.22415e+22	1.54e-01	8.25e-01	2.13e-02	1.01e-05	0.00e+00	0.00e+00	0.00e+00	0.00e+00	0.00e+00	1.54e-01	2.66e-08	1.98e-08
 7.23046e+22	1.60e-01	8.20e-01	1.99e-02	9.00e-06	0.00e+00	0.00e+00	0.00e+00	0.00e+00	0.00e+00	1.60e-01	2.78e-08	2.08e-08
 7.23689e+22	1.67e-01	8.14e-01	1.85e-02	7.88e-06	0.00e+00	0.00e+00	0.00e+00	0.00e+00	0.00e+00	1.67e-01	2.93e-08	2.19e-08
 7.24340e+22	1.75e-01	8.08e-01	1.71e-02	6.93e-06	0.00e+00	0.00e+00	0.00e+00	0.00e+00	0.00e+00	1.75e-01	3.08e-08	2.30e-08
 7.24960e+22	1.83e-01	8.01e-01	1.59e-02	6.08e-06	0.00e+00	0.00e+00	0.00e+00	0.00e+00	0.00e+00	1.83e-01	3.23e-08	2.42e-08
 7.25560e+22	1.91e-01	7.95e-01	1.48e-02	5.37e-06	0.00e+00	0.00e+00	0.00e+00	0.00e+00	0.00e+00	1.91e-01	3.38e-08	2.53e-08
 7.26153e+22	2.00e-01	7.87e-01	1.36e-02	4.71e-06	0.00e+00	0.00e+00	0.00e+00	0.00e+00	0.00e+00	2.00e-01	3.55e-08	2.66e-08
 7.26731e+22	2.08e-01	7.79e-01	1.27e-02	4.17e-06	0.00e+00	0.00e+00	0.00e+00	0.00e+00	0.00e+00	2.08e-01	3.71e-08	2.79e-08
 7.27310e+22	2.17e-01	7.71e-01	1.17e-02	3.65e-06	0.00e+00	0.00e+00	0.00e+00	0.00e+00	0.00e+00	2.17e-01	3.88e-08	2.92e-08
 7.27896e+22	2.28e-01	7.62e-01	1.08e-02	3.19e-06	0.00e+00	0.00e+00	0.00e+00	0.00e+00	0.00e+00	2.28e-01	4.07e-08	3.06e-08
 7.28443e+22	2.37e-01	7.53e-01	9.98e-03	2.82e-06	0.00e+00	0.00e+00	0.00e+00	0.00e+00	0.00e+00	2.37e-01	4.24e-08	3.20e-08
 7.28977e+22	2.47e-01	7.43e-01	9.22e-03	2.49e-06	0.00e+00	0.00e+00	0.00e+00	0.00e+00	0.00e+00	2.47e-01	4.42e-08	3.34e-08
 7.29522e+22	2.58e-01	7.33e-01	8.50e-03	2.19e-06	0.00e+00	0.00e+00	0.00e+00	0.00e+00	0.00e+00	2.58e-01	4.61e-08	3.48e-08
 7.30067e+22	2.70e-01	7.23e-01	7.82e-03	1.92e-06	0.00e+00	0.00e+00	0.00e+00	0.00e+00	0.00e+00	2.70e-01	4.81e-08	3.64e-08
 7.30606e+22	2.80e-01	7.12e-01	7.21e-03	1.70e-06	0.00e+00	0.00e+00	0.00e+00	0.00e+00	0.00e+00	2.80e-01	5.00e-08	3.78e-08
 7.31166e+22	2.94e-01	7.00e-01	6.58e-03	1.48e-06	0.00e+00	0.00e+00	0.00e+00	0.00e+00	0.00e+00	2.94e-01	5.22e-08	3.95e-08
 7.31720e+22	3.06e-01	6.88e-01	6.03e-03	1.30e-06	0.00e+00	0.00e+00	0.00e+00	0.00e+00	0.00e+00	3.06e-01	5.42e-08	4.11e-08
 7.32245e+22	3.20e-01	6.75e-01	5.52e-03	1.14e-06	0.00e+00	0.00e+00	0.00e+00	0.00e+00	0.00e+00	3.20e-01	5.63e-08	4.27e-08
 7.32766e+22	3.33e-01	6.62e-01	5.04e-03	1.00e-06	0.00e+00	0.00e+00	0.00e+00	0.00e+00	0.00e+00	3.33e-01	5.83e-08	4.43e-08
 7.33270e+22	3.47e-01	6.49e-01	4.62e-03	8.87e-07	0.00e+00	0.00e+00	0.00e+00	0.00e+00	0.00e+00	3.47e-01	6.03e-08	4.58e-08
 7.33773e+22	3.61e-01	6.35e-01	4.23e-03	7.83e-07	0.00e+00	0.00e+00	0.00e+00	0.00e+00	0.00e+00	3.61e-01	6.23e-08	4.73e-08
 7.34287e+22	3.75e-01	6.21e-01	3.85e-03	6.89e-07	0.00e+00	0.00e+00	0.00e+00	0.00e+00	0.00e+00	3.75e-01	6.43e-08	4.89e-08
 7.34804e+22	3.91e-01	6.06e-01	3.51e-03	6.07e-07	0.00e+00	0.00e+00	0.00e+00	0.00e+00	0.00e+00	3.91e-01	6.63e-08	5.04e-08
 7.35323e+22	4.07e-01	5.90e-01	3.18e-03	5.33e-07	0.00e+00	0.00e+00	0.00e+00	0.00e+00	0.00e+00	4.07e-01	6.83e-08	5.19e-08
 7.35836e+22	4.22e-01	5.75e-01	2.89e-03	4.70e-07	0.00e+00	0.00e+00	0.00e+00	0.00e+00	0.00e+00	4.22e-01	7.01e-08	5.33e-08
 7.36344e+22	4.39e-01	5.59e-01	2.62e-03	4.15e-07	0.00e+00	0.00e+00	0.00e+00	0.00e+00	0.00e+00	4.39e-01	7.19e-08	5.47e-08
 7.36861e+22	4.55e-01	5.42e-01	2.37e-03	3.66e-07	0.00e+00	0.00e+00	0.00e+00	0.00e+00	0.00e+00	4.55e-01	7.37e-08	5.60e-08
 7.37385e+22	4.72e-01	5.25e-01	2.13e-03	3.22e-07	0.00e+00	0.00e+00	0.00e+00	0.00e+00	0.00e+00	4.72e-01	7.53e-08	5.72e-08
 7.37911e+22	4.90e-01	5.08e-01	1.92e-03	2.84e-07	0.00e+00	0.00e+00	0.00e+00	0.00e+00	0.00e+00	4.90e-01	7.68e-08	5.84e-08
 7.38441e+22	5.08e-01	4.91e-01	1.72e-03	2.51e-07	0.00e+00	0.00e+00	0.00e+00	0.00e+00	0.00e+00	5.08e-01	7.82e-08	5.94e-08
 7.38978e+22	5.26e-01	4.73e-01	1.55e-03	2.21e-07	0.00e+00	0.00e+00	0.00e+00	0.00e+00	0.00e+00	5.26e-01	7.95e-08	6.03e-08
 7.39525e+22	5.44e-01	4.55e-01	1.38e-03	1.95e-07	0.00e+00	0.00e+00	0.00e+00	0.00e+00	0.00e+00	5.44e-01	8.06e-08	6.11e-08
 7.40085e+22	5.63e-01	4.36e-01	1.23e-03	1.71e-07	0.00e+00	0.00e+00	0.00e+00	0.00e+00	0.00e+00	5.63e-01	8.16e-08	6.18e-08
 7.40656e+22	5.81e-01	4.17e-01	1.09e-03	1.51e-07	0.00e+00	0.00e+00	0.00e+00	0.00e+00	0.00e+00	5.81e-01	8.24e-08	6.23e-08
 7.41140e+22	5.97e-01	4.02e-01	9.89e-04	1.36e-07	0.00e+00	0.00e+00	0.00e+00	0.00e+00	0.00e+00	5.97e-01	8.28e-08	6.26e-08
 7.41497e+22	6.07e-01	3.92e-01	9.21e-04	1.27e-07	0.00e+00	0.00e+00	0.00e+00	0.00e+00	0.00e+00	6.07e-01	8.31e-08	6.28e-08
 7.41843e+22	6.18e-01	3.81e-01	8.55e-04	0.00e+00	0.00e+00	0.00e+00	0.00e+00	0.00e+00	0.00e+00	6.18e-01	8.33e-08	6.29e-08
 7.42230e+22	6.31e-01	3.68e-01	7.87e-04	0.00e+00	0.00e+00	0.00e+00	0.00e+00	0.00e+00	0.00e+00	6.31e-01	8.35e-08	6.30e-08
 7.42632e+22	6.43e-01	3.56e-01	7.24e-04	0.00e+00	0.00e+00	0.00e+00	0.00e+00	0.00e+00	0.00e+00	6.43e-01	8.36e-08	6.30e-08
 7.43027e+22	6.54e-01	3.45e-01	6.67e-04	0.00e+00	0.00e+00	0.00e+00	0.00e+00	0.00e+00	0.00e+00	6.54e-01	8.36e-08	6.29e-08
 7.43425e+22	6.66e-01	3.34e-01	6.13e-04	0.00e+00	0.00e+00	0.00e+00	0.00e+00	0.00e+00	0.00e+00	6.66e-01	8.35e-08	6.28e-08
 7.43829e+22	6.77e-01	3.22e-01	5.63e-04	0.00e+00	0.00e+00	0.00e+00	0.00e+00	0.00e+00	0.00e+00	6.77e-01	8.34e-08	6.26e-08
 7.44226e+22	6.88e-01	3.11e-01	5.18e-04	0.00e+00	0.00e+00	0.00e+00	0.00e+00	0.00e+00	0.00e+00	6.88e-01	8.32e-08	6.23e-08
 7.44625e+22	6.99e-01	3.01e-01	4.77e-04	0.00e+00	0.00e+00	0.00e+00	0.00e+00	0.00e+00	0.00e+00	6.99e-01	8.29e-08	6.21e-08
 7.45037e+22	7.10e-01	2.90e-01	4.38e-04	0.00e+00	0.00e+00	0.00e+00	0.00e+00	0.00e+00	0.00e+00	7.10e-01	8.26e-08	6.17e-08
 7.45456e+22	7.20e-01	2.80e-01	4.02e-04	0.00e+00	0.00e+00	0.00e+00	0.00e+00	0.00e+00	0.00e+00	7.20e-01	8.22e-08	6.14e-08
 7.45881e+22	7.30e-01	2.69e-01	3.68e-04	0.00e+00	0.00e+00	0.00e+00	0.00e+00	0.00e+00	0.00e+00	7.30e-01	8.18e-08	6.09e-08
 7.46309e+22	7.40e-01	2.59e-01	3.37e-04	0.00e+00	0.00e+00	0.00e+00	0.00e+00	0.00e+00	0.00e+00	7.40e-01	8.13e-08	6.04e-08
 7.46735e+22	7.50e-01	2.50e-01	3.09e-04	0.00e+00	0.00e+00	0.00e+00	0.00e+00	0.00e+00	0.00e+00	7.50e-01	8.07e-08	5.99e-08
 7.47168e+22	7.59e-01	2.41e-01	2.83e-04	0.00e+00	0.00e+00	0.00e+00	0.00e+00	0.00e+00	0.00e+00	7.59e-01	8.02e-08	5.94e-08
 7.47615e+22	7.68e-01	2.32e-01	2.59e-04	0.00e+00	0.00e+00	0.00e+00	0.00e+00	0.00e+00	0.00e+00	7.68e-01	7.96e-08	5.89e-08
 7.48073e+22	7.77e-01	2.22e-01	2.36e-04	0.00e+00	0.00e+00	0.00e+00	0.00e+00	0.00e+00	0.00e+00	7.77e-01	7.89e-08	5.82e-08
 7.48532e+22	7.86e-01	2.14e-01	2.16e-04	0.00e+00	0.00e+00	0.00e+00	0.00e+00	0.00e+00	0.00e+00	7.86e-01	7.82e-08	5.76e-08
 7.48995e+22	7.94e-01	2.06e-01	1.97e-04	0.00e+00	0.00e+00	0.00e+00	0.00e+00	0.00e+00	0.00e+00	7.94e-01	7.75e-08	5.70e-08
 7.49472e+22	8.02e-01	1.98e-01	1.79e-04	0.00e+00	0.00e+00	0.00e+00	0.00e+00	0.00e+00	0.00e+00	8.02e-01	7.68e-08	5.63e-08
 7.49961e+22	8.10e-01	1.89e-01	1.63e-04	0.00e+00	0.00e+00	0.00e+00	0.00e+00	0.00e+00	0.00e+00	8.10e-01	7.60e-08	5.56e-08
 7.50453e+22	8.18e-01	1.82e-01	1.49e-04	0.00e+00	0.00e+00	0.00e+00	0.00e+00	0.00e+00	0.00e+00	8.18e-01	7.54e-08	5.50e-08
 7.50961e+22	8.25e-01	1.75e-01	1.35e-04	0.00e+00	0.00e+00	0.00e+00	0.00e+00	0.00e+00	0.00e+00	8.25e-01	7.46e-08	5.43e-08
 7.51488e+22	8.33e-01	1.67e-01	1.22e-04	0.00e+00	0.00e+00	0.00e+00	0.00e+00	0.00e+00	0.00e+00	8.33e-01	7.38e-08	5.35e-08
 7.52011e+22	8.40e-01	1.60e-01	1.11e-04	0.00e+00	0.00e+00	0.00e+00	0.00e+00	0.00e+00	0.00e+00	8.40e-01	7.30e-08	5.28e-08
 7.52537e+22	8.46e-01	1.54e-01	1.00e-04	0.00e+00	0.00e+00	0.00e+00	0.00e+00	0.00e+00	0.00e+00	8.46e-01	7.22e-08	5.21e-08
 7.53076e+22	8.53e-01	1.47e-01	9.09e-05	0.00e+00	0.00e+00	0.00e+00	0.00e+00	0.00e+00	0.00e+00	8.53e-01	7.15e-08	5.14e-08
 7.53629e+22	8.59e-01	1.41e-01	8.21e-05	0.00e+00	0.00e+00	0.00e+00	0.00e+00	0.00e+00	0.00e+00	8.59e-01	7.07e-08	5.07e-08
 7.54191e+22	8.65e-01	1.35e-01	7.42e-05	0.00e+00	0.00e+00	0.00e+00	0.00e+00	0.00e+00	0.00e+00	8.65e-01	6.99e-08	4.99e-08
 7.54754e+22	8.71e-01	1.29e-01	6.71e-05	0.00e+00	0.00e+00	0.00e+00	0.00e+00	0.00e+00	0.00e+00	8.71e-01	6.91e-08	4.92e-08
 7.55327e+22	8.77e-01	1.23e-01	6.06e-05	0.00e+00	0.00e+00	0.00e+00	0.00e+00	0.00e+00	0.00e+00	8.77e-01	6.84e-08	4.85e-08
 7.55911e+22	8.82e-01	1.18e-01	5.47e-05	0.00e+00	0.00e+00	0.00e+00	0.00e+00	0.00e+00	0.00e+00	8.82e-01	6.77e-08	4.79e-08
 7.56502e+22	8.87e-01	1.13e-01	4.93e-05	0.00e+00	0.00e+00	0.00e+00	0.00e+00	0.00e+00	0.00e+00	8.87e-01	6.69e-08	4.72e-08
 7.57091e+22	8.92e-01	1.08e-01	4.46e-05	0.00e+00	0.00e+00	0.00e+00	0.00e+00	0.00e+00	0.00e+00	8.92e-01	6.62e-08	4.65e-08
 7.57682e+22	8.97e-01	1.03e-01	4.03e-05	0.00e+00	0.00e+00	0.00e+00	0.00e+00	0.00e+00	0.00e+00	8.97e-01	6.56e-08	4.59e-08
 7.58277e+22	9.01e-01	9.88e-02	3.65e-05	0.00e+00	0.00e+00	0.00e+00	0.00e+00	0.00e+00	0.00e+00	9.01e-01	6.49e-08	4.53e-08
 7.58873e+22	9.05e-01	9.45e-02	3.30e-05	0.00e+00	0.00e+00	0.00e+00	0.00e+00	0.00e+00	0.00e+00	9.05e-01	6.43e-08	4.47e-08
 7.59472e+22	9.10e-01	9.05e-02	2.99e-05	0.00e+00	0.00e+00	0.00e+00	0.00e+00	0.00e+00	0.00e+00	9.10e-01	6.37e-08	4.41e-08
 7.60076e+22	9.13e-01	8.65e-02	2.71e-05	0.00e+00	0.00e+00	0.00e+00	0.00e+00	0.00e+00	0.00e+00	9.13e-01	6.31e-08	4.36e-08
 7.60679e+22	9.17e-01	8.28e-02	2.46e-05	0.00e+00	0.00e+00	0.00e+00	0.00e+00	0.00e+00	0.00e+00	9.17e-01	6.26e-08	4.30e-08
 7.61273e+22	9.21e-01	7.93e-02	2.24e-05	0.00e+00	0.00e+00	0.00e+00	0.00e+00	0.00e+00	0.00e+00	9.21e-01	6.20e-08	4.25e-08
 7.61866e+22	9.24e-01	7.59e-02	2.04e-05	0.00e+00	0.00e+00	0.00e+00	0.00e+00	0.00e+00	0.00e+00	9.24e-01	6.15e-08	4.20e-08
 7.62462e+22	9.27e-01	7.27e-02	1.86e-05	0.00e+00	0.00e+00	0.00e+00	0.00e+00	0.00e+00	0.00e+00	9.27e-01	6.10e-08	4.15e-08
 7.63056e+22	9.30e-01	6.96e-02	1.70e-05	0.00e+00	0.00e+00	0.00e+00	0.00e+00	0.00e+00	0.00e+00	9.30e-01	6.04e-08	4.10e-08
 7.63646e+22	9.33e-01	6.66e-02	1.56e-05	0.00e+00	0.00e+00	0.00e+00	0.00e+00	0.00e+00	0.00e+00	9.33e-01	5.99e-08	4.05e-08
 7.64230e+22	9.36e-01	6.38e-02	1.43e-05	0.00e+00	0.00e+00	0.00e+00	0.00e+00	0.00e+00	0.00e+00	9.36e-01	5.94e-08	4.01e-08
 7.64809e+22	9.39e-01	6.12e-02	1.32e-05	0.00e+00	0.00e+00	0.00e+00	0.00e+00	0.00e+00	0.00e+00	9.39e-01	5.89e-08	3.97e-08
 7.65371e+22	9.41e-01	5.87e-02	1.22e-05	0.00e+00	0.00e+00	0.00e+00	0.00e+00	0.00e+00	0.00e+00	9.41e-01	5.85e-08	3.93e-08
 7.65902e+22	9.43e-01	5.65e-02	1.13e-05	0.00e+00	0.00e+00	0.00e+00	0.00e+00	0.00e+00	0.00e+00	9.43e-01	5.81e-08	3.89e-08
 7.66400e+22	9.46e-01	5.45e-02	1.06e-05	0.00e+00	0.00e+00	0.00e+00	0.00e+00	0.00e+00	0.00e+00	9.46e-01	5.77e-08	3.86e-08
 7.66872e+22	9.47e-01	5.26e-02	9.96e-06	0.00e+00	0.00e+00	0.00e+00	0.00e+00	0.00e+00	0.00e+00	9.47e-01	5.74e-08	3.82e-08
 7.67320e+22	9.49e-01	5.09e-02	9.39e-06	0.00e+00	0.00e+00	0.00e+00	0.00e+00	0.00e+00	0.00e+00	9.49e-01	5.70e-08	3.80e-08
 7.67747e+22	9.51e-01	4.94e-02	8.89e-06	0.00e+00	0.00e+00	0.00e+00	0.00e+00	0.00e+00	0.00e+00	9.51e-01	5.68e-08	3.77e-08
 7.68156e+22	9.52e-01	4.79e-02	8.45e-06	0.00e+00	0.00e+00	0.00e+00	0.00e+00	0.00e+00	0.00e+00	9.52e-01	5.65e-08	3.74e-08
 7.68539e+22	9.54e-01	4.65e-02	8.05e-06	0.00e+00	0.00e+00	0.00e+00	0.00e+00	0.00e+00	0.00e+00	9.54e-01	5.62e-08	3.71e-08
 7.68896e+22	9.55e-01	4.53e-02	7.71e-06	0.00e+00	0.00e+00	0.00e+00	0.00e+00	0.00e+00	0.00e+00	9.55e-01	5.59e-08	3.69e-08
 7.69246e+22	9.56e-01	4.40e-02	7.38e-06	0.00e+00	0.00e+00	0.00e+00	0.00e+00	0.00e+00	0.00e+00	9.56e-01	5.57e-08	3.67e-08
 7.69593e+22	9.57e-01	4.29e-02	7.07e-06	0.00e+00	0.00e+00	0.00e+00	0.00e+00	0.00e+00	0.00e+00	9.57e-01	5.55e-08	3.65e-08
 7.69925e+22	9.58e-01	4.17e-02	6.79e-06	0.00e+00	0.00e+00	0.00e+00	0.00e+00	0.00e+00	0.00e+00	9.58e-01	5.52e-08	3.63e-08
 7.70234e+22	9.59e-01	4.07e-02	6.55e-06	0.00e+00	0.00e+00	0.00e+00	0.00e+00	0.00e+00	0.00e+00	9.59e-01	5.50e-08	3.61e-08
 7.70515e+22	9.60e-01	3.98e-02	6.33e-06	0.00e+00	0.00e+00	0.00e+00	0.00e+00	0.00e+00	0.00e+00	9.60e-01	5.48e-08	3.59e-08
 7.70771e+22	9.61e-01	3.90e-02	6.14e-06	0.00e+00	0.00e+00	0.00e+00	0.00e+00	0.00e+00	0.00e+00	9.61e-01	5.46e-08	3.57e-08
 7.71004e+22	9.62e-01	3.83e-02	5.98e-06	0.00e+00	0.00e+00	0.00e+00	0.00e+00	0.00e+00	0.00e+00	9.62e-01	5.44e-08	3.55e-08
 7.71216e+22	9.62e-01	3.76e-02	5.83e-06	0.00e+00	0.00e+00	0.00e+00	0.00e+00	0.00e+00	0.00e+00	9.62e-01	5.42e-08	3.54e-08
 7.71409e+22	9.63e-01	3.70e-02	5.70e-06	0.00e+00	0.00e+00	0.00e+00	0.00e+00	0.00e+00	0.00e+00	9.63e-01	5.41e-08	3.52e-08
 7.71585e+22	9.63e-01	3.65e-02	5.59e-06	0.00e+00	0.00e+00	0.00e+00	0.00e+00	0.00e+00	0.00e+00	9.63e-01	5.39e-08	3.51e-08
 7.71777e+22	9.64e-01	3.59e-02	5.46e-06	0.00e+00	0.00e+00	0.00e+00	0.00e+00	0.00e+00	0.00e+00	9.64e-01	5.36e-08	3.50e-08
 7.71985e+22	9.65e-01	3.53e-02	5.32e-06	0.00e+00	0.00e+00	0.00e+00	0.00e+00	0.00e+00	0.00e+00	9.65e-01	5.33e-08	3.48e-08
 7.72174e+22	9.65e-01	3.47e-02	5.20e-06	0.00e+00	0.00e+00	0.00e+00	0.00e+00	0.00e+00	0.00e+00	9.65e-01	5.31e-08	3.47e-08
 7.72346e+22	9.66e-01	3.42e-02	5.10e-06	0.00e+00	0.00e+00	0.00e+00	0.00e+00	0.00e+00	0.00e+00	9.66e-01	5.28e-08	3.46e-08
 7.72502e+22	9.66e-01	3.38e-02	5.00e-06	0.00e+00	0.00e+00	0.00e+00	0.00e+00	0.00e+00	0.00e+00	9.66e-01	5.26e-08	3.44e-08
 7.72674e+22	9.67e-01	3.32e-02	4.90e-06	0.00e+00	0.00e+00	0.00e+00	0.00e+00	0.00e+00	0.00e+00	9.67e-01	5.24e-08	3.43e-08
 7.72859e+22	9.67e-01	3.27e-02	4.79e-06	0.00e+00	0.00e+00	0.00e+00	0.00e+00	0.00e+00	0.00e+00	9.67e-01	5.21e-08	3.42e-08
 7.73027e+22	9.68e-01	3.22e-02	4.69e-06	0.00e+00	0.00e+00	0.00e+00	0.00e+00	0.00e+00	0.00e+00	9.68e-01	5.19e-08	3.41e-08
 7.73180e+22	9.68e-01	3.18e-02	4.60e-06	0.00e+00	0.00e+00	0.00e+00	0.00e+00	0.00e+00	0.00e+00	9.68e-01	5.17e-08	3.39e-08
 7.73348e+22	9.69e-01	3.13e-02	4.50e-06	0.00e+00	0.00e+00	0.00e+00	0.00e+00	0.00e+00	0.00e+00	9.69e-01	5.15e-08	3.38e-08
 7.73530e+22	9.69e-01	3.08e-02	4.40e-06	0.00e+00	0.00e+00	0.00e+00	0.00e+00	0.00e+00	0.00e+00	9.69e-01	5.13e-08	3.37e-08
 7.73695e+22	9.70e-01	3.04e-02	4.32e-06	0.00e+00	0.00e+00	0.00e+00	0.00e+00	0.00e+00	0.00e+00	9.70e-01	5.11e-08	3.36e-08
 7.73845e+22	9.70e-01	3.01e-02	4.25e-06	0.00e+00	0.00e+00	0.00e+00	0.00e+00	0.00e+00	0.00e+00	9.70e-01	5.10e-08	3.35e-08
 7.74009e+22	9.70e-01	2.97e-02	4.16e-06	0.00e+00	0.00e+00	0.00e+00	0.00e+00	0.00e+00	0.00e+00	9.70e-01	5.08e-08	3.34e-08
 7.74187e+22	9.71e-01	2.93e-02	4.07e-06	0.00e+00	0.00e+00	0.00e+00	0.00e+00	0.00e+00	0.00e+00	9.71e-01	5.07e-08	3.34e-08
 7.74382e+22	9.71e-01	2.87e-02	3.97e-06	0.00e+00	0.00e+00	0.00e+00	0.00e+00	0.00e+00	0.00e+00	9.71e-01	5.05e-08	3.33e-08
 7.74592e+22	9.72e-01	2.84e-02	3.88e-06	0.00e+00	0.00e+00	0.00e+00	0.00e+00	0.00e+00	0.00e+00	9.72e-01	5.04e-08	3.32e-08
 7.74822e+22	9.72e-01	2.77e-02	3.76e-06	0.00e+00	0.00e+00	0.00e+00	0.00e+00	0.00e+00	0.00e+00	9.72e-01	5.02e-08	3.30e-08
 7.75071e+22	9.73e-01	2.72e-02	3.65e-06	0.00e+00	0.00e+00	0.00e+00	0.00e+00	0.00e+00	0.00e+00	9.73e-01	5.00e-08	3.29e-08
 7.75297e+22	9.73e-01	2.67e-02	3.55e-06	0.00e+00	0.00e+00	0.00e+00	0.00e+00	0.00e+00	0.00e+00	9.73e-01	4.98e-08	3.28e-08
 7.75503e+22	9.74e-01	2.63e-02	3.47e-06	0.00e+00	0.00e+00	0.00e+00	0.00e+00	0.00e+00	0.00e+00	9.74e-01	4.96e-08	3.27e-08
 7.75690e+22	9.74e-01	2.59e-02	3.39e-06	0.00e+00	0.00e+00	0.00e+00	0.00e+00	0.00e+00	0.00e+00	9.74e-01	4.95e-08	3.26e-08
 7.75896e+22	9.75e-01	2.54e-02	3.30e-06	0.00e+00	0.00e+00	0.00e+00	0.00e+00	0.00e+00	0.00e+00	9.75e-01	4.93e-08	3.25e-08
 7.76117e+22	9.75e-01	2.50e-02	3.22e-06	0.00e+00	0.00e+00	0.00e+00	0.00e+00	0.00e+00	0.00e+00	9.75e-01	4.92e-08	3.24e-08
 7.76319e+22	9.75e-01	2.46e-02	3.14e-06	0.00e+00	0.00e+00	0.00e+00	0.00e+00	0.00e+00	0.00e+00	9.75e-01	4.90e-08	3.22e-08
 7.76502e+22	9.76e-01	2.42e-02	3.07e-06	0.00e+00	0.00e+00	0.00e+00	0.00e+00	0.00e+00	0.00e+00	9.76e-01	4.89e-08	3.21e-08
 7.76704e+22	9.76e-01	2.38e-02	2.98e-06	0.00e+00	0.00e+00	0.00e+00	0.00e+00	0.00e+00	0.00e+00	9.76e-01	4.87e-08	3.20e-08
 7.76921e+22	9.77e-01	2.33e-02	2.90e-06	0.00e+00	0.00e+00	0.00e+00	0.00e+00	0.00e+00	0.00e+00	9.77e-01	4.85e-08	3.18e-08
 7.77118e+22	9.77e-01	2.30e-02	2.83e-06	0.00e+00	0.00e+00	0.00e+00	0.00e+00	0.00e+00	0.00e+00	9.77e-01	4.83e-08	3.17e-08
 7.77298e+22	9.77e-01	2.27e-02	2.77e-06	0.00e+00	0.00e+00	0.00e+00	0.00e+00	0.00e+00	0.00e+00	9.77e-01	4.81e-08	3.16e-08
 7.77462e+22	9.78e-01	2.24e-02	2.71e-06	0.00e+00	0.00e+00	0.00e+00	0.00e+00	0.00e+00	0.00e+00	9.78e-01	4.80e-08	3.15e-08
 7.77641e+22	9.78e-01	2.20e-02	2.65e-06	0.00e+00	0.00e+00	0.00e+00	0.00e+00	0.00e+00	0.00e+00	9.78e-01	4.78e-08	3.13e-08
 7.77835e+22	9.78e-01	2.17e-02	2.59e-06	0.00e+00	0.00e+00	0.00e+00	0.00e+00	0.00e+00	0.00e+00	9.78e-01	4.77e-08	3.12e-08
 7.78011e+22	9.79e-01	2.13e-02	2.53e-06	0.00e+00	0.00e+00	0.00e+00	0.00e+00	0.00e+00	0.00e+00	9.79e-01	4.75e-08	3.11e-08
 7.78171e+22	9.79e-01	2.10e-02	2.48e-06	0.00e+00	0.00e+00	0.00e+00	0.00e+00	0.00e+00	0.00e+00	9.79e-01	4.73e-08	3.09e-08
 7.78317e+22	9.79e-01	2.08e-02	2.44e-06	0.00e+00	0.00e+00	0.00e+00	0.00e+00	0.00e+00	0.00e+00	9.79e-01	4.72e-08	3.09e-08
 7.78477e+22	9.79e-01	2.06e-02	2.40e-06	0.00e+00	0.00e+00	0.00e+00	0.00e+00	0.00e+00	0.00e+00	9.79e-01	4.71e-08	3.07e-08
 7.78649e+22	9.80e-01	2.03e-02	2.35e-06	0.00e+00	0.00e+00	0.00e+00	0.00e+00	0.00e+00	0.00e+00	9.80e-01	4.70e-08	3.06e-08
 7.78838e+22	9.80e-01	1.99e-02	2.29e-06	0.00e+00	0.00e+00	0.00e+00	0.00e+00	0.00e+00	0.00e+00	9.80e-01	4.68e-08	3.05e-08
 7.79042e+22	9.80e-01	1.96e-02	2.24e-06	0.00e+00	0.00e+00	0.00e+00	0.00e+00	0.00e+00	0.00e+00	9.80e-01	4.66e-08	3.03e-08
 7.79228e+22	9.81e-01	1.94e-02	2.20e-06	0.00e+00	0.00e+00	0.00e+00	0.00e+00	0.00e+00	0.00e+00	9.81e-01	4.65e-08	3.02e-08
 7.79432e+22	9.81e-01	1.90e-02	2.14e-06	0.00e+00	0.00e+00	0.00e+00	0.00e+00	0.00e+00	0.00e+00	9.81e-01	4.63e-08	3.00e-08
 7.79652e+22	9.81e-01	1.87e-02	2.09e-06	0.00e+00	0.00e+00	0.00e+00	0.00e+00	0.00e+00	0.00e+00	9.81e-01	4.61e-08	2.99e-08
 7.79852e+22	9.82e-01	1.83e-02	2.04e-06	0.00e+00	0.00e+00	0.00e+00	0.00e+00	0.00e+00	0.00e+00	9.82e-01	4.54e-08	2.95e-08
 7.80033e+22	9.82e-01	1.81e-02	2.01e-06	0.00e+00	0.00e+00	0.00e+00	0.00e+00	0.00e+00	0.00e+00	9.82e-01	4.52e-08	2.94e-08
 7.80233e+22	9.82e-01	1.79e-02	1.97e-06	0.00e+00	0.00e+00	0.00e+00	0.00e+00	0.00e+00	0.00e+00	9.82e-01	4.48e-08	2.91e-08
 7.80492e+22	9.82e-01	1.75e-02	1.92e-06	0.00e+00	0.00e+00	0.00e+00	0.00e+00	0.00e+00	0.00e+00	9.82e-01	4.42e-08	2.88e-08
 7.80772e+22	9.83e-01	1.72e-02	1.87e-06	0.00e+00	0.00e+00	0.00e+00	0.00e+00	0.00e+00	0.00e+00	9.83e-01	4.37e-08	2.85e-08
 7.81027e+22	9.83e-01	1.69e-02	1.82e-06	0.00e+00	0.00e+00	0.00e+00	0.00e+00	0.00e+00	0.00e+00	9.83e-01	4.32e-08	2.80e-08
 7.81258e+22	9.83e-01	1.66e-02	1.78e-06	0.00e+00	0.00e+00	0.00e+00	0.00e+00	0.00e+00	0.00e+00	9.83e-01	4.27e-08	2.77e-08
 7.81469e+22	9.84e-01	1.63e-02	1.74e-06	0.00e+00	0.00e+00	0.00e+00	0.00e+00	0.00e+00	0.00e+00	9.84e-01	4.22e-08	2.73e-08
 7.81661e+22	9.84e-01	1.62e-02	1.72e-06	0.00e+00	0.00e+00	0.00e+00	0.00e+00	0.00e+00	0.00e+00	9.84e-01	4.20e-08	2.71e-08
 7.81872e+22	9.84e-01	1.59e-02	1.68e-06	0.00e+00	0.00e+00	0.00e+00	0.00e+00	0.00e+00	0.00e+00	9.84e-01	4.16e-08	2.68e-08
 7.82099e+22	9.84e-01	1.57e-02	1.65e-06	0.00e+00	0.00e+00	0.00e+00	0.00e+00	0.00e+00	0.00e+00	9.84e-01	4.12e-08	2.65e-08
 7.82347e+22	9.85e-01	1.54e-02	1.61e-06	0.00e+00	0.00e+00	0.00e+00	0.00e+00	0.00e+00	0.00e+00	9.85e-01	4.07e-08	2.61e-08
 7.82616e+22	9.85e-01	1.51e-02	1.57e-06	0.00e+00	0.00e+00	0.00e+00	0.00e+00	0.00e+00	0.00e+00	9.85e-01	4.02e-08	2.58e-08
 7.82860e+22	9.85e-01	1.49e-02	1.54e-06	0.00e+00	0.00e+00	0.00e+00	0.00e+00	0.00e+00	0.00e+00	9.85e-01	3.99e-08	2.55e-08
 7.83128e+22	9.85e-01	1.46e-02	1.50e-06	0.00e+00	0.00e+00	0.00e+00	0.00e+00	0.00e+00	0.00e+00	9.85e-01	3.94e-08	2.51e-08
 7.83417e+22	9.86e-01	1.43e-02	1.47e-06	0.00e+00	0.00e+00	0.00e+00	0.00e+00	0.00e+00	0.00e+00	9.86e-01	3.89e-08	2.47e-08
 7.83680e+22	9.86e-01	1.41e-02	1.44e-06	0.00e+00	0.00e+00	0.00e+00	0.00e+00	0.00e+00	0.00e+00	9.86e-01	3.85e-08	2.44e-08
 7.83920e+22	9.86e-01	1.38e-02	1.41e-06	0.00e+00	0.00e+00	0.00e+00	0.00e+00	0.00e+00	0.00e+00	9.86e-01	3.79e-08	2.40e-08
 7.84138e+22	9.86e-01	1.37e-02	1.39e-06	0.00e+00	0.00e+00	0.00e+00	0.00e+00	0.00e+00	0.00e+00	9.86e-01	3.76e-08	2.38e-08
 7.84377e+22	9.87e-01	1.34e-02	1.36e-06	0.00e+00	0.00e+00	0.00e+00	0.00e+00	0.00e+00	0.00e+00	9.87e-01	3.72e-08	2.34e-08
